timestamp,city,aqi,weather_icon,wind_speed,humidity,__source_file
2025-01-21 19:53:00.334139+07:00,Nha Trang,61,/dl/web/weather/ic-w-04-scattered-clouds-full.svg,13.0 km/h,79%,aqi_nha-trang_2025_jan.csv
2025-01-21 20:05:59.306634+07:00,Nha Trang,61,/dl/web/weather/ic-w-11-night-few-clouds-full.svg,10.9 km/h,81%,aqi_nha-trang_2025_jan.csv
2025-01-21 21:02:36.618866+07:00,Nha Trang,61,/dl/web/weather/ic-w-11-night-few-clouds-full.svg,10.9 km/h,81%,aqi_nha-trang_2025_jan.csv
2025-01-21 22:02:34.455910+07:00,Nha Trang,61,/dl/web/weather/ic-w-11-night-few-clouds-full.svg,9.2 km/h,83%,aqi_nha-trang_2025_jan.csv
2025-01-21 23:02:33.804102+07:00,Nha Trang,62,/dl/web/weather/ic-w-11-night-few-clouds-full.svg,9.3 km/h,85%,aqi_nha-trang_2025_jan.csv
2025-01-22 00:02:30.249361+07:00,Nha Trang,62,/dl/web/weather/ic-w-11-night-few-clouds-full.svg,8.4 km/h,88%,aqi_nha-trang_2025_jan.csv
2025-01-22 01:02:31.501768+07:00,Nha Trang,62,/dl/web/weather/ic-w-04-scattered-clouds-full.svg,7.7 km/h,89%,aqi_nha-trang_2025_jan.csv
2025-01-22 02:02:23.696872+07:00,Nha Trang,68,/dl/web/weather/ic-w-04-scattered-clouds-full.svg,8.0 km/h,91%,aqi_nha-trang_2025_jan.csv
2025-01-22 03:02:20.979675+07:00,Nha Trang,68,/dl/web/weather/ic-w-04-scattered-clouds-full.svg,8.5 km/h,92%,aqi_nha-trang_2025_jan.csv
2025-01-22 04:02:24.981480+07:00,Nha Trang,68,/dl/web/weather/ic-w-04-scattered-clouds-full.svg,7.9 km/h,92%,aqi_nha-trang_2025_jan.csv
2025-01-22 05:02:17.921422+07:00,Nha Trang,68,/dl/web/weather/ic-w-04-scattered-clouds-full.svg,8.5 km/h,92%,aqi_nha-trang_2025_jan.csv
2025-01-22 06:02:11.706903+07:00,Nha Trang,68,/dl/web/weather/ic-w-04-scattered-clouds-full.svg,8.9 km/h,92%,aqi_nha-trang_2025_jan.csv
2025-01-22 07:05:02.090776+07:00,Nha Trang,68,/dl/web/weather/ic-w-04-scattered-clouds-full.svg,7.2 km/h,89%,aqi_nha-trang_2025_jan.csv
2025-01-22 11:02:26.223621+07:00,Nha Trang,66,/dl/web/weather/ic-w-04-scattered-clouds-full.svg,10.1 km/h,67%,aqi_nha-trang_2025_jan.csv
2025-01-22 12:02:26.208009+07:00,Nha Trang,66,/dl/web/weather/ic-w-04-scattered-clouds-full.svg,13.0 km/h,65%,aqi_nha-trang_2025_jan.csv
2025-01-22 13:02:41.112290+07:00,Nha Trang,66,/dl/web/weather/ic-w-04-scattered-clouds-full.svg,15.8 km/h,64%,aqi_nha-trang_2025_jan.csv
2025-01-22 14:02:25.327322+07:00,Nha Trang,57,/dl/web/weather/ic-w-04-scattered-clouds-full.svg,17.1 km/h,63%,aqi_nha-trang_2025_jan.csv
2025-01-22 15:02:32.109612+07:00,Nha Trang,57,/dl/web/weather/ic-w-04-scattered-clouds-full.svg,17.9 km/h,62%,aqi_nha-trang_2025_jan.csv
2025-01-22 16:02:25.851432+07:00,Nha Trang,57,/dl/web/weather/ic-w-02-new-clouds-full.svg,18.5 km/h,65%,aqi_nha-trang_2025_jan.csv
2025-01-22 17:02:12.898916+07:00,Nha Trang,57,/dl/web/weather/ic-w-02-new-clouds-full.svg,18.5 km/h,69%,aqi_nha-trang_2025_jan.csv
2025-01-22 18:02:00.017732+07:00,Nha Trang,57,/dl/web/weather/ic-w-04-scattered-clouds-full.svg,16.9 km/h,77%,aqi_nha-trang_2025_jan.csv
2025-01-22 19:02:31.949346+07:00,Nha Trang,57,/dl/web/weather/ic-w-04-scattered-clouds-full.svg,14.3 km/h,83%,aqi_nha-trang_2025_jan.csv
2025-01-22 20:05:58.224241+07:00,Nha Trang,57,/dl/web/weather/ic-w-04-scattered-clouds-full.svg,11.1 km/h,87%,aqi_nha-trang_2025_jan.csv
2025-01-22 21:02:17.890927+07:00,Nha Trang,57,/dl/web/weather/ic-w-04-scattered-clouds-full.svg,11.1 km/h,87%,aqi_nha-trang_2025_jan.csv
2025-01-22 22:02:12.375985+07:00,Nha Trang,57,/dl/web/weather/ic-w-04-scattered-clouds-full.svg,9.8 km/h,88%,aqi_nha-trang_2025_jan.csv
2025-01-22 23:02:16.987858+07:00,Nha Trang,59,/dl/web/weather/ic-w-04-scattered-clouds-full.svg,9.5 km/h,91%,aqi_nha-trang_2025_jan.csv
2025-01-23 00:02:38.272783+07:00,Nha Trang,59,/dl/web/weather/ic-w-04-scattered-clouds-full.svg,9.2 km/h,93%,aqi_nha-trang_2025_jan.csv
2025-01-23 01:02:18.816776+07:00,Nha Trang,59,/dl/web/weather/ic-w-04-scattered-clouds-full.svg,8.4 km/h,94%,aqi_nha-trang_2025_jan.csv
2025-01-23 02:02:17.619002+07:00,Nha Trang,60,/dl/web/weather/ic-w-04-scattered-clouds-full.svg,7.7 km/h,94%,aqi_nha-trang_2025_jan.csv
2025-01-23 03:02:21.115341+07:00,Nha Trang,60,/dl/web/weather/ic-w-04-scattered-clouds-full.svg,7.7 km/h,93%,aqi_nha-trang_2025_jan.csv
2025-01-23 04:02:09.672921+07:00,Nha Trang,60,/dl/web/weather/ic-w-04-scattered-clouds-full.svg,8.2 km/h,92%,aqi_nha-trang_2025_jan.csv
2025-01-23 05:02:22.692103+07:00,Nha Trang,60,/dl/web/weather/ic-w-04-scattered-clouds-full.svg,8.7 km/h,90%,aqi_nha-trang_2025_jan.csv
2025-01-23 06:02:19.030733+07:00,Nha Trang,60,/dl/web/weather/ic-w-04-scattered-clouds-full.svg,9.2 km/h,88%,aqi_nha-trang_2025_jan.csv
2025-01-23 07:04:53.023377+07:00,Nha Trang,60,/dl/web/weather/ic-w-04-scattered-clouds-full.svg,8.0 km/h,80%,aqi_nha-trang_2025_jan.csv
2025-01-23 08:28:44.978526+07:00,Nha Trang,62,/dl/web/weather/ic-w-02-new-clouds-full.svg,7.4 km/h,72%,aqi_nha-trang_2025_jan.csv
2025-01-23 10:02:54.993764+07:00,Nha Trang,62,/dl/web/weather/ic-w-04-scattered-clouds-full.svg,5.8 km/h,66%,aqi_nha-trang_2025_jan.csv
2025-01-23 11:02:09.559449+07:00,Nha Trang,57,/dl/web/weather/ic-w-04-scattered-clouds-full.svg,6.0 km/h,64%,aqi_nha-trang_2025_jan.csv
2025-01-23 12:02:06.333919+07:00,Nha Trang,57,/dl/web/weather/ic-w-04-scattered-clouds-full.svg,11.3 km/h,68%,aqi_nha-trang_2025_jan.csv
2025-01-23 13:02:15.667112+07:00,Nha Trang,57,/dl/web/weather/ic-w-04-scattered-clouds-full.svg,13.4 km/h,71%,aqi_nha-trang_2025_jan.csv
2025-01-23 14:02:11.500172+07:00,Nha Trang,61,/dl/web/weather/ic-w-04-scattered-clouds-full.svg,14.3 km/h,73%,aqi_nha-trang_2025_jan.csv
2025-01-23 15:02:09.250802+07:00,Nha Trang,61,/dl/web/weather/ic-w-04-scattered-clouds-full.svg,15.1 km/h,75%,aqi_nha-trang_2025_jan.csv
2025-01-23 16:02:13.453268+07:00,Nha Trang,61,/dl/web/weather/ic-w-04-scattered-clouds-full.svg,14.0 km/h,77%,aqi_nha-trang_2025_jan.csv
2025-01-23 17:02:29.298197+07:00,Nha Trang,64,/dl/web/weather/ic-w-04-scattered-clouds-full.svg,13.4 km/h,78%,aqi_nha-trang_2025_jan.csv
2025-01-23 18:01:57.853621+07:00,Nha Trang,64,/dl/web/weather/ic-w-04-scattered-clouds-full.svg,12.1 km/h,82%,aqi_nha-trang_2025_jan.csv
2025-01-23 19:02:22.483017+07:00,Nha Trang,64,/dl/web/weather/ic-w-04-scattered-clouds-full.svg,10.0 km/h,87%,aqi_nha-trang_2025_jan.csv
2025-01-23 20:05:41.545638+07:00,Nha Trang,69,/dl/web/weather/ic-w-04-scattered-clouds-full.svg,6.6 km/h,88%,aqi_nha-trang_2025_jan.csv
2025-01-23 21:02:23.924483+07:00,Nha Trang,69,/dl/web/weather/ic-w-04-scattered-clouds-full.svg,6.6 km/h,88%,aqi_nha-trang_2025_jan.csv
2025-01-23 22:02:18.862206+07:00,Nha Trang,69,/dl/web/weather/ic-w-04-scattered-clouds-full.svg,5.8 km/h,89%,aqi_nha-trang_2025_jan.csv
2025-01-23 23:02:19.209911+07:00,Nha Trang,72,/dl/web/weather/ic-w-04-scattered-clouds-full.svg,6.0 km/h,90%,aqi_nha-trang_2025_jan.csv
2025-01-24 00:02:29.713405+07:00,Nha Trang,72,/dl/web/weather/ic-w-04-scattered-clouds-full.svg,5.8 km/h,90%,aqi_nha-trang_2025_jan.csv
2025-01-24 01:02:17.801644+07:00,Nha Trang,72,/dl/web/weather/ic-w-04-scattered-clouds-full.svg,6.4 km/h,91%,aqi_nha-trang_2025_jan.csv
2025-01-24 02:02:05.350632+07:00,Nha Trang,71,/dl/web/weather/ic-w-04-scattered-clouds-full.svg,6.0 km/h,92%,aqi_nha-trang_2025_jan.csv
2025-01-24 03:02:09.331530+07:00,Nha Trang,71,/dl/web/weather/ic-w-04-scattered-clouds-full.svg,5.6 km/h,92%,aqi_nha-trang_2025_jan.csv
2025-01-24 04:02:05.476870+07:00,Nha Trang,71,/dl/web/weather/ic-w-04-scattered-clouds-full.svg,6.8 km/h,92%,aqi_nha-trang_2025_jan.csv
2025-01-24 05:02:02.893763+07:00,Nha Trang,66,/dl/web/weather/ic-w-04-scattered-clouds-full.svg,6.4 km/h,92%,aqi_nha-trang_2025_jan.csv
2025-01-24 06:02:06.736540+07:00,Nha Trang,66,/dl/web/weather/ic-w-04-scattered-clouds-full.svg,6.9 km/h,92%,aqi_nha-trang_2025_jan.csv
2025-01-24 07:04:44.103427+07:00,Nha Trang,66,/dl/web/weather/ic-w-04-scattered-clouds-full.svg,5.5 km/h,89%,aqi_nha-trang_2025_jan.csv
2025-01-24 08:28:43.686324+07:00,Nha Trang,66,/dl/web/weather/ic-w-04-scattered-clouds-full.svg,5.3 km/h,83%,aqi_nha-trang_2025_jan.csv
2025-01-24 09:21:50.490553+07:00,Nha Trang,66,/dl/web/weather/ic-w-04-scattered-clouds-full.svg,4.5 km/h,77%,aqi_nha-trang_2025_jan.csv
2025-01-24 10:03:07.155834+07:00,Nha Trang,66,/dl/web/weather/ic-w-04-scattered-clouds-full.svg,4.5 km/h,77%,aqi_nha-trang_2025_jan.csv
2025-01-24 11:02:14.849065+07:00,Nha Trang,67,/dl/web/weather/ic-w-04-scattered-clouds-full.svg,5.0 km/h,75%,aqi_nha-trang_2025_jan.csv
2025-01-24 12:01:54.586757+07:00,Nha Trang,67,/dl/web/weather/ic-w-04-scattered-clouds-full.svg,7.2 km/h,72%,aqi_nha-trang_2025_jan.csv
2025-01-24 13:02:16.165797+07:00,Nha Trang,67,/dl/web/weather/ic-w-04-scattered-clouds-full.svg,10.3 km/h,70%,aqi_nha-trang_2025_jan.csv
2025-01-24 14:02:12.033953+07:00,Nha Trang,66,/dl/web/weather/ic-w-04-scattered-clouds-full.svg,12.7 km/h,71%,aqi_nha-trang_2025_jan.csv
2025-01-24 15:02:18.102904+07:00,Nha Trang,66,/dl/web/weather/ic-w-04-scattered-clouds-full.svg,12.4 km/h,74%,aqi_nha-trang_2025_jan.csv
2025-01-24 16:02:12.611135+07:00,Nha Trang,66,/dl/web/weather/ic-w-04-scattered-clouds-full.svg,11.4 km/h,76%,aqi_nha-trang_2025_jan.csv
2025-01-24 17:02:07.296269+07:00,Nha Trang,71,/dl/web/weather/ic-w-04-scattered-clouds-full.svg,11.1 km/h,78%,aqi_nha-trang_2025_jan.csv
2025-01-24 18:02:09.411683+07:00,Nha Trang,71,/dl/web/weather/ic-w-04-scattered-clouds-full.svg,9.3 km/h,83%,aqi_nha-trang_2025_jan.csv
2025-01-24 19:02:29.443598+07:00,Nha Trang,71,/dl/web/weather/ic-w-04-scattered-clouds-full.svg,6.8 km/h,86%,aqi_nha-trang_2025_jan.csv
2025-01-24 20:05:12.501002+07:00,Nha Trang,71,/dl/web/weather/ic-w-04-scattered-clouds-full.svg,5.8 km/h,88%,aqi_nha-trang_2025_jan.csv
2025-01-24 21:02:10.865146+07:00,Nha Trang,71,/dl/web/weather/ic-w-04-scattered-clouds-full.svg,5.8 km/h,88%,aqi_nha-trang_2025_jan.csv
2025-01-24 22:02:14.883405+07:00,Nha Trang,71,/dl/web/weather/ic-w-04-scattered-clouds-full.svg,4.8 km/h,89%,aqi_nha-trang_2025_jan.csv
2025-01-24 23:02:13.467491+07:00,Nha Trang,73,/dl/web/weather/ic-w-04-scattered-clouds-full.svg,4.2 km/h,90%,aqi_nha-trang_2025_jan.csv
2025-01-25 00:02:00.108824+07:00,Nha Trang,73,/dl/web/weather/ic-w-04-scattered-clouds-full.svg,4.5 km/h,90%,aqi_nha-trang_2025_jan.csv
2025-01-25 01:02:18.460451+07:00,Nha Trang,73,/dl/web/weather/ic-w-04-scattered-clouds-full.svg,5.0 km/h,91%,aqi_nha-trang_2025_jan.csv
2025-01-25 02:02:08.447324+07:00,Nha Trang,74,/dl/web/weather/ic-w-04-scattered-clouds-full.svg,6.6 km/h,92%,aqi_nha-trang_2025_jan.csv
2025-01-25 03:02:09.560962+07:00,Nha Trang,74,/dl/web/weather/ic-w-04-scattered-clouds-full.svg,6.4 km/h,92%,aqi_nha-trang_2025_jan.csv
2025-01-25 04:02:02.979067+07:00,Nha Trang,74,/dl/web/weather/ic-w-04-scattered-clouds-full.svg,5.6 km/h,93%,aqi_nha-trang_2025_jan.csv
2025-01-25 05:02:16.476868+07:00,Nha Trang,72,/dl/web/weather/ic-w-04-scattered-clouds-full.svg,4.8 km/h,93%,aqi_nha-trang_2025_jan.csv
2025-01-25 06:02:08.967921+07:00,Nha Trang,72,/dl/web/weather/ic-w-04-scattered-clouds-full.svg,4.8 km/h,93%,aqi_nha-trang_2025_jan.csv
2025-01-25 07:04:47.878146+07:00,Nha Trang,72,/dl/web/weather/ic-w-04-scattered-clouds-full.svg,6.1 km/h,90%,aqi_nha-trang_2025_jan.csv
2025-01-25 08:28:34.226308+07:00,Nha Trang,71,/dl/web/weather/ic-w-04-scattered-clouds-full.svg,7.2 km/h,85%,aqi_nha-trang_2025_jan.csv
2025-01-25 09:17:58.662826+07:00,Nha Trang,71,/dl/web/weather/ic-w-04-scattered-clouds-full.svg,6.0 km/h,78%,aqi_nha-trang_2025_jan.csv
2025-01-25 10:01:56.289784+07:00,Nha Trang,71,/dl/web/weather/ic-w-04-scattered-clouds-full.svg,6.0 km/h,78%,aqi_nha-trang_2025_jan.csv
2025-01-25 11:02:10.687716+07:00,Nha Trang,67,/dl/web/weather/ic-w-04-scattered-clouds-full.svg,5.8 km/h,73%,aqi_nha-trang_2025_jan.csv
2025-01-25 12:01:59.587007+07:00,Nha Trang,67,/dl/web/weather/ic-w-04-scattered-clouds-full.svg,9.2 km/h,71%,aqi_nha-trang_2025_jan.csv
2025-01-25 13:02:16.910234+07:00,Nha Trang,67,/dl/web/weather/ic-w-04-scattered-clouds-full.svg,11.6 km/h,76%,aqi_nha-trang_2025_jan.csv
2025-01-25 14:02:09.763908+07:00,Nha Trang,64,/dl/web/weather/ic-w-04-scattered-clouds-full.svg,11.1 km/h,77%,aqi_nha-trang_2025_jan.csv
2025-01-25 15:02:13.035889+07:00,Nha Trang,64,/dl/web/weather/ic-w-04-scattered-clouds-full.svg,11.3 km/h,78%,aqi_nha-trang_2025_jan.csv
2025-01-25 16:02:10.672256+07:00,Nha Trang,64,/dl/web/weather/ic-w-04-scattered-clouds-full.svg,11.7 km/h,78%,aqi_nha-trang_2025_jan.csv
2025-01-25 17:01:48.893391+07:00,Nha Trang,70,/dl/web/weather/ic-w-04-scattered-clouds-full.svg,11.7 km/h,79%,aqi_nha-trang_2025_jan.csv
2025-01-25 18:02:03.027108+07:00,Nha Trang,70,/dl/web/weather/ic-w-04-scattered-clouds-full.svg,10.0 km/h,85%,aqi_nha-trang_2025_jan.csv
2025-01-25 19:02:06.497023+07:00,Nha Trang,70,/dl/web/weather/ic-w-04-scattered-clouds-full.svg,8.5 km/h,91%,aqi_nha-trang_2025_jan.csv
2025-01-25 20:03:46.082113+07:00,Nha Trang,72,/dl/web/weather/ic-w-04-scattered-clouds-full.svg,6.8 km/h,93%,aqi_nha-trang_2025_jan.csv
2025-01-25 21:01:57.078531+07:00,Nha Trang,72,/dl/web/weather/ic-w-04-scattered-clouds-full.svg,6.3 km/h,92%,aqi_nha-trang_2025_jan.csv
2025-01-25 22:01:55.051150+07:00,Nha Trang,72,/dl/web/weather/ic-w-04-scattered-clouds-full.svg,7.4 km/h,92%,aqi_nha-trang_2025_jan.csv
2025-01-25 23:01:58.934167+07:00,Nha Trang,73,/dl/web/weather/ic-w-04-scattered-clouds-full.svg,8.0 km/h,93%,aqi_nha-trang_2025_jan.csv
2025-01-26 00:01:46.383574+07:00,Nha Trang,73,/dl/web/weather/ic-w-04-scattered-clouds-full.svg,8.7 km/h,94%,aqi_nha-trang_2025_jan.csv
2025-01-26 01:01:57.501658+07:00,Nha Trang,73,/dl/web/weather/ic-w-04-scattered-clouds-full.svg,8.5 km/h,93%,aqi_nha-trang_2025_jan.csv
2025-01-26 02:01:46.837624+07:00,Nha Trang,70,/dl/web/weather/ic-w-04-scattered-clouds-full.svg,8.0 km/h,93%,aqi_nha-trang_2025_jan.csv
2025-01-26 03:01:53.210756+07:00,Nha Trang,70,/dl/web/weather/ic-w-04-scattered-clouds-full.svg,7.7 km/h,92%,aqi_nha-trang_2025_jan.csv
2025-01-26 04:01:44.918511+07:00,Nha Trang,70,/dl/web/weather/ic-w-04-scattered-clouds-full.svg,7.6 km/h,91%,aqi_nha-trang_2025_jan.csv
2025-01-26 05:02:21.893674+07:00,Nha Trang,70,/dl/web/weather/ic-w-04-scattered-clouds-full.svg,7.9 km/h,90%,aqi_nha-trang_2025_jan.csv
2025-01-26 06:01:59.559232+07:00,Nha Trang,70,/dl/web/weather/ic-w-04-scattered-clouds-full.svg,7.7 km/h,90%,aqi_nha-trang_2025_jan.csv
2025-01-26 07:04:48.560535+07:00,Nha Trang,70,/dl/web/weather/ic-w-04-scattered-clouds-full.svg,8.9 km/h,89%,aqi_nha-trang_2025_jan.csv
2025-01-26 08:29:05.152796+07:00,Nha Trang,67,/dl/web/weather/ic-w-04-scattered-clouds-full.svg,9.5 km/h,85%,aqi_nha-trang_2025_jan.csv
2025-01-26 09:23:27.452315+07:00,Nha Trang,67,/dl/web/weather/ic-w-04-scattered-clouds-full.svg,10.1 km/h,79%,aqi_nha-trang_2025_jan.csv
2025-01-26 10:03:37.191965+07:00,Nha Trang,67,/dl/web/weather/ic-w-04-scattered-clouds-full.svg,10.1 km/h,79%,aqi_nha-trang_2025_jan.csv
2025-01-26 11:02:07.290389+07:00,Nha Trang,66,/dl/web/weather/ic-w-04-scattered-clouds-full.svg,13.4 km/h,74%,aqi_nha-trang_2025_jan.csv
2025-01-26 12:02:01.937392+07:00,Nha Trang,66,/dl/web/weather/ic-w-04-scattered-clouds-full.svg,18.3 km/h,67%,aqi_nha-trang_2025_jan.csv
2025-01-26 13:02:02.901471+07:00,Nha Trang,66,/dl/web/weather/ic-w-04-scattered-clouds-full.svg,23.2 km/h,65%,aqi_nha-trang_2025_jan.csv
2025-01-26 14:02:00.117649+07:00,Nha Trang,65,/dl/web/weather/ic-w-04-scattered-clouds-full.svg,22.2 km/h,66%,aqi_nha-trang_2025_jan.csv
2025-01-26 15:01:58.580239+07:00,Nha Trang,65,/dl/web/weather/ic-w-04-scattered-clouds-full.svg,23.0 km/h,64%,aqi_nha-trang_2025_jan.csv
2025-01-26 16:01:58.755640+07:00,Nha Trang,65,/dl/web/weather/ic-w-04-scattered-clouds-full.svg,22.5 km/h,63%,aqi_nha-trang_2025_jan.csv
2025-01-26 17:02:07.635054+07:00,Nha Trang,58,/dl/web/weather/ic-w-04-scattered-clouds-full.svg,23.7 km/h,67%,aqi_nha-trang_2025_jan.csv
2025-01-26 18:01:57.939532+07:00,Nha Trang,58,/dl/web/weather/ic-w-04-scattered-clouds-full.svg,21.9 km/h,72%,aqi_nha-trang_2025_jan.csv
2025-01-26 19:02:14.263618+07:00,Nha Trang,58,/dl/web/weather/ic-w-04-scattered-clouds-full.svg,16.6 km/h,76%,aqi_nha-trang_2025_jan.csv
2025-01-26 20:03:40.698326+07:00,Nha Trang,57,/dl/web/weather/ic-w-04-scattered-clouds-full.svg,15.1 km/h,78%,aqi_nha-trang_2025_jan.csv
2025-01-26 21:01:53.450805+07:00,Nha Trang,57,/dl/web/weather/ic-w-04-scattered-clouds-full.svg,15.8 km/h,79%,aqi_nha-trang_2025_jan.csv
2025-01-26 22:01:58.071901+07:00,Nha Trang,57,/dl/web/weather/ic-w-04-scattered-clouds-full.svg,13.8 km/h,81%,aqi_nha-trang_2025_jan.csv
2025-01-26 23:02:05.625079+07:00,Nha Trang,57,/dl/web/weather/ic-w-04-scattered-clouds-full.svg,13.0 km/h,82%,aqi_nha-trang_2025_jan.csv
2025-01-27 00:02:08.776894+07:00,Nha Trang,57,/dl/web/weather/ic-w-04-scattered-clouds-full.svg,12.6 km/h,83%,aqi_nha-trang_2025_jan.csv
2025-01-27 01:02:16.956573+07:00,Nha Trang,57,/dl/web/weather/ic-w-04-scattered-clouds-full.svg,14.0 km/h,83%,aqi_nha-trang_2025_jan.csv
2025-01-27 02:02:09.070612+07:00,Nha Trang,58,/dl/web/weather/ic-w-04-scattered-clouds-full.svg,14.2 km/h,85%,aqi_nha-trang_2025_jan.csv
2025-01-27 03:01:57.673432+07:00,Nha Trang,58,/dl/web/weather/ic-w-04-scattered-clouds-full.svg,13.0 km/h,85%,aqi_nha-trang_2025_jan.csv
2025-01-27 04:02:02.080133+07:00,Nha Trang,58,/dl/web/weather/ic-w-04-scattered-clouds-full.svg,14.0 km/h,85%,aqi_nha-trang_2025_jan.csv
2025-01-27 05:01:51.882106+07:00,Nha Trang,58,/dl/web/weather/ic-w-04-scattered-clouds-full.svg,13.7 km/h,85%,aqi_nha-trang_2025_jan.csv
2025-01-27 06:02:05.716430+07:00,Nha Trang,58,/dl/web/weather/ic-w-04-scattered-clouds-full.svg,14.3 km/h,85%,aqi_nha-trang_2025_jan.csv
2025-01-27 07:04:47.551521+07:00,Nha Trang,58,/dl/web/weather/ic-w-04-scattered-clouds-full.svg,15.1 km/h,85%,aqi_nha-trang_2025_jan.csv
2025-01-27 08:28:58.488623+07:00,Nha Trang,61,/dl/web/weather/ic-w-04-scattered-clouds-full.svg,18.3 km/h,84%,aqi_nha-trang_2025_jan.csv
2025-01-27 09:23:09.447589+07:00,Nha Trang,61,/dl/web/weather/ic-w-04-scattered-clouds-full.svg,23.5 km/h,82%,aqi_nha-trang_2025_jan.csv
2025-01-27 10:03:40.710908+07:00,Nha Trang,61,/dl/web/weather/ic-w-04-scattered-clouds-full.svg,23.5 km/h,82%,aqi_nha-trang_2025_jan.csv
2025-01-27 11:02:14.127390+07:00,Nha Trang,58,/dl/web/weather/ic-w-04-scattered-clouds-full.svg,25.1 km/h,80%,aqi_nha-trang_2025_jan.csv
2025-01-27 12:02:14.104386+07:00,Nha Trang,58,/dl/web/weather/ic-w-04-scattered-clouds-full.svg,27.0 km/h,78%,aqi_nha-trang_2025_jan.csv
2025-01-27 13:02:24.612183+07:00,Nha Trang,58,/dl/web/weather/ic-w-04-scattered-clouds-full.svg,29.6 km/h,75%,aqi_nha-trang_2025_jan.csv
2025-01-27 14:02:01.992938+07:00,Nha Trang,58,/dl/web/weather/ic-w-04-scattered-clouds-full.svg,29.8 km/h,74%,aqi_nha-trang_2025_jan.csv
2025-01-27 15:02:17.020995+07:00,Nha Trang,58,/dl/web/weather/ic-w-04-scattered-clouds-full.svg,29.1 km/h,70%,aqi_nha-trang_2025_jan.csv
2025-01-27 16:02:06.034248+07:00,Nha Trang,58,/dl/web/weather/ic-w-04-scattered-clouds-full.svg,27.0 km/h,71%,aqi_nha-trang_2025_jan.csv
2025-01-27 17:02:12.919036+07:00,Nha Trang,59,/dl/web/weather/ic-w-04-scattered-clouds-full.svg,23.8 km/h,74%,aqi_nha-trang_2025_jan.csv
2025-01-27 18:01:59.140975+07:00,Nha Trang,59,/dl/web/weather/ic-w-04-scattered-clouds-full.svg,19.6 km/h,77%,aqi_nha-trang_2025_jan.csv
2025-01-27 19:02:30.012906+07:00,Nha Trang,59,/dl/web/weather/ic-w-04-scattered-clouds-full.svg,20.4 km/h,83%,aqi_nha-trang_2025_jan.csv
2025-01-27 20:05:36.271561+07:00,Nha Trang,59,/dl/web/weather/ic-w-04-scattered-clouds-full.svg,18.3 km/h,88%,aqi_nha-trang_2025_jan.csv
2025-01-27 21:02:26.322478+07:00,Nha Trang,59,/dl/web/weather/ic-w-04-scattered-clouds-full.svg,18.3 km/h,88%,aqi_nha-trang_2025_jan.csv
2025-01-27 22:02:15.578500+07:00,Nha Trang,59,/dl/web/weather/ic-w-04-scattered-clouds-full.svg,16.9 km/h,89%,aqi_nha-trang_2025_jan.csv
2025-01-27 23:02:11.753052+07:00,Nha Trang,59,/dl/web/weather/ic-w-04-scattered-clouds-full.svg,17.5 km/h,88%,aqi_nha-trang_2025_jan.csv
2025-01-28 00:02:16.887059+07:00,Nha Trang,59,/dl/web/weather/ic-w-04-scattered-clouds-full.svg,16.1 km/h,88%,aqi_nha-trang_2025_jan.csv
2025-01-28 01:02:24.026027+07:00,Nha Trang,59,/dl/web/weather/ic-w-04-scattered-clouds-full.svg,16.3 km/h,88%,aqi_nha-trang_2025_jan.csv
2025-01-28 02:02:02.386644+07:00,Nha Trang,59,/dl/web/weather/ic-w-04-scattered-clouds-full.svg,16.7 km/h,88%,aqi_nha-trang_2025_jan.csv
2025-01-28 03:02:17.059075+07:00,Nha Trang,59,/dl/web/weather/ic-w-04-scattered-clouds-full.svg,16.7 km/h,87%,aqi_nha-trang_2025_jan.csv
2025-01-28 04:02:15.187626+07:00,Nha Trang,59,/dl/web/weather/ic-w-04-scattered-clouds-full.svg,16.4 km/h,87%,aqi_nha-trang_2025_jan.csv
2025-01-28 05:02:11.378792+07:00,Nha Trang,59,/dl/web/weather/ic-w-04-scattered-clouds-full.svg,15.0 km/h,87%,aqi_nha-trang_2025_jan.csv
2025-01-28 06:02:02.287134+07:00,Nha Trang,59,/dl/web/weather/ic-w-04-scattered-clouds-full.svg,13.8 km/h,88%,aqi_nha-trang_2025_jan.csv
2025-01-28 07:04:46.107772+07:00,Nha Trang,59,/dl/web/weather/ic-w-04-scattered-clouds-full.svg,12.9 km/h,88%,aqi_nha-trang_2025_jan.csv
2025-01-28 08:28:42.684682+07:00,Nha Trang,58,/dl/web/weather/ic-w-04-scattered-clouds-full.svg,14.8 km/h,81%,aqi_nha-trang_2025_jan.csv
2025-01-28 09:21:19.549588+07:00,Nha Trang,58,/dl/web/weather/ic-w-04-scattered-clouds-full.svg,19.6 km/h,75%,aqi_nha-trang_2025_jan.csv
2025-01-28 10:02:46.284430+07:00,Nha Trang,58,/dl/web/weather/ic-w-04-scattered-clouds-full.svg,19.6 km/h,75%,aqi_nha-trang_2025_jan.csv
2025-01-28 11:02:14.200093+07:00,Nha Trang,59,/dl/web/weather/ic-w-04-scattered-clouds-full.svg,23.3 km/h,70%,aqi_nha-trang_2025_jan.csv
2025-01-28 12:02:12.786977+07:00,Nha Trang,59,/dl/web/weather/ic-w-04-scattered-clouds-full.svg,23.7 km/h,65%,aqi_nha-trang_2025_jan.csv
2025-01-28 13:02:14.834816+07:00,Nha Trang,59,/dl/web/weather/ic-w-04-scattered-clouds-full.svg,26.6 km/h,62%,aqi_nha-trang_2025_jan.csv
2025-01-28 14:01:56.351603+07:00,Nha Trang,60,/dl/web/weather/ic-w-04-scattered-clouds-full.svg,26.4 km/h,62%,aqi_nha-trang_2025_jan.csv
2025-01-28 15:02:11.423411+07:00,Nha Trang,60,/dl/web/weather/ic-w-04-scattered-clouds-full.svg,27.0 km/h,64%,aqi_nha-trang_2025_jan.csv
2025-01-28 16:02:23.351719+07:00,Nha Trang,60,/dl/web/weather/ic-w-04-scattered-clouds-full.svg,23.8 km/h,68%,aqi_nha-trang_2025_jan.csv
2025-01-28 17:02:04.493731+07:00,Nha Trang,59,/dl/web/weather/ic-w-04-scattered-clouds-full.svg,21.2 km/h,71%,aqi_nha-trang_2025_jan.csv
2025-01-28 18:02:05.020093+07:00,Nha Trang,59,/dl/web/weather/ic-w-04-scattered-clouds-full.svg,20.9 km/h,75%,aqi_nha-trang_2025_jan.csv
2025-01-28 19:02:23.530193+07:00,Nha Trang,59,/dl/web/weather/ic-w-04-scattered-clouds-full.svg,18.5 km/h,81%,aqi_nha-trang_2025_jan.csv
2025-01-28 20:05:32.573247+07:00,Nha Trang,58,/dl/web/weather/ic-w-04-scattered-clouds-full.svg,15.8 km/h,86%,aqi_nha-trang_2025_jan.csv
2025-01-28 21:02:16.876878+07:00,Nha Trang,58,/dl/web/weather/ic-w-04-scattered-clouds-full.svg,15.8 km/h,86%,aqi_nha-trang_2025_jan.csv
2025-01-28 22:02:11.483643+07:00,Nha Trang,58,/dl/web/weather/ic-w-04-scattered-clouds-full.svg,15.8 km/h,88%,aqi_nha-trang_2025_jan.csv
2025-01-28 23:02:13.809808+07:00,Nha Trang,58,/dl/web/weather/ic-w-04-scattered-clouds-full.svg,14.6 km/h,89%,aqi_nha-trang_2025_jan.csv
2025-01-29 00:02:04.898934+07:00,Nha Trang,58,/dl/web/weather/ic-w-04-scattered-clouds-full.svg,13.2 km/h,90%,aqi_nha-trang_2025_jan.csv
2025-01-29 01:02:20.590375+07:00,Nha Trang,58,/dl/web/weather/ic-w-04-scattered-clouds-full.svg,14.3 km/h,88%,aqi_nha-trang_2025_jan.csv
2025-01-29 02:02:17.663910+07:00,Nha Trang,57,/dl/web/weather/ic-w-04-scattered-clouds-full.svg,13.4 km/h,86%,aqi_nha-trang_2025_jan.csv
2025-01-29 03:02:11.227589+07:00,Nha Trang,57,/dl/web/weather/ic-w-04-scattered-clouds-full.svg,12.4 km/h,85%,aqi_nha-trang_2025_jan.csv
2025-01-29 04:02:07.069066+07:00,Nha Trang,57,/dl/web/weather/ic-w-04-scattered-clouds-full.svg,13.8 km/h,81%,aqi_nha-trang_2025_jan.csv
2025-01-29 05:02:10.339493+07:00,Nha Trang,57,/dl/web/weather/ic-w-04-scattered-clouds-full.svg,13.5 km/h,80%,aqi_nha-trang_2025_jan.csv
2025-01-29 06:02:15.991764+07:00,Nha Trang,57,/dl/web/weather/ic-w-04-scattered-clouds-full.svg,12.9 km/h,79%,aqi_nha-trang_2025_jan.csv
2025-01-29 07:04:46.330183+07:00,Nha Trang,57,/dl/web/weather/ic-w-04-scattered-clouds-full.svg,11.9 km/h,83%,aqi_nha-trang_2025_jan.csv
2025-01-29 08:28:43.737996+07:00,Nha Trang,57,/dl/web/weather/ic-w-04-scattered-clouds-full.svg,13.4 km/h,75%,aqi_nha-trang_2025_jan.csv
2025-01-29 09:21:04.025490+07:00,Nha Trang,57,/dl/web/weather/ic-w-04-scattered-clouds-full.svg,16.9 km/h,68%,aqi_nha-trang_2025_jan.csv
2025-01-29 10:02:44.253229+07:00,Nha Trang,57,/dl/web/weather/ic-w-04-scattered-clouds-full.svg,16.9 km/h,68%,aqi_nha-trang_2025_jan.csv
2025-01-29 11:02:00.773824+07:00,Nha Trang,57,/dl/web/weather/ic-w-04-scattered-clouds-full.svg,20.6 km/h,64%,aqi_nha-trang_2025_jan.csv
2025-01-29 12:02:04.273672+07:00,Nha Trang,57,/dl/web/weather/ic-w-04-scattered-clouds-full.svg,25.4 km/h,64%,aqi_nha-trang_2025_jan.csv
2025-01-29 13:02:14.677579+07:00,Nha Trang,57,/dl/web/weather/ic-w-04-scattered-clouds-full.svg,26.6 km/h,63%,aqi_nha-trang_2025_jan.csv
2025-01-29 14:01:59.100391+07:00,Nha Trang,56,/dl/web/weather/ic-w-04-scattered-clouds-full.svg,26.2 km/h,63%,aqi_nha-trang_2025_jan.csv
2025-01-29 15:02:16.250675+07:00,Nha Trang,56,/dl/web/weather/ic-w-04-scattered-clouds-full.svg,28.2 km/h,65%,aqi_nha-trang_2025_jan.csv
2025-01-29 16:02:09.492842+07:00,Nha Trang,56,/dl/web/weather/ic-w-04-scattered-clouds-full.svg,22.9 km/h,67%,aqi_nha-trang_2025_jan.csv
2025-01-29 17:02:20.989720+07:00,Nha Trang,56,/dl/web/weather/ic-w-04-scattered-clouds-full.svg,21.4 km/h,70%,aqi_nha-trang_2025_jan.csv
2025-01-29 18:01:58.835471+07:00,Nha Trang,56,/dl/web/weather/ic-w-04-scattered-clouds-full.svg,17.2 km/h,75%,aqi_nha-trang_2025_jan.csv
2025-01-29 19:02:22.564418+07:00,Nha Trang,56,/dl/web/weather/ic-w-11-night-few-clouds-full.svg,15.4 km/h,82%,aqi_nha-trang_2025_jan.csv
2025-01-29 20:05:42.135038+07:00,Nha Trang,63,/dl/web/weather/ic-w-11-night-few-clouds-full.svg,12.7 km/h,86%,aqi_nha-trang_2025_jan.csv
2025-01-29 21:01:58.770658+07:00,Nha Trang,63,/dl/web/weather/ic-w-11-night-few-clouds-full.svg,12.7 km/h,86%,aqi_nha-trang_2025_jan.csv
2025-01-29 22:02:07.454696+07:00,Nha Trang,63,/dl/web/weather/ic-w-04-scattered-clouds-full.svg,11.7 km/h,88%,aqi_nha-trang_2025_jan.csv
2025-01-29 23:02:18.615439+07:00,Nha Trang,68,/dl/web/weather/ic-w-04-scattered-clouds-full.svg,11.3 km/h,90%,aqi_nha-trang_2025_jan.csv
2025-01-30 00:02:24.125310+07:00,Nha Trang,68,/dl/web/weather/ic-w-04-scattered-clouds-full.svg,11.6 km/h,92%,aqi_nha-trang_2025_jan.csv
2025-01-30 01:02:13.688211+07:00,Nha Trang,68,/dl/web/weather/ic-w-04-scattered-clouds-full.svg,9.7 km/h,92%,aqi_nha-trang_2025_jan.csv
2025-01-30 02:01:44.805282+07:00,Nha Trang,67,/dl/web/weather/ic-w-04-scattered-clouds-full.svg,10.0 km/h,91%,aqi_nha-trang_2025_jan.csv
2025-01-30 03:02:12.782266+07:00,Nha Trang,67,/dl/web/weather/ic-w-04-scattered-clouds-full.svg,11.1 km/h,90%,aqi_nha-trang_2025_jan.csv
2025-01-30 04:01:59.219475+07:00,Nha Trang,67,/dl/web/weather/ic-w-04-scattered-clouds-full.svg,10.8 km/h,89%,aqi_nha-trang_2025_jan.csv
2025-01-30 05:02:10.089332+07:00,Nha Trang,66,/dl/web/weather/ic-w-04-scattered-clouds-full.svg,10.3 km/h,89%,aqi_nha-trang_2025_jan.csv
2025-01-30 06:02:15.518796+07:00,Nha Trang,66,/dl/web/weather/ic-w-04-scattered-clouds-full.svg,10.6 km/h,88%,aqi_nha-trang_2025_jan.csv
2025-01-30 07:04:32.312557+07:00,Nha Trang,66,/dl/web/weather/ic-w-04-scattered-clouds-full.svg,10.0 km/h,84%,aqi_nha-trang_2025_jan.csv
2025-01-30 08:28:33.574887+07:00,Nha Trang,66,/dl/web/weather/ic-w-04-scattered-clouds-full.svg,10.5 km/h,77%,aqi_nha-trang_2025_jan.csv
2025-01-30 09:20:09.614305+07:00,Nha Trang,66,/dl/web/weather/ic-w-04-scattered-clouds-full.svg,9.7 km/h,70%,aqi_nha-trang_2025_jan.csv
2025-01-30 10:02:18.739873+07:00,Nha Trang,66,/dl/web/weather/ic-w-04-scattered-clouds-full.svg,9.7 km/h,70%,aqi_nha-trang_2025_jan.csv
2025-01-30 11:02:11.132342+07:00,Nha Trang,65,/dl/web/weather/ic-w-04-scattered-clouds-full.svg,12.1 km/h,65%,aqi_nha-trang_2025_jan.csv
2025-01-30 12:02:02.902282+07:00,Nha Trang,65,/dl/web/weather/ic-w-04-scattered-clouds-full.svg,13.4 km/h,61%,aqi_nha-trang_2025_jan.csv
2025-01-30 13:02:19.450483+07:00,Nha Trang,65,/dl/web/weather/ic-w-04-scattered-clouds-full.svg,19.0 km/h,62%,aqi_nha-trang_2025_jan.csv
2025-01-30 14:01:58.045984+07:00,Nha Trang,66,/dl/web/weather/ic-w-04-scattered-clouds-full.svg,21.1 km/h,64%,aqi_nha-trang_2025_jan.csv
2025-01-30 15:01:58.389135+07:00,Nha Trang,66,/dl/web/weather/ic-w-04-scattered-clouds-full.svg,23.3 km/h,65%,aqi_nha-trang_2025_jan.csv
2025-01-30 16:02:06.297590+07:00,Nha Trang,66,/dl/web/weather/ic-w-04-scattered-clouds-full.svg,21.7 km/h,68%,aqi_nha-trang_2025_jan.csv
2025-01-30 17:02:14.959224+07:00,Nha Trang,66,/dl/web/weather/ic-w-04-scattered-clouds-full.svg,18.7 km/h,70%,aqi_nha-trang_2025_jan.csv
2025-01-30 18:02:06.067182+07:00,Nha Trang,66,/dl/web/weather/ic-w-04-scattered-clouds-full.svg,15.1 km/h,77%,aqi_nha-trang_2025_jan.csv
2025-01-30 19:02:16.509901+07:00,Nha Trang,66,/dl/web/weather/ic-w-04-scattered-clouds-full.svg,13.5 km/h,82%,aqi_nha-trang_2025_jan.csv
2025-01-30 20:05:29.011007+07:00,Nha Trang,68,/dl/web/weather/ic-w-04-scattered-clouds-full.svg,10.0 km/h,87%,aqi_nha-trang_2025_jan.csv
2025-01-30 21:02:00.484574+07:00,Nha Trang,68,/dl/web/weather/ic-w-04-scattered-clouds-full.svg,10.0 km/h,87%,aqi_nha-trang_2025_jan.csv
2025-01-30 22:02:09.705392+07:00,Nha Trang,68,/dl/web/weather/ic-w-04-scattered-clouds-full.svg,9.0 km/h,88%,aqi_nha-trang_2025_jan.csv
2025-01-30 23:02:11.895504+07:00,Nha Trang,69,/dl/web/weather/ic-w-04-scattered-clouds-full.svg,9.2 km/h,90%,aqi_nha-trang_2025_jan.csv
2025-01-31 00:01:58.721648+07:00,Nha Trang,69,/dl/web/weather/ic-w-04-scattered-clouds-full.svg,8.9 km/h,91%,aqi_nha-trang_2025_jan.csv
2025-01-31 01:02:22.794443+07:00,Nha Trang,69,/dl/web/weather/ic-w-04-scattered-clouds-full.svg,9.7 km/h,92%,aqi_nha-trang_2025_jan.csv
2025-01-31 02:02:05.758246+07:00,Nha Trang,69,/dl/web/weather/ic-w-04-scattered-clouds-full.svg,8.9 km/h,92%,aqi_nha-trang_2025_jan.csv
2025-01-31 03:02:13.858851+07:00,Nha Trang,69,/dl/web/weather/ic-w-04-scattered-clouds-full.svg,8.5 km/h,92%,aqi_nha-trang_2025_jan.csv
2025-01-31 04:01:56.678406+07:00,Nha Trang,69,/dl/web/weather/ic-w-04-scattered-clouds-full.svg,9.5 km/h,91%,aqi_nha-trang_2025_jan.csv
2025-01-31 05:02:03.258244+07:00,Nha Trang,69,/dl/web/weather/ic-w-04-scattered-clouds-full.svg,9.8 km/h,91%,aqi_nha-trang_2025_jan.csv
2025-01-31 06:02:20.740022+07:00,Nha Trang,69,/dl/web/weather/ic-w-04-scattered-clouds-full.svg,10.3 km/h,91%,aqi_nha-trang_2025_jan.csv
2025-01-31 07:04:41.607956+07:00,Nha Trang,69,/dl/web/weather/ic-w-04-scattered-clouds-full.svg,8.4 km/h,87%,aqi_nha-trang_2025_jan.csv
2025-01-31 08:28:50.944614+07:00,Nha Trang,63,/dl/web/weather/ic-w-04-scattered-clouds-full.svg,9.7 km/h,79%,aqi_nha-trang_2025_jan.csv
2025-01-31 09:21:27.692800+07:00,Nha Trang,63,/dl/web/weather/ic-w-04-scattered-clouds-full.svg,9.3 km/h,69%,aqi_nha-trang_2025_jan.csv
2025-01-31 10:02:36.594911+07:00,Nha Trang,63,/dl/web/weather/ic-w-04-scattered-clouds-full.svg,9.3 km/h,69%,aqi_nha-trang_2025_jan.csv
2025-01-31 11:02:17.117725+07:00,Nha Trang,65,/dl/web/weather/ic-w-04-scattered-clouds-full.svg,7.6 km/h,61%,aqi_nha-trang_2025_jan.csv
2025-01-31 12:01:59.096614+07:00,Nha Trang,65,/dl/web/weather/ic-w-04-scattered-clouds-full.svg,8.0 km/h,59%,aqi_nha-trang_2025_jan.csv
2025-01-31 13:02:10.080991+07:00,Nha Trang,65,/dl/web/weather/ic-w-04-scattered-clouds-full.svg,11.4 km/h,60%,aqi_nha-trang_2025_jan.csv
2025-01-31 14:01:52.540664+07:00,Nha Trang,67,/dl/web/weather/ic-w-04-scattered-clouds-full.svg,13.0 km/h,61%,aqi_nha-trang_2025_jan.csv
2025-01-31 15:02:12.518240+07:00,Nha Trang,67,/dl/web/weather/ic-w-04-scattered-clouds-full.svg,15.1 km/h,62%,aqi_nha-trang_2025_jan.csv
2025-01-31 16:02:00.637700+07:00,Nha Trang,67,/dl/web/weather/ic-w-04-scattered-clouds-full.svg,15.8 km/h,65%,aqi_nha-trang_2025_jan.csv
2025-01-31 17:02:01.176966+07:00,Nha Trang,66,/dl/web/weather/ic-w-04-scattered-clouds-full.svg,15.9 km/h,72%,aqi_nha-trang_2025_jan.csv
2025-01-31 18:02:06.549973+07:00,Nha Trang,66,/dl/web/weather/ic-w-04-scattered-clouds-full.svg,15.6 km/h,79%,aqi_nha-trang_2025_jan.csv
2025-01-31 19:02:13.486025+07:00,Nha Trang,66,/dl/web/weather/ic-w-04-scattered-clouds-full.svg,14.5 km/h,86%,aqi_nha-trang_2025_jan.csv
2025-01-31 20:05:07.339931+07:00,Nha Trang,69,/dl/web/weather/ic-w-04-scattered-clouds-full.svg,10.9 km/h,87%,aqi_nha-trang_2025_jan.csv
2025-01-31 21:02:12.057764+07:00,Nha Trang,69,/dl/web/weather/ic-w-04-scattered-clouds-full.svg,10.9 km/h,87%,aqi_nha-trang_2025_jan.csv
2025-01-31 22:02:32.665001+07:00,Nha Trang,69,/dl/web/weather/ic-w-04-scattered-clouds-full.svg,8.2 km/h,86%,aqi_nha-trang_2025_jan.csv
2025-01-31 23:02:19.967661+07:00,Nha Trang,71,/dl/web/weather/ic-w-04-scattered-clouds-full.svg,6.6 km/h,87%,aqi_nha-trang_2025_jan.csv
2025-02-01 00:02:04.808670+07:00,Nha Trang,71,/dl/web/weather/ic-w-04-scattered-clouds-full.svg,7.2 km/h,88%,aqi_nha-trang_2025_feb.csv
2025-02-01 01:02:06.936997+07:00,Nha Trang,71,/dl/web/weather/ic-w-04-scattered-clouds-full.svg,6.4 km/h,89%,aqi_nha-trang_2025_feb.csv
2025-02-01 02:01:53.701385+07:00,Nha Trang,70,/dl/web/weather/ic-w-04-scattered-clouds-full.svg,6.4 km/h,90%,aqi_nha-trang_2025_feb.csv
2025-02-01 03:02:04.963298+07:00,Nha Trang,70,/dl/web/weather/ic-w-04-scattered-clouds-full.svg,7.9 km/h,90%,aqi_nha-trang_2025_feb.csv
2025-02-01 04:01:54.962373+07:00,Nha Trang,70,/dl/web/weather/ic-w-04-scattered-clouds-full.svg,9.2 km/h,91%,aqi_nha-trang_2025_feb.csv
2025-02-01 05:02:11.287407+07:00,Nha Trang,68,/dl/web/weather/ic-w-04-scattered-clouds-full.svg,8.7 km/h,90%,aqi_nha-trang_2025_feb.csv
2025-02-01 06:01:53.798206+07:00,Nha Trang,68,/dl/web/weather/ic-w-04-scattered-clouds-full.svg,8.2 km/h,89%,aqi_nha-trang_2025_feb.csv
2025-02-01 07:04:52.925316+07:00,Nha Trang,68,/dl/web/weather/ic-w-04-scattered-clouds-full.svg,6.8 km/h,85%,aqi_nha-trang_2025_feb.csv
2025-02-01 08:29:01.565646+07:00,Nha Trang,65,/dl/web/weather/ic-w-01-clear-sky-full.svg,6.8 km/h,76%,aqi_nha-trang_2025_feb.csv
2025-02-01 09:23:52.866749+07:00,Nha Trang,65,/dl/web/weather/ic-w-04-scattered-clouds-full.svg,5.0 km/h,67%,aqi_nha-trang_2025_feb.csv
2025-02-01 10:05:15.177545+07:00,Nha Trang,65,/dl/web/weather/ic-w-04-scattered-clouds-full.svg,5.1 km/h,61%,aqi_nha-trang_2025_feb.csv
2025-02-01 11:01:59.722517+07:00,Nha Trang,61,/dl/web/weather/ic-w-04-scattered-clouds-full.svg,5.1 km/h,61%,aqi_nha-trang_2025_feb.csv
2025-02-01 12:02:10.197033+07:00,Nha Trang,61,/dl/web/weather/ic-w-04-scattered-clouds-full.svg,9.0 km/h,56%,aqi_nha-trang_2025_feb.csv
2025-02-01 13:02:09.083401+07:00,Nha Trang,61,/dl/web/weather/ic-w-04-scattered-clouds-full.svg,13.0 km/h,59%,aqi_nha-trang_2025_feb.csv
2025-02-01 14:02:07.808685+07:00,Nha Trang,64,/dl/web/weather/ic-w-04-scattered-clouds-full.svg,15.0 km/h,62%,aqi_nha-trang_2025_feb.csv
2025-02-01 15:02:11.467820+07:00,Nha Trang,64,/dl/web/weather/ic-w-04-scattered-clouds-full.svg,15.1 km/h,61%,aqi_nha-trang_2025_feb.csv
2025-02-01 16:01:57.496375+07:00,Nha Trang,64,/dl/web/weather/ic-w-04-scattered-clouds-full.svg,15.6 km/h,66%,aqi_nha-trang_2025_feb.csv
2025-02-01 17:02:06.923390+07:00,Nha Trang,68,/dl/web/weather/ic-w-04-scattered-clouds-full.svg,13.8 km/h,72%,aqi_nha-trang_2025_feb.csv
2025-02-01 18:01:44.333992+07:00,Nha Trang,68,/dl/web/weather/ic-w-04-scattered-clouds-full.svg,12.1 km/h,79%,aqi_nha-trang_2025_feb.csv
2025-02-01 19:02:13.809506+07:00,Nha Trang,68,/dl/web/weather/ic-w-04-scattered-clouds-full.svg,8.0 km/h,87%,aqi_nha-trang_2025_feb.csv
2025-02-01 20:03:43.481558+07:00,Nha Trang,70,/dl/web/weather/ic-w-04-scattered-clouds-full.svg,5.5 km/h,89%,aqi_nha-trang_2025_feb.csv
2025-02-01 21:01:51.446350+07:00,Nha Trang,70,/dl/web/weather/ic-w-10-night-clear-sky-full.svg,4.2 km/h,88%,aqi_nha-trang_2025_feb.csv
2025-02-01 22:02:04.699515+07:00,Nha Trang,70,/dl/web/weather/ic-w-04-scattered-clouds-full.svg,5.3 km/h,88%,aqi_nha-trang_2025_feb.csv
2025-02-01 23:01:58.634419+07:00,Nha Trang,72,/dl/web/weather/ic-w-04-scattered-clouds-full.svg,6.3 km/h,89%,aqi_nha-trang_2025_feb.csv
2025-02-02 00:01:58.444626+07:00,Nha Trang,72,/dl/web/weather/ic-w-04-scattered-clouds-full.svg,5.1 km/h,88%,aqi_nha-trang_2025_feb.csv
2025-02-02 01:02:03.486810+07:00,Nha Trang,72,/dl/web/weather/ic-w-04-scattered-clouds-full.svg,5.5 km/h,87%,aqi_nha-trang_2025_feb.csv
2025-02-02 02:01:57.848015+07:00,Nha Trang,70,/dl/web/weather/ic-w-04-scattered-clouds-full.svg,5.6 km/h,87%,aqi_nha-trang_2025_feb.csv
2025-02-02 03:01:56.032012+07:00,Nha Trang,70,/dl/web/weather/ic-w-04-scattered-clouds-full.svg,6.4 km/h,89%,aqi_nha-trang_2025_feb.csv
2025-02-02 04:02:00.351252+07:00,Nha Trang,70,/dl/web/weather/ic-w-04-scattered-clouds-full.svg,6.1 km/h,88%,aqi_nha-trang_2025_feb.csv
2025-02-02 05:01:51.803513+07:00,Nha Trang,68,/dl/web/weather/ic-w-04-scattered-clouds-full.svg,6.1 km/h,87%,aqi_nha-trang_2025_feb.csv
2025-02-02 06:02:12.003808+07:00,Nha Trang,68,/dl/web/weather/ic-w-04-scattered-clouds-full.svg,7.1 km/h,87%,aqi_nha-trang_2025_feb.csv
2025-02-02 07:04:42.770605+07:00,Nha Trang,68,/dl/web/weather/ic-w-04-scattered-clouds-full.svg,7.2 km/h,82%,aqi_nha-trang_2025_feb.csv
2025-02-02 08:28:55.615792+07:00,Nha Trang,66,/dl/web/weather/ic-w-04-scattered-clouds-full.svg,7.1 km/h,69%,aqi_nha-trang_2025_feb.csv
2025-02-02 09:23:19.054165+07:00,Nha Trang,66,/dl/web/weather/ic-w-04-scattered-clouds-full.svg,5.5 km/h,60%,aqi_nha-trang_2025_feb.csv
2025-02-02 10:03:48.574435+07:00,Nha Trang,66,/dl/web/weather/ic-w-04-scattered-clouds-full.svg,5.5 km/h,60%,aqi_nha-trang_2025_feb.csv
2025-02-02 11:01:59.588877+07:00,Nha Trang,65,/dl/web/weather/ic-w-04-scattered-clouds-full.svg,5.8 km/h,55%,aqi_nha-trang_2025_feb.csv
2025-02-02 12:02:02.106143+07:00,Nha Trang,65,/dl/web/weather/ic-w-04-scattered-clouds-full.svg,9.5 km/h,57%,aqi_nha-trang_2025_feb.csv
2025-02-02 13:02:08.705835+07:00,Nha Trang,65,/dl/web/weather/ic-w-04-scattered-clouds-full.svg,12.1 km/h,61%,aqi_nha-trang_2025_feb.csv
2025-02-02 14:01:57.514037+07:00,Nha Trang,67,/dl/web/weather/ic-w-04-scattered-clouds-full.svg,12.2 km/h,65%,aqi_nha-trang_2025_feb.csv
2025-02-02 15:02:13.361331+07:00,Nha Trang,67,/dl/web/weather/ic-w-01-clear-sky-full.svg,12.7 km/h,69%,aqi_nha-trang_2025_feb.csv
2025-02-02 16:01:50.139907+07:00,Nha Trang,67,/dl/web/weather/ic-w-01-clear-sky-full.svg,13.4 km/h,74%,aqi_nha-trang_2025_feb.csv
2025-02-02 17:02:03.796064+07:00,Nha Trang,67,/dl/web/weather/ic-w-02-new-clouds-full.svg,13.2 km/h,78%,aqi_nha-trang_2025_feb.csv
2025-02-02 18:01:43.625871+07:00,Nha Trang,67,/dl/web/weather/ic-w-02-new-clouds-full.svg,10.9 km/h,82%,aqi_nha-trang_2025_feb.csv
2025-02-02 19:02:05.224378+07:00,Nha Trang,67,/dl/web/weather/ic-w-04-scattered-clouds-full.svg,7.7 km/h,89%,aqi_nha-trang_2025_feb.csv
2025-02-02 20:03:23.544385+07:00,Nha Trang,68,/dl/web/weather/ic-w-04-scattered-clouds-full.svg,5.8 km/h,90%,aqi_nha-trang_2025_feb.csv
2025-02-02 21:01:53.483223+07:00,Nha Trang,68,/dl/web/weather/ic-w-10-night-clear-sky-full.svg,6.0 km/h,90%,aqi_nha-trang_2025_feb.csv
2025-02-02 22:01:55.347743+07:00,Nha Trang,68,/dl/web/weather/ic-w-10-night-clear-sky-full.svg,6.8 km/h,90%,aqi_nha-trang_2025_feb.csv
2025-02-02 23:02:03.447353+07:00,Nha Trang,71,/dl/web/weather/ic-w-04-scattered-clouds-full.svg,7.4 km/h,91%,aqi_nha-trang_2025_feb.csv
2025-02-03 00:02:03.339176+07:00,Nha Trang,71,/dl/web/weather/ic-w-04-scattered-clouds-full.svg,8.5 km/h,91%,aqi_nha-trang_2025_feb.csv
2025-02-03 01:02:07.337141+07:00,Nha Trang,71,/dl/web/weather/ic-w-04-scattered-clouds-full.svg,7.9 km/h,90%,aqi_nha-trang_2025_feb.csv
2025-02-03 02:02:15.258156+07:00,Nha Trang,69,/dl/web/weather/ic-w-04-scattered-clouds-full.svg,8.2 km/h,90%,aqi_nha-trang_2025_feb.csv
2025-02-03 03:02:12.250199+07:00,Nha Trang,69,/dl/web/weather/ic-w-04-scattered-clouds-full.svg,8.7 km/h,90%,aqi_nha-trang_2025_feb.csv
2025-02-03 04:01:41.662529+07:00,Nha Trang,69,/dl/web/weather/ic-w-04-scattered-clouds-full.svg,7.4 km/h,90%,aqi_nha-trang_2025_feb.csv
2025-02-03 05:02:33.426325+07:00,Nha Trang,68,/dl/web/weather/ic-w-04-scattered-clouds-full.svg,8.0 km/h,89%,aqi_nha-trang_2025_feb.csv
2025-02-03 06:02:00.596497+07:00,Nha Trang,68,/dl/web/weather/ic-w-04-scattered-clouds-full.svg,7.2 km/h,89%,aqi_nha-trang_2025_feb.csv
2025-02-03 07:04:50.891360+07:00,Nha Trang,68,/dl/web/weather/ic-w-02-new-clouds-full.svg,6.9 km/h,84%,aqi_nha-trang_2025_feb.csv
2025-02-03 08:28:50.511262+07:00,Nha Trang,69,/dl/web/weather/ic-w-01-clear-sky-full.svg,7.4 km/h,76%,aqi_nha-trang_2025_feb.csv
2025-02-03 09:22:11.682173+07:00,Nha Trang,69,/dl/web/weather/ic-w-01-clear-sky-full.svg,7.1 km/h,72%,aqi_nha-trang_2025_feb.csv
2025-02-03 10:03:50.454760+07:00,Nha Trang,69,/dl/web/weather/ic-w-01-clear-sky-full.svg,7.1 km/h,72%,aqi_nha-trang_2025_feb.csv
2025-02-03 11:02:13.213499+07:00,Nha Trang,69,/dl/web/weather/ic-w-01-clear-sky-full.svg,10.9 km/h,70%,aqi_nha-trang_2025_feb.csv
2025-02-03 12:01:55.941794+07:00,Nha Trang,69,/dl/web/weather/ic-w-01-clear-sky-full.svg,13.5 km/h,68%,aqi_nha-trang_2025_feb.csv
2025-02-03 13:02:06.108982+07:00,Nha Trang,69,/dl/web/weather/ic-w-01-clear-sky-full.svg,15.3 km/h,67%,aqi_nha-trang_2025_feb.csv
2025-02-03 14:02:02.959296+07:00,Nha Trang,54,/dl/web/weather/ic-w-01-clear-sky-full.svg,18.2 km/h,67%,aqi_nha-trang_2025_feb.csv
2025-02-03 15:02:14.709274+07:00,Nha Trang,54,/dl/web/weather/ic-w-04-scattered-clouds-full.svg,18.8 km/h,67%,aqi_nha-trang_2025_feb.csv
2025-02-03 16:02:11.063467+07:00,Nha Trang,54,/dl/web/weather/ic-w-04-scattered-clouds-full.svg,18.2 km/h,65%,aqi_nha-trang_2025_feb.csv
2025-02-03 17:02:08.783870+07:00,Nha Trang,41,/dl/web/weather/ic-w-04-scattered-clouds-full.svg,18.3 km/h,68%,aqi_nha-trang_2025_feb.csv
2025-02-03 18:01:57.165511+07:00,Nha Trang,41,/dl/web/weather/ic-w-02-new-clouds-full.svg,15.8 km/h,73%,aqi_nha-trang_2025_feb.csv
2025-02-03 19:02:43.439737+07:00,Nha Trang,41,/dl/web/weather/ic-w-11-night-few-clouds-full.svg,13.0 km/h,78%,aqi_nha-trang_2025_feb.csv
2025-02-03 20:05:24.215095+07:00,Nha Trang,64,/dl/web/weather/ic-w-10-night-clear-sky-full.svg,10.3 km/h,83%,aqi_nha-trang_2025_feb.csv
2025-02-03 21:02:19.204990+07:00,Nha Trang,64,/dl/web/weather/ic-w-10-night-clear-sky-full.svg,10.3 km/h,83%,aqi_nha-trang_2025_feb.csv
2025-02-03 22:02:05.186658+07:00,Nha Trang,64,/dl/web/weather/ic-w-10-night-clear-sky-full.svg,11.3 km/h,84%,aqi_nha-trang_2025_feb.csv
2025-02-03 23:02:12.741611+07:00,Nha Trang,65,/dl/web/weather/ic-w-10-night-clear-sky-full.svg,13.0 km/h,85%,aqi_nha-trang_2025_feb.csv
2025-02-04 00:01:59.371289+07:00,Nha Trang,65,/dl/web/weather/ic-w-10-night-clear-sky-full.svg,13.4 km/h,83%,aqi_nha-trang_2025_feb.csv
2025-02-04 01:02:17.663096+07:00,Nha Trang,65,/dl/web/weather/ic-w-11-night-few-clouds-full.svg,14.0 km/h,83%,aqi_nha-trang_2025_feb.csv
2025-02-04 02:02:17.085081+07:00,Nha Trang,64,/dl/web/weather/ic-w-11-night-few-clouds-full.svg,14.6 km/h,82%,aqi_nha-trang_2025_feb.csv
2025-02-04 03:02:14.269828+07:00,Nha Trang,64,/dl/web/weather/ic-w-04-scattered-clouds-full.svg,13.5 km/h,76%,aqi_nha-trang_2025_feb.csv
2025-02-04 04:02:16.698183+07:00,Nha Trang,64,/dl/web/weather/ic-w-04-scattered-clouds-full.svg,14.2 km/h,75%,aqi_nha-trang_2025_feb.csv
2025-02-04 05:01:57.431228+07:00,Nha Trang,61,/dl/web/weather/ic-w-04-scattered-clouds-full.svg,14.2 km/h,78%,aqi_nha-trang_2025_feb.csv
2025-02-04 06:02:03.287153+07:00,Nha Trang,61,/dl/web/weather/ic-w-04-scattered-clouds-full.svg,15.9 km/h,84%,aqi_nha-trang_2025_feb.csv
2025-02-04 07:04:37.325387+07:00,Nha Trang,61,/dl/web/weather/ic-w-04-scattered-clouds-full.svg,17.7 km/h,83%,aqi_nha-trang_2025_feb.csv
2025-02-04 08:28:46.512119+07:00,Nha Trang,54,/dl/web/weather/ic-w-04-scattered-clouds-full.svg,18.3 km/h,79%,aqi_nha-trang_2025_feb.csv
2025-02-04 09:21:36.299786+07:00,Nha Trang,54,/dl/web/weather/ic-w-04-scattered-clouds-full.svg,21.4 km/h,74%,aqi_nha-trang_2025_feb.csv
2025-02-04 10:03:09.992947+07:00,Nha Trang,54,/dl/web/weather/ic-w-04-scattered-clouds-full.svg,21.4 km/h,74%,aqi_nha-trang_2025_feb.csv
2025-02-04 11:02:05.862781+07:00,Nha Trang,57,/dl/web/weather/ic-w-04-scattered-clouds-full.svg,24.0 km/h,72%,aqi_nha-trang_2025_feb.csv
2025-02-04 12:02:09.902520+07:00,Nha Trang,57,/dl/web/weather/ic-w-04-scattered-clouds-full.svg,26.2 km/h,71%,aqi_nha-trang_2025_feb.csv
2025-02-04 13:02:19.731974+07:00,Nha Trang,57,/dl/web/weather/ic-w-04-scattered-clouds-full.svg,26.6 km/h,69%,aqi_nha-trang_2025_feb.csv
2025-02-04 14:02:09.311913+07:00,Nha Trang,58,/dl/web/weather/ic-w-04-scattered-clouds-full.svg,27.5 km/h,73%,aqi_nha-trang_2025_feb.csv
2025-02-04 15:02:19.442789+07:00,Nha Trang,58,/dl/web/weather/ic-w-04-scattered-clouds-full.svg,27.7 km/h,71%,aqi_nha-trang_2025_feb.csv
2025-02-04 16:02:09.493176+07:00,Nha Trang,58,/dl/web/weather/ic-w-04-scattered-clouds-full.svg,27.0 km/h,74%,aqi_nha-trang_2025_feb.csv
2025-02-04 17:02:11.598342+07:00,Nha Trang,58,/dl/web/weather/ic-w-04-scattered-clouds-full.svg,25.3 km/h,76%,aqi_nha-trang_2025_feb.csv
2025-02-04 18:02:11.514296+07:00,Nha Trang,58,/dl/web/weather/ic-w-04-scattered-clouds-full.svg,20.0 km/h,79%,aqi_nha-trang_2025_feb.csv
2025-02-04 19:02:37.595649+07:00,Nha Trang,58,/dl/web/weather/ic-w-04-scattered-clouds-full.svg,16.4 km/h,82%,aqi_nha-trang_2025_feb.csv
2025-02-04 20:05:45.540498+07:00,Nha Trang,58,/dl/web/weather/ic-w-11-night-few-clouds-full.svg,13.7 km/h,86%,aqi_nha-trang_2025_feb.csv
2025-02-04 21:02:03.106483+07:00,Nha Trang,58,/dl/web/weather/ic-w-11-night-few-clouds-full.svg,13.7 km/h,86%,aqi_nha-trang_2025_feb.csv
2025-02-04 22:02:22.582249+07:00,Nha Trang,58,/dl/web/weather/ic-w-11-night-few-clouds-full.svg,11.4 km/h,88%,aqi_nha-trang_2025_feb.csv
2025-02-04 23:02:18.141859+07:00,Nha Trang,59,/dl/web/weather/ic-w-11-night-few-clouds-full.svg,10.6 km/h,89%,aqi_nha-trang_2025_feb.csv
2025-02-05 00:02:19.060724+07:00,Nha Trang,59,/dl/web/weather/ic-w-11-night-few-clouds-full.svg,10.6 km/h,90%,aqi_nha-trang_2025_feb.csv
2025-02-05 01:02:15.198599+07:00,Nha Trang,59,/dl/web/weather/ic-w-11-night-few-clouds-full.svg,12.1 km/h,92%,aqi_nha-trang_2025_feb.csv
2025-02-05 02:01:58.238359+07:00,Nha Trang,58,/dl/web/weather/ic-w-11-night-few-clouds-full.svg,12.1 km/h,93%,aqi_nha-trang_2025_feb.csv
2025-02-05 03:02:18.596134+07:00,Nha Trang,58,/dl/web/weather/ic-w-11-night-few-clouds-full.svg,10.6 km/h,93%,aqi_nha-trang_2025_feb.csv
2025-02-05 04:01:57.483892+07:00,Nha Trang,58,/dl/web/weather/ic-w-04-scattered-clouds-full.svg,9.8 km/h,93%,aqi_nha-trang_2025_feb.csv
2025-02-05 05:01:57.293068+07:00,Nha Trang,57,/dl/web/weather/ic-w-04-scattered-clouds-full.svg,9.2 km/h,93%,aqi_nha-trang_2025_feb.csv
2025-02-05 06:02:04.192543+07:00,Nha Trang,57,/dl/web/weather/ic-w-04-scattered-clouds-full.svg,11.3 km/h,94%,aqi_nha-trang_2025_feb.csv
2025-02-05 07:04:56.528268+07:00,Nha Trang,57,/dl/web/weather/ic-w-04-scattered-clouds-full.svg,8.7 km/h,90%,aqi_nha-trang_2025_feb.csv
2025-02-05 08:28:59.919549+07:00,Nha Trang,57,/dl/web/weather/ic-w-01-clear-sky-full.svg,10.3 km/h,81%,aqi_nha-trang_2025_feb.csv
2025-02-05 09:22:54.175313+07:00,Nha Trang,57,/dl/web/weather/ic-w-01-clear-sky-full.svg,9.5 km/h,70%,aqi_nha-trang_2025_feb.csv
2025-02-05 10:04:25.215565+07:00,Nha Trang,57,/dl/web/weather/ic-w-01-clear-sky-full.svg,14.8 km/h,65%,aqi_nha-trang_2025_feb.csv
2025-02-05 11:02:09.128585+07:00,Nha Trang,58,/dl/web/weather/ic-w-01-clear-sky-full.svg,14.8 km/h,65%,aqi_nha-trang_2025_feb.csv
2025-02-05 12:02:07.610411+07:00,Nha Trang,58,/dl/web/weather/ic-w-02-new-clouds-full.svg,18.5 km/h,64%,aqi_nha-trang_2025_feb.csv
2025-02-05 13:02:23.785189+07:00,Nha Trang,58,/dl/web/weather/ic-w-02-new-clouds-full.svg,21.9 km/h,66%,aqi_nha-trang_2025_feb.csv
2025-02-05 14:02:04.702868+07:00,Nha Trang,58,/dl/web/weather/ic-w-04-scattered-clouds-full.svg,21.2 km/h,67%,aqi_nha-trang_2025_feb.csv
2025-02-05 15:02:22.276435+07:00,Nha Trang,58,/dl/web/weather/ic-w-04-scattered-clouds-full.svg,19.6 km/h,71%,aqi_nha-trang_2025_feb.csv
2025-02-05 16:02:11.429243+07:00,Nha Trang,58,/dl/web/weather/ic-w-04-scattered-clouds-full.svg,20.1 km/h,69%,aqi_nha-trang_2025_feb.csv
2025-02-05 17:02:00.892578+07:00,Nha Trang,59,/dl/web/weather/ic-w-04-scattered-clouds-full.svg,20.6 km/h,71%,aqi_nha-trang_2025_feb.csv
2025-02-05 18:02:03.909282+07:00,Nha Trang,59,/dl/web/weather/ic-w-04-scattered-clouds-full.svg,18.2 km/h,76%,aqi_nha-trang_2025_feb.csv
2025-02-05 19:02:35.728952+07:00,Nha Trang,59,/dl/web/weather/ic-w-04-scattered-clouds-full.svg,15.8 km/h,83%,aqi_nha-trang_2025_feb.csv
2025-02-05 20:06:09.970508+07:00,Nha Trang,57,/dl/web/weather/ic-w-11-night-few-clouds-full.svg,12.1 km/h,83%,aqi_nha-trang_2025_feb.csv
2025-02-05 21:02:10.500974+07:00,Nha Trang,57,/dl/web/weather/ic-w-11-night-few-clouds-full.svg,12.1 km/h,83%,aqi_nha-trang_2025_feb.csv
2025-02-05 22:02:20.781798+07:00,Nha Trang,57,/dl/web/weather/ic-w-11-night-few-clouds-full.svg,10.5 km/h,86%,aqi_nha-trang_2025_feb.csv
2025-02-05 23:02:21.775962+07:00,Nha Trang,58,/dl/web/weather/ic-w-04-scattered-clouds-full.svg,10.0 km/h,88%,aqi_nha-trang_2025_feb.csv
2025-02-06 00:02:00.063568+07:00,Nha Trang,58,/dl/web/weather/ic-w-04-scattered-clouds-full.svg,8.4 km/h,89%,aqi_nha-trang_2025_feb.csv
2025-02-06 01:02:10.265536+07:00,Nha Trang,58,/dl/web/weather/ic-w-04-scattered-clouds-full.svg,8.9 km/h,91%,aqi_nha-trang_2025_feb.csv
2025-02-06 02:02:07.214111+07:00,Nha Trang,59,/dl/web/weather/ic-w-04-scattered-clouds-full.svg,8.7 km/h,92%,aqi_nha-trang_2025_feb.csv
2025-02-06 03:02:00.458562+07:00,Nha Trang,59,/dl/web/weather/ic-w-04-scattered-clouds-full.svg,9.5 km/h,93%,aqi_nha-trang_2025_feb.csv
2025-02-06 04:02:04.358973+07:00,Nha Trang,59,/dl/web/weather/ic-w-04-scattered-clouds-full.svg,10.1 km/h,93%,aqi_nha-trang_2025_feb.csv
2025-02-06 05:02:09.842320+07:00,Nha Trang,59,/dl/web/weather/ic-w-04-scattered-clouds-full.svg,9.7 km/h,93%,aqi_nha-trang_2025_feb.csv
2025-02-06 06:01:56.951691+07:00,Nha Trang,59,/dl/web/weather/ic-w-04-scattered-clouds-full.svg,10.1 km/h,93%,aqi_nha-trang_2025_feb.csv
2025-02-06 07:04:57.336475+07:00,Nha Trang,59,/dl/web/weather/ic-w-04-scattered-clouds-full.svg,10.6 km/h,93%,aqi_nha-trang_2025_feb.csv
2025-02-06 08:28:49.667894+07:00,Nha Trang,59,/dl/web/weather/ic-w-01-clear-sky-full.svg,9.5 km/h,80%,aqi_nha-trang_2025_feb.csv
2025-02-06 09:22:43.750963+07:00,Nha Trang,59,/dl/web/weather/ic-w-01-clear-sky-full.svg,8.2 km/h,70%,aqi_nha-trang_2025_feb.csv
2025-02-06 10:04:25.624289+07:00,Nha Trang,59,/dl/web/weather/ic-w-01-clear-sky-full.svg,8.2 km/h,70%,aqi_nha-trang_2025_feb.csv
2025-02-06 11:02:01.646769+07:00,Nha Trang,58,/dl/web/weather/ic-w-01-clear-sky-full.svg,11.9 km/h,62%,aqi_nha-trang_2025_feb.csv
2025-02-06 12:02:09.085754+07:00,Nha Trang,58,/dl/web/weather/ic-w-01-clear-sky-full.svg,15.8 km/h,59%,aqi_nha-trang_2025_feb.csv
2025-02-06 13:02:11.729462+07:00,Nha Trang,58,/dl/web/weather/ic-w-01-clear-sky-full.svg,16.4 km/h,59%,aqi_nha-trang_2025_feb.csv
2025-02-06 14:02:13.531522+07:00,Nha Trang,59,/dl/web/weather/ic-w-01-clear-sky-full.svg,18.8 km/h,59%,aqi_nha-trang_2025_feb.csv
2025-02-06 15:02:28.148864+07:00,Nha Trang,59,/dl/web/weather/ic-w-01-clear-sky-full.svg,20.1 km/h,59%,aqi_nha-trang_2025_feb.csv
2025-02-06 16:02:15.904567+07:00,Nha Trang,59,/dl/web/weather/ic-w-01-clear-sky-full.svg,20.1 km/h,59%,aqi_nha-trang_2025_feb.csv
2025-02-06 17:02:05.130773+07:00,Nha Trang,58,/dl/web/weather/ic-w-01-clear-sky-full.svg,20.9 km/h,65%,aqi_nha-trang_2025_feb.csv
2025-02-06 18:02:02.330534+07:00,Nha Trang,58,/dl/web/weather/ic-w-01-clear-sky-full.svg,16.7 km/h,72%,aqi_nha-trang_2025_feb.csv
2025-02-06 19:02:20.958170+07:00,Nha Trang,58,/dl/web/weather/ic-w-10-night-clear-sky-full.svg,11.4 km/h,77%,aqi_nha-trang_2025_feb.csv
2025-02-06 20:06:03.425500+07:00,Nha Trang,66,/dl/web/weather/ic-w-10-night-clear-sky-full.svg,9.5 km/h,79%,aqi_nha-trang_2025_feb.csv
2025-02-06 21:02:09.549987+07:00,Nha Trang,66,/dl/web/weather/ic-w-10-night-clear-sky-full.svg,9.5 km/h,79%,aqi_nha-trang_2025_feb.csv
2025-02-06 22:02:07.556046+07:00,Nha Trang,66,/dl/web/weather/ic-w-10-night-clear-sky-full.svg,7.9 km/h,82%,aqi_nha-trang_2025_feb.csv
2025-02-06 23:02:04.437316+07:00,Nha Trang,68,/dl/web/weather/ic-w-10-night-clear-sky-full.svg,8.7 km/h,84%,aqi_nha-trang_2025_feb.csv
2025-02-07 00:02:03.542334+07:00,Nha Trang,68,/dl/web/weather/ic-w-10-night-clear-sky-full.svg,7.9 km/h,87%,aqi_nha-trang_2025_feb.csv
2025-02-07 01:02:22.058821+07:00,Nha Trang,68,/dl/web/weather/ic-w-10-night-clear-sky-full.svg,8.4 km/h,88%,aqi_nha-trang_2025_feb.csv
2025-02-07 02:02:08.657770+07:00,Nha Trang,64,/dl/web/weather/ic-w-10-night-clear-sky-full.svg,10.0 km/h,89%,aqi_nha-trang_2025_feb.csv
2025-02-07 03:01:59.384440+07:00,Nha Trang,64,/dl/web/weather/ic-w-10-night-clear-sky-full.svg,10.5 km/h,90%,aqi_nha-trang_2025_feb.csv
2025-02-07 04:01:59.407001+07:00,Nha Trang,64,/dl/web/weather/ic-w-10-night-clear-sky-full.svg,11.1 km/h,90%,aqi_nha-trang_2025_feb.csv
2025-02-07 05:02:22.243284+07:00,Nha Trang,64,/dl/web/weather/ic-w-04-scattered-clouds-full.svg,10.1 km/h,89%,aqi_nha-trang_2025_feb.csv
2025-02-07 06:02:02.799148+07:00,Nha Trang,64,/dl/web/weather/ic-w-04-scattered-clouds-full.svg,10.6 km/h,88%,aqi_nha-trang_2025_feb.csv
2025-02-07 07:04:47.880525+07:00,Nha Trang,64,/dl/web/weather/ic-w-04-scattered-clouds-full.svg,11.9 km/h,84%,aqi_nha-trang_2025_feb.csv
2025-02-07 08:29:02.124976+07:00,Nha Trang,62,/dl/web/weather/ic-w-04-scattered-clouds-full.svg,11.9 km/h,74%,aqi_nha-trang_2025_feb.csv
2025-02-07 09:23:20.384199+07:00,Nha Trang,62,/dl/web/weather/ic-w-04-scattered-clouds-full.svg,10.1 km/h,68%,aqi_nha-trang_2025_feb.csv
2025-02-07 10:05:06.558576+07:00,Nha Trang,62,/dl/web/weather/ic-w-04-scattered-clouds-full.svg,13.0 km/h,61%,aqi_nha-trang_2025_feb.csv
2025-02-07 11:02:12.634696+07:00,Nha Trang,61,/dl/web/weather/ic-w-04-scattered-clouds-full.svg,13.0 km/h,61%,aqi_nha-trang_2025_feb.csv
2025-02-07 12:02:09.461479+07:00,Nha Trang,61,/dl/web/weather/ic-w-04-scattered-clouds-full.svg,13.8 km/h,57%,aqi_nha-trang_2025_feb.csv
2025-02-07 13:02:08.348970+07:00,Nha Trang,61,/dl/web/weather/ic-w-04-scattered-clouds-full.svg,15.9 km/h,56%,aqi_nha-trang_2025_feb.csv
2025-02-07 14:02:02.744123+07:00,Nha Trang,64,/dl/web/weather/ic-w-04-scattered-clouds-full.svg,18.2 km/h,55%,aqi_nha-trang_2025_feb.csv
2025-02-07 15:02:22.217523+07:00,Nha Trang,64,/dl/web/weather/ic-w-04-scattered-clouds-full.svg,21.6 km/h,56%,aqi_nha-trang_2025_feb.csv
2025-02-07 16:02:03.145851+07:00,Nha Trang,64,/dl/web/weather/ic-w-04-scattered-clouds-full.svg,24.8 km/h,60%,aqi_nha-trang_2025_feb.csv
2025-02-07 17:02:09.862584+07:00,Nha Trang,64,/dl/web/weather/ic-w-04-scattered-clouds-full.svg,23.7 km/h,64%,aqi_nha-trang_2025_feb.csv
2025-02-07 18:01:54.476845+07:00,Nha Trang,64,/dl/web/weather/ic-w-04-scattered-clouds-full.svg,19.0 km/h,70%,aqi_nha-trang_2025_feb.csv
2025-02-07 19:02:24.813330+07:00,Nha Trang,64,/dl/web/weather/ic-w-04-scattered-clouds-full.svg,14.5 km/h,74%,aqi_nha-trang_2025_feb.csv
2025-02-07 20:05:17.692933+07:00,Nha Trang,65,/dl/web/weather/ic-w-04-scattered-clouds-full.svg,14.2 km/h,80%,aqi_nha-trang_2025_feb.csv
2025-02-07 21:02:05.613421+07:00,Nha Trang,65,/dl/web/weather/ic-w-04-scattered-clouds-full.svg,14.2 km/h,80%,aqi_nha-trang_2025_feb.csv
2025-02-07 22:02:12.755343+07:00,Nha Trang,65,/dl/web/weather/ic-w-04-scattered-clouds-full.svg,11.6 km/h,80%,aqi_nha-trang_2025_feb.csv
2025-02-07 23:02:15.533580+07:00,Nha Trang,65,/dl/web/weather/ic-w-04-scattered-clouds-full.svg,10.9 km/h,81%,aqi_nha-trang_2025_feb.csv
2025-02-08 00:02:03.842220+07:00,Nha Trang,65,/dl/web/weather/ic-w-04-scattered-clouds-full.svg,13.2 km/h,84%,aqi_nha-trang_2025_feb.csv
2025-02-08 01:02:22.298643+07:00,Nha Trang,65,/dl/web/weather/ic-w-04-scattered-clouds-full.svg,13.2 km/h,84%,aqi_nha-trang_2025_feb.csv
2025-02-08 02:01:57.514375+07:00,Nha Trang,64,/dl/web/weather/ic-w-04-scattered-clouds-full.svg,12.6 km/h,85%,aqi_nha-trang_2025_feb.csv
2025-02-08 03:02:10.381161+07:00,Nha Trang,64,/dl/web/weather/ic-w-04-scattered-clouds-full.svg,11.9 km/h,88%,aqi_nha-trang_2025_feb.csv
2025-02-08 04:01:58.783353+07:00,Nha Trang,64,/dl/web/weather/ic-w-04-scattered-clouds-full.svg,11.9 km/h,89%,aqi_nha-trang_2025_feb.csv
2025-02-08 05:02:05.084584+07:00,Nha Trang,64,/dl/web/weather/ic-w-04-scattered-clouds-full.svg,12.2 km/h,88%,aqi_nha-trang_2025_feb.csv
2025-02-08 06:01:58.654172+07:00,Nha Trang,64,/dl/web/weather/ic-w-04-scattered-clouds-full.svg,11.7 km/h,86%,aqi_nha-trang_2025_feb.csv
2025-02-08 07:04:48.438154+07:00,Nha Trang,64,/dl/web/weather/ic-w-04-scattered-clouds-full.svg,15.1 km/h,82%,aqi_nha-trang_2025_feb.csv
2025-02-08 08:28:40.171341+07:00,Nha Trang,57,/dl/web/weather/ic-w-04-scattered-clouds-full.svg,18.0 km/h,78%,aqi_nha-trang_2025_feb.csv
2025-02-08 09:20:20.658762+07:00,Nha Trang,57,/dl/web/weather/ic-w-04-scattered-clouds-full.svg,21.2 km/h,75%,aqi_nha-trang_2025_feb.csv
2025-02-08 10:03:36.188170+07:00,Nha Trang,57,/dl/web/weather/ic-w-04-scattered-clouds-full.svg,21.2 km/h,75%,aqi_nha-trang_2025_feb.csv
2025-02-08 11:02:00.219311+07:00,Nha Trang,57,/dl/web/weather/ic-w-04-scattered-clouds-full.svg,24.5 km/h,75%,aqi_nha-trang_2025_feb.csv
2025-02-08 12:02:04.818301+07:00,Nha Trang,57,/dl/web/weather/ic-w-04-scattered-clouds-full.svg,25.6 km/h,75%,aqi_nha-trang_2025_feb.csv
2025-02-08 13:02:21.697808+07:00,Nha Trang,57,/dl/web/weather/ic-w-04-scattered-clouds-full.svg,28.3 km/h,68%,aqi_nha-trang_2025_feb.csv
2025-02-08 14:02:03.899937+07:00,Nha Trang,58,/dl/web/weather/ic-w-04-scattered-clouds-full.svg,27.4 km/h,69%,aqi_nha-trang_2025_feb.csv
2025-02-08 15:02:06.564869+07:00,Nha Trang,58,/dl/web/weather/ic-w-04-scattered-clouds-full.svg,28.3 km/h,70%,aqi_nha-trang_2025_feb.csv
2025-02-08 16:01:57.633349+07:00,Nha Trang,58,/dl/web/weather/ic-w-04-scattered-clouds-full.svg,29.0 km/h,70%,aqi_nha-trang_2025_feb.csv
2025-02-08 17:02:12.659793+07:00,Nha Trang,57,/dl/web/weather/ic-w-04-scattered-clouds-full.svg,26.7 km/h,71%,aqi_nha-trang_2025_feb.csv
2025-02-08 18:01:53.384700+07:00,Nha Trang,57,/dl/web/weather/ic-w-04-scattered-clouds-full.svg,23.2 km/h,76%,aqi_nha-trang_2025_feb.csv
2025-02-08 19:02:17.370177+07:00,Nha Trang,57,/dl/web/weather/ic-w-04-scattered-clouds-full.svg,21.1 km/h,81%,aqi_nha-trang_2025_feb.csv
2025-02-08 20:04:02.249411+07:00,Nha Trang,56,/dl/web/weather/ic-w-04-scattered-clouds-full.svg,19.5 km/h,84%,aqi_nha-trang_2025_feb.csv
2025-02-08 21:01:58.031842+07:00,Nha Trang,56,/dl/web/weather/ic-w-04-scattered-clouds-full.svg,19.0 km/h,80%,aqi_nha-trang_2025_feb.csv
2025-02-08 22:01:53.224156+07:00,Nha Trang,56,/dl/web/weather/ic-w-04-scattered-clouds-full.svg,17.9 km/h,81%,aqi_nha-trang_2025_feb.csv
2025-02-08 23:02:07.103921+07:00,Nha Trang,56,/dl/web/weather/ic-w-04-scattered-clouds-full.svg,15.6 km/h,83%,aqi_nha-trang_2025_feb.csv
2025-02-09 00:01:49.142063+07:00,Nha Trang,56,/dl/web/weather/ic-w-04-scattered-clouds-full.svg,15.8 km/h,81%,aqi_nha-trang_2025_feb.csv
2025-02-09 01:01:59.657981+07:00,Nha Trang,56,/dl/web/weather/ic-w-04-scattered-clouds-full.svg,16.6 km/h,80%,aqi_nha-trang_2025_feb.csv
2025-02-09 02:01:47.360637+07:00,Nha Trang,56,/dl/web/weather/ic-w-04-scattered-clouds-full.svg,17.4 km/h,82%,aqi_nha-trang_2025_feb.csv
2025-02-09 03:01:59.008262+07:00,Nha Trang,56,/dl/web/weather/ic-w-04-scattered-clouds-full.svg,15.1 km/h,82%,aqi_nha-trang_2025_feb.csv
2025-02-09 04:02:16.506950+07:00,Nha Trang,56,/dl/web/weather/ic-w-04-scattered-clouds-full.svg,16.4 km/h,80%,aqi_nha-trang_2025_feb.csv
2025-02-09 05:01:56.329309+07:00,Nha Trang,55,/dl/web/weather/ic-w-04-scattered-clouds-full.svg,17.9 km/h,81%,aqi_nha-trang_2025_feb.csv
2025-02-09 06:02:09.196290+07:00,Nha Trang,55,/dl/web/weather/ic-w-04-scattered-clouds-full.svg,19.5 km/h,84%,aqi_nha-trang_2025_feb.csv
2025-02-09 07:05:02.492873+07:00,Nha Trang,55,/dl/web/weather/ic-w-06-rain-full.svg,20.4 km/h,85%,aqi_nha-trang_2025_feb.csv
2025-02-09 08:29:01.376641+07:00,Nha Trang,55,/dl/web/weather/ic-w-04-scattered-clouds-full.svg,21.7 km/h,82%,aqi_nha-trang_2025_feb.csv
2025-02-09 09:24:42.884547+07:00,Nha Trang,55,/dl/web/weather/ic-w-04-scattered-clouds-full.svg,20.9 km/h,85%,aqi_nha-trang_2025_feb.csv
2025-02-09 10:05:53.745397+07:00,Nha Trang,55,/dl/web/weather/ic-w-04-scattered-clouds-full.svg,22.2 km/h,83%,aqi_nha-trang_2025_feb.csv
2025-02-09 11:01:56.159434+07:00,Nha Trang,55,/dl/web/weather/ic-w-04-scattered-clouds-full.svg,22.2 km/h,83%,aqi_nha-trang_2025_feb.csv
2025-02-09 12:02:09.595007+07:00,Nha Trang,55,/dl/web/weather/ic-w-04-scattered-clouds-full.svg,22.2 km/h,81%,aqi_nha-trang_2025_feb.csv
2025-02-09 13:02:18.451347+07:00,Nha Trang,55,/dl/web/weather/ic-w-04-scattered-clouds-full.svg,23.0 km/h,82%,aqi_nha-trang_2025_feb.csv
2025-02-09 14:01:58.624226+07:00,Nha Trang,55,/dl/web/weather/ic-w-04-scattered-clouds-full.svg,21.2 km/h,84%,aqi_nha-trang_2025_feb.csv
2025-02-09 15:02:15.991012+07:00,Nha Trang,55,/dl/web/weather/ic-w-04-scattered-clouds-full.svg,19.3 km/h,84%,aqi_nha-trang_2025_feb.csv
2025-02-09 16:02:10.107348+07:00,Nha Trang,55,/dl/web/weather/ic-w-04-scattered-clouds-full.svg,18.2 km/h,84%,aqi_nha-trang_2025_feb.csv
2025-02-09 17:01:57.276714+07:00,Nha Trang,54,/dl/web/weather/ic-w-04-scattered-clouds-full.svg,17.4 km/h,84%,aqi_nha-trang_2025_feb.csv
2025-02-09 18:02:01.076079+07:00,Nha Trang,54,/dl/web/weather/ic-w-04-scattered-clouds-full.svg,17.5 km/h,83%,aqi_nha-trang_2025_feb.csv
2025-02-09 19:02:08.653092+07:00,Nha Trang,54,/dl/web/weather/ic-w-04-scattered-clouds-full.svg,19.2 km/h,84%,aqi_nha-trang_2025_feb.csv
2025-02-09 20:03:56.370066+07:00,Nha Trang,55,/dl/web/weather/ic-w-04-scattered-clouds-full.svg,17.5 km/h,84%,aqi_nha-trang_2025_feb.csv
2025-02-09 21:01:54.683532+07:00,Nha Trang,55,/dl/web/weather/ic-w-04-scattered-clouds-full.svg,16.1 km/h,87%,aqi_nha-trang_2025_feb.csv
2025-02-09 22:01:53.140092+07:00,Nha Trang,55,/dl/web/weather/ic-w-04-scattered-clouds-full.svg,14.5 km/h,86%,aqi_nha-trang_2025_feb.csv
2025-02-09 23:01:52.275850+07:00,Nha Trang,55,/dl/web/weather/ic-w-04-scattered-clouds-full.svg,13.7 km/h,86%,aqi_nha-trang_2025_feb.csv
2025-02-10 00:02:09.452817+07:00,Nha Trang,55,/dl/web/weather/ic-w-04-scattered-clouds-full.svg,14.6 km/h,87%,aqi_nha-trang_2025_feb.csv
2025-02-10 01:02:11.582870+07:00,Nha Trang,55,/dl/web/weather/ic-w-04-scattered-clouds-full.svg,12.7 km/h,87%,aqi_nha-trang_2025_feb.csv
2025-02-10 02:01:52.193815+07:00,Nha Trang,54,/dl/web/weather/ic-w-04-scattered-clouds-full.svg,14.2 km/h,87%,aqi_nha-trang_2025_feb.csv
2025-02-10 03:02:01.293665+07:00,Nha Trang,54,/dl/web/weather/ic-w-04-scattered-clouds-full.svg,12.9 km/h,86%,aqi_nha-trang_2025_feb.csv
2025-02-10 04:01:58.879155+07:00,Nha Trang,54,/dl/web/weather/ic-w-04-scattered-clouds-full.svg,11.6 km/h,86%,aqi_nha-trang_2025_feb.csv
2025-02-10 05:02:06.639322+07:00,Nha Trang,52,/dl/web/weather/ic-w-04-scattered-clouds-full.svg,12.9 km/h,86%,aqi_nha-trang_2025_feb.csv
2025-02-10 06:01:53.674532+07:00,Nha Trang,52,/dl/web/weather/ic-w-04-scattered-clouds-full.svg,10.9 km/h,86%,aqi_nha-trang_2025_feb.csv
2025-02-10 07:04:52.843737+07:00,Nha Trang,52,/dl/web/weather/ic-w-04-scattered-clouds-full.svg,12.4 km/h,85%,aqi_nha-trang_2025_feb.csv
2025-02-10 08:29:01.139692+07:00,Nha Trang,55,/dl/web/weather/ic-w-04-scattered-clouds-full.svg,11.6 km/h,82%,aqi_nha-trang_2025_feb.csv
2025-02-10 09:23:52.072996+07:00,Nha Trang,55,/dl/web/weather/ic-w-04-scattered-clouds-full.svg,12.7 km/h,80%,aqi_nha-trang_2025_feb.csv
2025-02-10 10:06:09.213077+07:00,Nha Trang,55,/dl/web/weather/ic-w-04-scattered-clouds-full.svg,12.7 km/h,80%,aqi_nha-trang_2025_feb.csv
2025-02-10 11:02:17.342741+07:00,Nha Trang,54,/dl/web/weather/ic-w-04-scattered-clouds-full.svg,13.0 km/h,73%,aqi_nha-trang_2025_feb.csv
2025-02-10 12:02:09.520394+07:00,Nha Trang,54,/dl/web/weather/ic-w-04-scattered-clouds-full.svg,14.3 km/h,67%,aqi_nha-trang_2025_feb.csv
2025-02-10 13:02:08.957581+07:00,Nha Trang,54,/dl/web/weather/ic-w-04-scattered-clouds-full.svg,14.8 km/h,71%,aqi_nha-trang_2025_feb.csv
2025-02-10 14:02:11.617407+07:00,Nha Trang,54,/dl/web/weather/ic-w-04-scattered-clouds-full.svg,14.2 km/h,73%,aqi_nha-trang_2025_feb.csv
2025-02-10 15:02:09.256652+07:00,Nha Trang,54,/dl/web/weather/ic-w-04-scattered-clouds-full.svg,15.6 km/h,71%,aqi_nha-trang_2025_feb.csv
2025-02-10 16:02:12.047024+07:00,Nha Trang,54,/dl/web/weather/ic-w-04-scattered-clouds-full.svg,13.0 km/h,74%,aqi_nha-trang_2025_feb.csv
2025-02-10 17:02:17.349786+07:00,Nha Trang,54,/dl/web/weather/ic-w-04-scattered-clouds-full.svg,11.9 km/h,77%,aqi_nha-trang_2025_feb.csv
2025-02-10 18:01:59.279116+07:00,Nha Trang,54,/dl/web/weather/ic-w-04-scattered-clouds-full.svg,10.9 km/h,80%,aqi_nha-trang_2025_feb.csv
2025-02-10 19:02:36.098641+07:00,Nha Trang,54,/dl/web/weather/ic-w-04-scattered-clouds-full.svg,10.6 km/h,81%,aqi_nha-trang_2025_feb.csv
2025-02-10 20:06:08.680438+07:00,Nha Trang,58,/dl/web/weather/ic-w-04-scattered-clouds-full.svg,9.7 km/h,81%,aqi_nha-trang_2025_feb.csv
2025-02-10 21:02:17.931673+07:00,Nha Trang,58,/dl/web/weather/ic-w-04-scattered-clouds-full.svg,9.7 km/h,81%,aqi_nha-trang_2025_feb.csv
2025-02-10 22:02:10.651656+07:00,Nha Trang,58,/dl/web/weather/ic-w-04-scattered-clouds-full.svg,9.7 km/h,82%,aqi_nha-trang_2025_feb.csv
2025-02-10 23:02:17.559075+07:00,Nha Trang,62,/dl/web/weather/ic-w-04-scattered-clouds-full.svg,10.5 km/h,82%,aqi_nha-trang_2025_feb.csv
2025-02-11 00:02:04.379509+07:00,Nha Trang,62,/dl/web/weather/ic-w-04-scattered-clouds-full.svg,10.0 km/h,81%,aqi_nha-trang_2025_feb.csv
2025-02-11 01:02:13.625067+07:00,Nha Trang,62,/dl/web/weather/ic-w-04-scattered-clouds-full.svg,9.5 km/h,80%,aqi_nha-trang_2025_feb.csv
2025-02-11 02:01:54.974598+07:00,Nha Trang,61,/dl/web/weather/ic-w-04-scattered-clouds-full.svg,9.7 km/h,78%,aqi_nha-trang_2025_feb.csv
2025-02-11 03:02:08.501431+07:00,Nha Trang,61,/dl/web/weather/ic-w-04-scattered-clouds-full.svg,10.5 km/h,78%,aqi_nha-trang_2025_feb.csv
2025-02-11 04:02:01.218321+07:00,Nha Trang,61,/dl/web/weather/ic-w-04-scattered-clouds-full.svg,10.5 km/h,77%,aqi_nha-trang_2025_feb.csv
2025-02-11 05:02:21.209589+07:00,Nha Trang,57,/dl/web/weather/ic-w-04-scattered-clouds-full.svg,9.7 km/h,77%,aqi_nha-trang_2025_feb.csv
2025-02-11 06:02:10.534865+07:00,Nha Trang,57,/dl/web/weather/ic-w-04-scattered-clouds-full.svg,10.3 km/h,78%,aqi_nha-trang_2025_feb.csv
2025-02-11 07:04:44.675182+07:00,Nha Trang,57,/dl/web/weather/ic-w-04-scattered-clouds-full.svg,9.2 km/h,80%,aqi_nha-trang_2025_feb.csv
2025-02-11 08:28:46.188640+07:00,Nha Trang,55,/dl/web/weather/ic-w-04-scattered-clouds-full.svg,7.2 km/h,77%,aqi_nha-trang_2025_feb.csv
2025-02-11 09:23:51.522291+07:00,Nha Trang,55,/dl/web/weather/ic-w-04-scattered-clouds-full.svg,5.6 km/h,80%,aqi_nha-trang_2025_feb.csv
2025-02-11 10:05:16.272235+07:00,Nha Trang,55,/dl/web/weather/ic-w-04-scattered-clouds-full.svg,8.0 km/h,77%,aqi_nha-trang_2025_feb.csv
2025-02-11 11:02:14.497284+07:00,Nha Trang,56,/dl/web/weather/ic-w-04-scattered-clouds-full.svg,8.0 km/h,77%,aqi_nha-trang_2025_feb.csv
2025-02-11 12:02:06.809679+07:00,Nha Trang,56,/dl/web/weather/ic-w-04-scattered-clouds-full.svg,7.9 km/h,75%,aqi_nha-trang_2025_feb.csv
2025-02-11 13:02:10.429761+07:00,Nha Trang,56,/dl/web/weather/ic-w-04-scattered-clouds-full.svg,7.4 km/h,74%,aqi_nha-trang_2025_feb.csv
2025-02-11 14:01:55.670917+07:00,Nha Trang,56,/dl/web/weather/ic-w-04-scattered-clouds-full.svg,9.8 km/h,76%,aqi_nha-trang_2025_feb.csv
2025-02-11 15:02:26.790251+07:00,Nha Trang,56,/dl/web/weather/ic-w-04-scattered-clouds-full.svg,9.2 km/h,79%,aqi_nha-trang_2025_feb.csv
2025-02-11 16:02:11.183080+07:00,Nha Trang,56,/dl/web/weather/ic-w-04-scattered-clouds-full.svg,10.3 km/h,81%,aqi_nha-trang_2025_feb.csv
2025-02-11 17:02:21.656642+07:00,Nha Trang,42,/dl/web/weather/ic-w-04-scattered-clouds-full.svg,10.0 km/h,83%,aqi_nha-trang_2025_feb.csv
2025-02-11 18:02:00.097287+07:00,Nha Trang,42,/dl/web/weather/ic-w-04-scattered-clouds-full.svg,9.2 km/h,84%,aqi_nha-trang_2025_feb.csv
2025-02-11 19:02:32.180394+07:00,Nha Trang,42,/dl/web/weather/ic-w-04-scattered-clouds-full.svg,9.0 km/h,85%,aqi_nha-trang_2025_feb.csv
2025-02-11 20:06:22.811761+07:00,Nha Trang,23,/dl/web/weather/ic-w-04-scattered-clouds-full.svg,8.2 km/h,90%,aqi_nha-trang_2025_feb.csv
2025-02-11 21:02:06.261805+07:00,Nha Trang,23,/dl/web/weather/ic-w-04-scattered-clouds-full.svg,8.2 km/h,90%,aqi_nha-trang_2025_feb.csv
2025-02-11 22:02:18.844405+07:00,Nha Trang,23,/dl/web/weather/ic-w-04-scattered-clouds-full.svg,8.7 km/h,90%,aqi_nha-trang_2025_feb.csv
2025-02-11 23:02:11.512071+07:00,Nha Trang,43,/dl/web/weather/ic-w-04-scattered-clouds-full.svg,7.7 km/h,90%,aqi_nha-trang_2025_feb.csv
2025-02-12 00:02:16.468505+07:00,Nha Trang,43,/dl/web/weather/ic-w-04-scattered-clouds-full.svg,8.4 km/h,89%,aqi_nha-trang_2025_feb.csv
2025-02-12 02:02:02.033601+07:00,Nha Trang,37,/dl/web/weather/ic-w-04-scattered-clouds-full.svg,9.2 km/h,91%,aqi_nha-trang_2025_feb.csv
2025-02-12 03:02:10.710551+07:00,Nha Trang,37,/dl/web/weather/ic-w-04-scattered-clouds-full.svg,8.0 km/h,93%,aqi_nha-trang_2025_feb.csv
2025-02-12 04:02:02.646061+07:00,Nha Trang,37,/dl/web/weather/ic-w-04-scattered-clouds-full.svg,8.7 km/h,93%,aqi_nha-trang_2025_feb.csv
2025-02-12 05:02:03.283792+07:00,Nha Trang,37,/dl/web/weather/ic-w-04-scattered-clouds-full.svg,9.8 km/h,93%,aqi_nha-trang_2025_feb.csv
2025-02-12 06:02:05.429942+07:00,Nha Trang,37,/dl/web/weather/ic-w-04-scattered-clouds-full.svg,9.8 km/h,92%,aqi_nha-trang_2025_feb.csv
2025-02-12 07:04:50.304565+07:00,Nha Trang,37,/dl/web/weather/ic-w-04-scattered-clouds-full.svg,9.3 km/h,90%,aqi_nha-trang_2025_feb.csv
2025-02-12 08:28:57.408944+07:00,Nha Trang,42,/dl/web/weather/ic-w-04-scattered-clouds-full.svg,8.5 km/h,84%,aqi_nha-trang_2025_feb.csv
2025-02-12 09:22:55.698307+07:00,Nha Trang,42,/dl/web/weather/ic-w-04-scattered-clouds-full.svg,8.0 km/h,75%,aqi_nha-trang_2025_feb.csv
2025-02-12 10:04:27.944326+07:00,Nha Trang,42,/dl/web/weather/ic-w-04-scattered-clouds-full.svg,8.0 km/h,75%,aqi_nha-trang_2025_feb.csv
2025-02-12 11:02:13.191381+07:00,Nha Trang,50,/dl/web/weather/ic-w-04-scattered-clouds-full.svg,9.3 km/h,72%,aqi_nha-trang_2025_feb.csv
2025-02-12 12:01:55.977238+07:00,Nha Trang,50,/dl/web/weather/ic-w-04-scattered-clouds-full.svg,8.5 km/h,68%,aqi_nha-trang_2025_feb.csv
2025-02-12 13:02:17.035689+07:00,Nha Trang,50,/dl/web/weather/ic-w-04-scattered-clouds-full.svg,13.2 km/h,65%,aqi_nha-trang_2025_feb.csv
2025-02-12 14:02:15.337816+07:00,Nha Trang,22,/dl/web/weather/ic-w-04-scattered-clouds-full.svg,17.4 km/h,64%,aqi_nha-trang_2025_feb.csv
2025-02-12 15:02:25.117521+07:00,Nha Trang,22,/dl/web/weather/ic-w-04-scattered-clouds-full.svg,21.7 km/h,65%,aqi_nha-trang_2025_feb.csv
2025-02-12 16:02:08.261017+07:00,Nha Trang,22,/dl/web/weather/ic-w-04-scattered-clouds-full.svg,22.4 km/h,67%,aqi_nha-trang_2025_feb.csv
2025-02-12 17:02:08.004426+07:00,Nha Trang,18,/dl/web/weather/ic-w-04-scattered-clouds-full.svg,20.4 km/h,74%,aqi_nha-trang_2025_feb.csv
2025-02-12 18:02:07.718258+07:00,Nha Trang,18,/dl/web/weather/ic-w-04-scattered-clouds-full.svg,16.3 km/h,82%,aqi_nha-trang_2025_feb.csv
2025-02-12 19:02:27.623475+07:00,Nha Trang,18,/dl/web/weather/ic-w-04-scattered-clouds-full.svg,13.2 km/h,88%,aqi_nha-trang_2025_feb.csv
2025-02-12 20:06:15.664430+07:00,Nha Trang,21,/dl/web/weather/ic-w-04-scattered-clouds-full.svg,5.3 km/h,93%,aqi_nha-trang_2025_feb.csv
2025-02-12 21:02:13.011298+07:00,Nha Trang,21,/dl/web/weather/ic-w-04-scattered-clouds-full.svg,5.3 km/h,93%,aqi_nha-trang_2025_feb.csv
2025-02-12 22:02:32.443115+07:00,Nha Trang,21,/dl/web/weather/ic-w-04-scattered-clouds-full.svg,5.3 km/h,93%,aqi_nha-trang_2025_feb.csv
2025-02-12 23:02:18.956009+07:00,Nha Trang,34,/dl/web/weather/ic-w-04-scattered-clouds-full.svg,5.0 km/h,94%,aqi_nha-trang_2025_feb.csv
2025-02-13 00:02:13.201998+07:00,Nha Trang,34,/dl/web/weather/ic-w-11-night-few-clouds-full.svg,5.1 km/h,94%,aqi_nha-trang_2025_feb.csv
2025-02-13 01:02:21.625478+07:00,Nha Trang,34,/dl/web/weather/ic-w-11-night-few-clouds-full.svg,6.6 km/h,95%,aqi_nha-trang_2025_feb.csv
2025-02-13 02:02:02.769628+07:00,Nha Trang,42,/dl/web/weather/ic-w-11-night-few-clouds-full.svg,5.1 km/h,95%,aqi_nha-trang_2025_feb.csv
2025-02-13 03:02:08.241298+07:00,Nha Trang,42,/dl/web/weather/ic-w-11-night-few-clouds-full.svg,5.1 km/h,95%,aqi_nha-trang_2025_feb.csv
2025-02-13 04:02:02.271124+07:00,Nha Trang,42,/dl/web/weather/ic-w-10-night-clear-sky-full.svg,6.6 km/h,94%,aqi_nha-trang_2025_feb.csv
2025-02-13 05:02:10.897092+07:00,Nha Trang,54,/dl/web/weather/ic-w-10-night-clear-sky-full.svg,6.3 km/h,94%,aqi_nha-trang_2025_feb.csv
2025-02-13 06:01:58.268236+07:00,Nha Trang,54,/dl/web/weather/ic-w-10-night-clear-sky-full.svg,6.1 km/h,93%,aqi_nha-trang_2025_feb.csv
2025-02-13 08:28:56.632411+07:00,Nha Trang,55,/dl/web/weather/ic-w-01-clear-sky-full.svg,6.6 km/h,85%,aqi_nha-trang_2025_feb.csv
2025-02-13 09:23:35.559237+07:00,Nha Trang,55,/dl/web/weather/ic-w-01-clear-sky-full.svg,4.0 km/h,76%,aqi_nha-trang_2025_feb.csv
2025-02-13 10:04:51.818430+07:00,Nha Trang,55,/dl/web/weather/ic-w-01-clear-sky-full.svg,4.0 km/h,76%,aqi_nha-trang_2025_feb.csv
2025-02-13 11:02:14.409888+07:00,Nha Trang,55,/dl/web/weather/ic-w-01-clear-sky-full.svg,3.9 km/h,69%,aqi_nha-trang_2025_feb.csv
2025-02-13 12:02:07.182354+07:00,Nha Trang,55,/dl/web/weather/ic-w-01-clear-sky-full.svg,10.8 km/h,66%,aqi_nha-trang_2025_feb.csv
2025-02-13 13:02:05.355187+07:00,Nha Trang,55,/dl/web/weather/ic-w-01-clear-sky-full.svg,16.1 km/h,69%,aqi_nha-trang_2025_feb.csv
2025-02-13 14:02:17.745861+07:00,Nha Trang,41,/dl/web/weather/ic-w-02-new-clouds-full.svg,10.8 km/h,76%,aqi_nha-trang_2025_feb.csv
2025-02-13 15:02:13.077132+07:00,Nha Trang,41,/dl/web/weather/ic-w-04-scattered-clouds-full.svg,10.0 km/h,78%,aqi_nha-trang_2025_feb.csv
2025-02-13 16:02:15.122757+07:00,Nha Trang,41,/dl/web/weather/ic-w-04-scattered-clouds-full.svg,7.2 km/h,75%,aqi_nha-trang_2025_feb.csv
2025-02-13 17:02:15.337961+07:00,Nha Trang,28,/dl/web/weather/ic-w-04-scattered-clouds-full.svg,7.6 km/h,77%,aqi_nha-trang_2025_feb.csv
2025-02-13 18:01:53.910270+07:00,Nha Trang,28,/dl/web/weather/ic-w-04-scattered-clouds-full.svg,10.5 km/h,83%,aqi_nha-trang_2025_feb.csv
2025-02-13 19:02:33.021303+07:00,Nha Trang,28,/dl/web/weather/ic-w-04-scattered-clouds-full.svg,9.3 km/h,88%,aqi_nha-trang_2025_feb.csv
2025-02-13 20:06:20.567874+07:00,Nha Trang,26,/dl/web/weather/ic-w-10-night-clear-sky-full.svg,7.9 km/h,90%,aqi_nha-trang_2025_feb.csv
2025-02-13 21:02:10.195485+07:00,Nha Trang,26,/dl/web/weather/ic-w-10-night-clear-sky-full.svg,7.9 km/h,90%,aqi_nha-trang_2025_feb.csv
2025-02-13 22:02:16.100527+07:00,Nha Trang,26,/dl/web/weather/ic-w-10-night-clear-sky-full.svg,6.4 km/h,91%,aqi_nha-trang_2025_feb.csv
2025-02-13 23:02:30.945621+07:00,Nha Trang,36,/dl/web/weather/ic-w-10-night-clear-sky-full.svg,6.6 km/h,92%,aqi_nha-trang_2025_feb.csv
2025-02-14 00:01:52.505438+07:00,Nha Trang,36,/dl/web/weather/ic-w-10-night-clear-sky-full.svg,6.9 km/h,92%,aqi_nha-trang_2025_feb.csv
2025-02-14 01:02:14.275483+07:00,Nha Trang,36,/dl/web/weather/ic-w-10-night-clear-sky-full.svg,7.7 km/h,92%,aqi_nha-trang_2025_feb.csv
2025-02-14 02:01:56.786796+07:00,Nha Trang,59,/dl/web/weather/ic-w-04-scattered-clouds-full.svg,6.1 km/h,92%,aqi_nha-trang_2025_feb.csv
2025-02-14 03:02:10.809847+07:00,Nha Trang,59,/dl/web/weather/ic-w-10-night-clear-sky-full.svg,6.6 km/h,93%,aqi_nha-trang_2025_feb.csv
2025-02-14 04:02:09.116729+07:00,Nha Trang,59,/dl/web/weather/ic-w-10-night-clear-sky-full.svg,6.8 km/h,92%,aqi_nha-trang_2025_feb.csv
2025-02-14 05:02:08.202413+07:00,Nha Trang,62,/dl/web/weather/ic-w-10-night-clear-sky-full.svg,7.7 km/h,91%,aqi_nha-trang_2025_feb.csv
2025-02-14 06:02:08.487522+07:00,Nha Trang,62,/dl/web/weather/ic-w-10-night-clear-sky-full.svg,7.6 km/h,90%,aqi_nha-trang_2025_feb.csv
2025-02-14 07:04:52.421420+07:00,Nha Trang,62,/dl/web/weather/ic-w-01-clear-sky-full.svg,6.8 km/h,89%,aqi_nha-trang_2025_feb.csv
2025-02-14 08:28:55.184898+07:00,Nha Trang,61,/dl/web/weather/ic-w-01-clear-sky-full.svg,6.6 km/h,82%,aqi_nha-trang_2025_feb.csv
2025-02-14 09:23:18.407738+07:00,Nha Trang,61,/dl/web/weather/ic-w-01-clear-sky-full.svg,5.5 km/h,74%,aqi_nha-trang_2025_feb.csv
2025-02-14 10:04:27.140726+07:00,Nha Trang,61,/dl/web/weather/ic-w-01-clear-sky-full.svg,6.1 km/h,68%,aqi_nha-trang_2025_feb.csv
2025-02-14 11:02:13.240461+07:00,Nha Trang,61,/dl/web/weather/ic-w-01-clear-sky-full.svg,6.1 km/h,68%,aqi_nha-trang_2025_feb.csv
2025-02-14 12:01:55.692600+07:00,Nha Trang,61,/dl/web/weather/ic-w-02-new-clouds-full.svg,13.5 km/h,67%,aqi_nha-trang_2025_feb.csv
2025-02-14 13:02:24.658529+07:00,Nha Trang,61,/dl/web/weather/ic-w-04-scattered-clouds-full.svg,16.6 km/h,70%,aqi_nha-trang_2025_feb.csv
2025-02-14 14:02:04.698407+07:00,Nha Trang,63,/dl/web/weather/ic-w-04-scattered-clouds-full.svg,17.7 km/h,68%,aqi_nha-trang_2025_feb.csv
2025-02-14 15:02:09.980659+07:00,Nha Trang,63,/dl/web/weather/ic-w-04-scattered-clouds-full.svg,21.1 km/h,69%,aqi_nha-trang_2025_feb.csv
2025-02-14 16:02:03.884336+07:00,Nha Trang,63,/dl/web/weather/ic-w-04-scattered-clouds-full.svg,21.6 km/h,71%,aqi_nha-trang_2025_feb.csv
2025-02-14 17:02:01.300664+07:00,Nha Trang,62,/dl/web/weather/ic-w-04-scattered-clouds-full.svg,19.6 km/h,75%,aqi_nha-trang_2025_feb.csv
2025-02-14 18:01:55.782359+07:00,Nha Trang,62,/dl/web/weather/ic-w-04-scattered-clouds-full.svg,16.1 km/h,81%,aqi_nha-trang_2025_feb.csv
2025-02-14 19:02:20.088936+07:00,Nha Trang,62,/dl/web/weather/ic-w-04-scattered-clouds-full.svg,13.2 km/h,89%,aqi_nha-trang_2025_feb.csv
2025-02-14 20:05:45.215704+07:00,Nha Trang,52,/dl/web/weather/ic-w-10-night-clear-sky-full.svg,9.7 km/h,92%,aqi_nha-trang_2025_feb.csv
2025-02-14 21:02:27.051586+07:00,Nha Trang,52,/dl/web/weather/ic-w-10-night-clear-sky-full.svg,9.7 km/h,92%,aqi_nha-trang_2025_feb.csv
2025-02-14 22:02:07.003657+07:00,Nha Trang,52,/dl/web/weather/ic-w-10-night-clear-sky-full.svg,9.5 km/h,92%,aqi_nha-trang_2025_feb.csv
2025-02-14 23:02:02.453842+07:00,Nha Trang,45,/dl/web/weather/ic-w-10-night-clear-sky-full.svg,8.2 km/h,93%,aqi_nha-trang_2025_feb.csv
2025-02-15 00:02:08.879040+07:00,Nha Trang,45,/dl/web/weather/ic-w-10-night-clear-sky-full.svg,6.6 km/h,94%,aqi_nha-trang_2025_feb.csv
2025-02-15 01:02:13.004450+07:00,Nha Trang,45,/dl/web/weather/ic-w-11-night-few-clouds-full.svg,7.2 km/h,94%,aqi_nha-trang_2025_feb.csv
2025-02-15 02:01:57.580046+07:00,Nha Trang,45,/dl/web/weather/ic-w-11-night-few-clouds-full.svg,7.6 km/h,95%,aqi_nha-trang_2025_feb.csv
2025-02-15 03:02:14.994010+07:00,Nha Trang,45,/dl/web/weather/ic-w-04-scattered-clouds-full.svg,7.1 km/h,95%,aqi_nha-trang_2025_feb.csv
2025-02-15 04:02:03.750722+07:00,Nha Trang,45,/dl/web/weather/ic-w-04-scattered-clouds-full.svg,6.8 km/h,95%,aqi_nha-trang_2025_feb.csv
2025-02-15 05:01:59.147930+07:00,Nha Trang,62,/dl/web/weather/ic-w-04-scattered-clouds-full.svg,7.4 km/h,95%,aqi_nha-trang_2025_feb.csv
2025-02-15 06:02:09.772547+07:00,Nha Trang,62,/dl/web/weather/ic-w-04-scattered-clouds-full.svg,7.2 km/h,94%,aqi_nha-trang_2025_feb.csv
2025-02-15 07:04:50.960903+07:00,Nha Trang,62,/dl/web/weather/ic-w-04-scattered-clouds-full.svg,6.8 km/h,91%,aqi_nha-trang_2025_feb.csv
2025-02-15 08:28:45.018737+07:00,Nha Trang,61,/dl/web/weather/ic-w-04-scattered-clouds-full.svg,6.8 km/h,83%,aqi_nha-trang_2025_feb.csv
2025-02-15 09:22:31.158632+07:00,Nha Trang,61,/dl/web/weather/ic-w-02-new-clouds-full.svg,6.6 km/h,75%,aqi_nha-trang_2025_feb.csv
2025-02-15 10:03:46.928944+07:00,Nha Trang,61,/dl/web/weather/ic-w-02-new-clouds-full.svg,6.6 km/h,75%,aqi_nha-trang_2025_feb.csv
2025-02-15 11:02:08.363761+07:00,Nha Trang,60,/dl/web/weather/ic-w-04-scattered-clouds-full.svg,10.3 km/h,72%,aqi_nha-trang_2025_feb.csv
2025-02-15 12:02:02.055830+07:00,Nha Trang,60,/dl/web/weather/ic-w-04-scattered-clouds-full.svg,13.0 km/h,71%,aqi_nha-trang_2025_feb.csv
2025-02-15 13:02:09.392858+07:00,Nha Trang,60,/dl/web/weather/ic-w-04-scattered-clouds-full.svg,15.3 km/h,72%,aqi_nha-trang_2025_feb.csv
2025-02-15 14:01:45.015713+07:00,Nha Trang,53,/dl/web/weather/ic-w-04-scattered-clouds-full.svg,16.6 km/h,71%,aqi_nha-trang_2025_feb.csv
2025-02-15 15:02:06.958262+07:00,Nha Trang,53,/dl/web/weather/ic-w-02-new-clouds-full.svg,17.4 km/h,72%,aqi_nha-trang_2025_feb.csv
2025-02-15 16:01:53.092720+07:00,Nha Trang,53,/dl/web/weather/ic-w-02-new-clouds-full.svg,15.4 km/h,73%,aqi_nha-trang_2025_feb.csv
2025-02-15 17:01:58.531338+07:00,Nha Trang,53,/dl/web/weather/ic-w-02-new-clouds-full.svg,14.5 km/h,75%,aqi_nha-trang_2025_feb.csv
2025-02-15 18:01:45.156227+07:00,Nha Trang,53,/dl/web/weather/ic-w-04-scattered-clouds-full.svg,11.6 km/h,79%,aqi_nha-trang_2025_feb.csv
2025-02-15 19:02:18.946944+07:00,Nha Trang,53,/dl/web/weather/ic-w-04-scattered-clouds-full.svg,7.2 km/h,87%,aqi_nha-trang_2025_feb.csv
2025-02-15 20:03:58.100060+07:00,Nha Trang,42,/dl/web/weather/ic-w-04-scattered-clouds-full.svg,5.8 km/h,89%,aqi_nha-trang_2025_feb.csv
2025-02-15 21:01:51.119481+07:00,Nha Trang,42,/dl/web/weather/ic-w-10-night-clear-sky-full.svg,6.3 km/h,92%,aqi_nha-trang_2025_feb.csv
2025-02-15 22:01:53.911429+07:00,Nha Trang,42,/dl/web/weather/ic-w-10-night-clear-sky-full.svg,5.0 km/h,92%,aqi_nha-trang_2025_feb.csv
2025-02-15 23:02:00.582491+07:00,Nha Trang,60,/dl/web/weather/ic-w-10-night-clear-sky-full.svg,4.5 km/h,93%,aqi_nha-trang_2025_feb.csv
2025-02-16 00:01:56.183891+07:00,Nha Trang,60,/dl/web/weather/ic-w-10-night-clear-sky-full.svg,5.3 km/h,93%,aqi_nha-trang_2025_feb.csv
2025-02-16 01:01:58.422273+07:00,Nha Trang,60,/dl/web/weather/ic-w-10-night-clear-sky-full.svg,6.3 km/h,93%,aqi_nha-trang_2025_feb.csv
2025-02-16 02:01:51.848758+07:00,Nha Trang,62,/dl/web/weather/ic-w-10-night-clear-sky-full.svg,6.6 km/h,93%,aqi_nha-trang_2025_feb.csv
2025-02-16 03:01:55.387339+07:00,Nha Trang,62,/dl/web/weather/ic-w-11-night-few-clouds-full.svg,8.5 km/h,93%,aqi_nha-trang_2025_feb.csv
2025-02-16 04:01:49.690760+07:00,Nha Trang,62,/dl/web/weather/ic-w-11-night-few-clouds-full.svg,9.5 km/h,93%,aqi_nha-trang_2025_feb.csv
2025-02-16 05:01:45.913148+07:00,Nha Trang,60,/dl/web/weather/ic-w-04-scattered-clouds-full.svg,9.0 km/h,94%,aqi_nha-trang_2025_feb.csv
2025-02-16 06:01:53.775302+07:00,Nha Trang,60,/dl/web/weather/ic-w-04-scattered-clouds-full.svg,9.5 km/h,93%,aqi_nha-trang_2025_feb.csv
2025-02-16 07:04:56.349179+07:00,Nha Trang,60,/dl/web/weather/ic-w-04-scattered-clouds-full.svg,9.2 km/h,89%,aqi_nha-trang_2025_feb.csv
2025-02-16 08:29:10.871372+07:00,Nha Trang,42,/dl/web/weather/ic-w-04-scattered-clouds-full.svg,7.7 km/h,78%,aqi_nha-trang_2025_feb.csv
2025-02-16 09:26:22.351745+07:00,Nha Trang,42,/dl/web/weather/ic-w-04-scattered-clouds-full.svg,5.3 km/h,70%,aqi_nha-trang_2025_feb.csv
2025-02-16 10:07:49.108287+07:00,Nha Trang,42,/dl/web/weather/ic-w-04-scattered-clouds-full.svg,8.0 km/h,66%,aqi_nha-trang_2025_feb.csv
2025-02-16 11:02:05.646377+07:00,Nha Trang,54,/dl/web/weather/ic-w-04-scattered-clouds-full.svg,8.0 km/h,66%,aqi_nha-trang_2025_feb.csv
2025-02-16 12:02:01.080562+07:00,Nha Trang,54,/dl/web/weather/ic-w-04-scattered-clouds-full.svg,11.7 km/h,65%,aqi_nha-trang_2025_feb.csv
2025-02-16 13:02:04.591056+07:00,Nha Trang,54,/dl/web/weather/ic-w-04-scattered-clouds-full.svg,16.3 km/h,64%,aqi_nha-trang_2025_feb.csv
2025-02-16 14:01:52.368378+07:00,Nha Trang,31,/dl/web/weather/ic-w-04-scattered-clouds-full.svg,18.3 km/h,66%,aqi_nha-trang_2025_feb.csv
2025-02-16 15:01:54.211975+07:00,Nha Trang,31,/dl/web/weather/ic-w-04-scattered-clouds-full.svg,19.6 km/h,67%,aqi_nha-trang_2025_feb.csv
2025-02-16 16:01:56.224721+07:00,Nha Trang,31,/dl/web/weather/ic-w-04-scattered-clouds-full.svg,20.6 km/h,69%,aqi_nha-trang_2025_feb.csv
2025-02-16 17:01:58.061718+07:00,Nha Trang,21,/dl/web/weather/ic-w-04-scattered-clouds-full.svg,18.8 km/h,71%,aqi_nha-trang_2025_feb.csv
2025-02-16 18:01:42.724642+07:00,Nha Trang,21,/dl/web/weather/ic-w-04-scattered-clouds-full.svg,15.6 km/h,74%,aqi_nha-trang_2025_feb.csv
2025-02-16 19:02:14.413481+07:00,Nha Trang,21,/dl/web/weather/ic-w-04-scattered-clouds-full.svg,11.3 km/h,81%,aqi_nha-trang_2025_feb.csv
2025-02-16 20:04:33.513994+07:00,Nha Trang,26,/dl/web/weather/ic-w-10-night-clear-sky-full.svg,7.9 km/h,84%,aqi_nha-trang_2025_feb.csv
2025-02-16 21:02:05.579929+07:00,Nha Trang,26,/dl/web/weather/ic-w-10-night-clear-sky-full.svg,7.9 km/h,84%,aqi_nha-trang_2025_feb.csv
2025-02-16 22:01:52.385398+07:00,Nha Trang,26,/dl/web/weather/ic-w-10-night-clear-sky-full.svg,7.2 km/h,85%,aqi_nha-trang_2025_feb.csv
2025-02-16 23:01:57.263215+07:00,Nha Trang,51,/dl/web/weather/ic-w-10-night-clear-sky-full.svg,7.1 km/h,86%,aqi_nha-trang_2025_feb.csv
2025-02-17 00:02:13.567388+07:00,Nha Trang,51,/dl/web/weather/ic-w-10-night-clear-sky-full.svg,7.4 km/h,87%,aqi_nha-trang_2025_feb.csv
2025-02-17 01:02:16.157883+07:00,Nha Trang,51,/dl/web/weather/ic-w-10-night-clear-sky-full.svg,7.7 km/h,88%,aqi_nha-trang_2025_feb.csv
2025-02-17 02:01:58.223250+07:00,Nha Trang,54,/dl/web/weather/ic-w-10-night-clear-sky-full.svg,8.2 km/h,89%,aqi_nha-trang_2025_feb.csv
2025-02-17 03:01:58.980792+07:00,Nha Trang,54,/dl/web/weather/ic-w-10-night-clear-sky-full.svg,8.7 km/h,90%,aqi_nha-trang_2025_feb.csv
2025-02-17 04:02:08.489363+07:00,Nha Trang,54,/dl/web/weather/ic-w-10-night-clear-sky-full.svg,8.2 km/h,90%,aqi_nha-trang_2025_feb.csv
2025-02-17 05:01:59.029470+07:00,Nha Trang,59,/dl/web/weather/ic-w-10-night-clear-sky-full.svg,8.7 km/h,91%,aqi_nha-trang_2025_feb.csv
2025-02-17 06:02:14.352704+07:00,Nha Trang,59,/dl/web/weather/ic-w-10-night-clear-sky-full.svg,9.2 km/h,92%,aqi_nha-trang_2025_feb.csv
2025-02-17 07:04:58.413542+07:00,Nha Trang,59,/dl/web/weather/ic-w-01-clear-sky-full.svg,8.2 km/h,86%,aqi_nha-trang_2025_feb.csv
2025-02-17 08:29:01.795026+07:00,Nha Trang,67,/dl/web/weather/ic-w-04-scattered-clouds-full.svg,7.7 km/h,77%,aqi_nha-trang_2025_feb.csv
2025-02-17 09:25:10.864183+07:00,Nha Trang,67,/dl/web/weather/ic-w-02-new-clouds-full.svg,7.2 km/h,71%,aqi_nha-trang_2025_feb.csv
2025-02-17 10:07:33.198245+07:00,Nha Trang,67,/dl/web/weather/ic-w-02-new-clouds-full.svg,7.2 km/h,71%,aqi_nha-trang_2025_feb.csv
2025-02-17 11:02:20.605454+07:00,Nha Trang,66,/dl/web/weather/ic-w-02-new-clouds-full.svg,11.4 km/h,67%,aqi_nha-trang_2025_feb.csv
2025-02-17 12:01:59.682623+07:00,Nha Trang,66,/dl/web/weather/ic-w-04-scattered-clouds-full.svg,15.4 km/h,65%,aqi_nha-trang_2025_feb.csv
2025-02-17 13:02:13.189635+07:00,Nha Trang,66,/dl/web/weather/ic-w-04-scattered-clouds-full.svg,17.5 km/h,66%,aqi_nha-trang_2025_feb.csv
2025-02-17 14:01:59.897192+07:00,Nha Trang,65,/dl/web/weather/ic-w-04-scattered-clouds-full.svg,19.6 km/h,66%,aqi_nha-trang_2025_feb.csv
2025-02-17 15:02:14.523261+07:00,Nha Trang,65,/dl/web/weather/ic-w-04-scattered-clouds-full.svg,20.9 km/h,68%,aqi_nha-trang_2025_feb.csv
2025-02-17 16:02:20.075667+07:00,Nha Trang,65,/dl/web/weather/ic-w-04-scattered-clouds-full.svg,20.9 km/h,68%,aqi_nha-trang_2025_feb.csv
2025-02-17 17:02:14.654540+07:00,Nha Trang,62,/dl/web/weather/ic-w-04-scattered-clouds-full.svg,18.2 km/h,69%,aqi_nha-trang_2025_feb.csv
2025-02-17 18:02:25.614752+07:00,Nha Trang,62,/dl/web/weather/ic-w-04-scattered-clouds-full.svg,15.1 km/h,75%,aqi_nha-trang_2025_feb.csv
2025-02-17 19:02:22.204171+07:00,Nha Trang,62,/dl/web/weather/ic-w-04-scattered-clouds-full.svg,14.0 km/h,80%,aqi_nha-trang_2025_feb.csv
2025-02-17 20:07:07.541547+07:00,Nha Trang,64,/dl/web/weather/ic-w-10-night-clear-sky-full.svg,12.9 km/h,87%,aqi_nha-trang_2025_feb.csv
2025-02-17 21:02:09.012443+07:00,Nha Trang,64,/dl/web/weather/ic-w-10-night-clear-sky-full.svg,12.9 km/h,87%,aqi_nha-trang_2025_feb.csv
2025-02-17 23:02:00.172336+07:00,Nha Trang,57,/dl/web/weather/ic-w-10-night-clear-sky-full.svg,8.9 km/h,90%,aqi_nha-trang_2025_feb.csv
2025-02-18 00:01:58.758627+07:00,Nha Trang,57,/dl/web/weather/ic-w-10-night-clear-sky-full.svg,9.0 km/h,90%,aqi_nha-trang_2025_feb.csv
2025-02-18 01:02:00.308894+07:00,Nha Trang,57,/dl/web/weather/ic-w-10-night-clear-sky-full.svg,9.3 km/h,91%,aqi_nha-trang_2025_feb.csv
2025-02-18 02:02:01.432497+07:00,Nha Trang,56,/dl/web/weather/ic-w-10-night-clear-sky-full.svg,8.4 km/h,92%,aqi_nha-trang_2025_feb.csv
2025-02-18 03:02:16.265409+07:00,Nha Trang,56,/dl/web/weather/ic-w-10-night-clear-sky-full.svg,7.9 km/h,91%,aqi_nha-trang_2025_feb.csv
2025-02-18 04:01:54.100316+07:00,Nha Trang,56,/dl/web/weather/ic-w-10-night-clear-sky-full.svg,8.4 km/h,91%,aqi_nha-trang_2025_feb.csv
2025-02-18 05:02:05.030467+07:00,Nha Trang,55,/dl/web/weather/ic-w-10-night-clear-sky-full.svg,9.3 km/h,91%,aqi_nha-trang_2025_feb.csv
2025-02-18 06:01:54.072490+07:00,Nha Trang,55,/dl/web/weather/ic-w-10-night-clear-sky-full.svg,9.0 km/h,90%,aqi_nha-trang_2025_feb.csv
2025-02-18 07:04:52.953293+07:00,Nha Trang,55,/dl/web/weather/ic-w-01-clear-sky-full.svg,7.9 km/h,84%,aqi_nha-trang_2025_feb.csv
2025-02-18 08:28:48.332513+07:00,Nha Trang,56,/dl/web/weather/ic-w-04-scattered-clouds-full.svg,7.7 km/h,75%,aqi_nha-trang_2025_feb.csv
2025-02-18 09:23:03.921590+07:00,Nha Trang,56,/dl/web/weather/ic-w-04-scattered-clouds-full.svg,5.1 km/h,68%,aqi_nha-trang_2025_feb.csv
2025-02-18 10:04:05.196992+07:00,Nha Trang,56,/dl/web/weather/ic-w-04-scattered-clouds-full.svg,5.1 km/h,68%,aqi_nha-trang_2025_feb.csv
2025-02-18 11:02:09.152392+07:00,Nha Trang,61,/dl/web/weather/ic-w-04-scattered-clouds-full.svg,9.5 km/h,65%,aqi_nha-trang_2025_feb.csv
2025-02-18 12:02:03.479939+07:00,Nha Trang,61,/dl/web/weather/ic-w-04-scattered-clouds-full.svg,13.8 km/h,65%,aqi_nha-trang_2025_feb.csv
2025-02-18 13:02:05.179720+07:00,Nha Trang,61,/dl/web/weather/ic-w-04-scattered-clouds-full.svg,14.6 km/h,66%,aqi_nha-trang_2025_feb.csv
2025-02-18 14:01:59.915170+07:00,Nha Trang,66,/dl/web/weather/ic-w-04-scattered-clouds-full.svg,16.7 km/h,67%,aqi_nha-trang_2025_feb.csv
2025-02-18 15:02:10.985772+07:00,Nha Trang,66,/dl/web/weather/ic-w-04-scattered-clouds-full.svg,19.5 km/h,69%,aqi_nha-trang_2025_feb.csv
2025-02-18 16:02:01.356007+07:00,Nha Trang,66,/dl/web/weather/ic-w-04-scattered-clouds-full.svg,20.9 km/h,78%,aqi_nha-trang_2025_feb.csv
2025-02-18 17:02:01.203934+07:00,Nha Trang,66,/dl/web/weather/ic-w-04-scattered-clouds-full.svg,18.8 km/h,80%,aqi_nha-trang_2025_feb.csv
2025-02-18 18:01:57.413760+07:00,Nha Trang,66,/dl/web/weather/ic-w-04-scattered-clouds-full.svg,17.2 km/h,84%,aqi_nha-trang_2025_feb.csv
2025-02-18 19:02:17.028705+07:00,Nha Trang,66,/dl/web/weather/ic-w-04-scattered-clouds-full.svg,14.2 km/h,87%,aqi_nha-trang_2025_feb.csv
2025-02-18 20:06:34.009661+07:00,Nha Trang,66,/dl/web/weather/ic-w-04-scattered-clouds-full.svg,11.4 km/h,87%,aqi_nha-trang_2025_feb.csv
2025-02-18 21:02:08.510544+07:00,Nha Trang,66,/dl/web/weather/ic-w-04-scattered-clouds-full.svg,11.4 km/h,87%,aqi_nha-trang_2025_feb.csv
2025-02-18 22:02:15.771473+07:00,Nha Trang,66,/dl/web/weather/ic-w-04-scattered-clouds-full.svg,8.9 km/h,90%,aqi_nha-trang_2025_feb.csv
2025-02-18 23:02:12.397740+07:00,Nha Trang,66,/dl/web/weather/ic-w-04-scattered-clouds-full.svg,10.1 km/h,91%,aqi_nha-trang_2025_feb.csv
2025-02-19 00:02:16.433818+07:00,Nha Trang,66,/dl/web/weather/ic-w-04-scattered-clouds-full.svg,9.3 km/h,91%,aqi_nha-trang_2025_feb.csv
2025-02-19 01:02:21.752384+07:00,Nha Trang,66,/dl/web/weather/ic-w-04-scattered-clouds-full.svg,9.5 km/h,91%,aqi_nha-trang_2025_feb.csv
2025-02-19 02:02:01.370419+07:00,Nha Trang,66,/dl/web/weather/ic-w-04-scattered-clouds-full.svg,9.5 km/h,92%,aqi_nha-trang_2025_feb.csv
2025-02-19 03:02:18.844558+07:00,Nha Trang,66,/dl/web/weather/ic-w-04-scattered-clouds-full.svg,10.5 km/h,92%,aqi_nha-trang_2025_feb.csv
2025-02-19 04:01:52.176979+07:00,Nha Trang,66,/dl/web/weather/ic-w-04-scattered-clouds-full.svg,9.3 km/h,92%,aqi_nha-trang_2025_feb.csv
2025-02-19 05:02:00.191662+07:00,Nha Trang,65,/dl/web/weather/ic-w-04-scattered-clouds-full.svg,6.8 km/h,91%,aqi_nha-trang_2025_feb.csv
2025-02-19 06:02:14.829201+07:00,Nha Trang,65,/dl/web/weather/ic-w-04-scattered-clouds-full.svg,7.2 km/h,91%,aqi_nha-trang_2025_feb.csv
2025-02-19 07:04:47.903873+07:00,Nha Trang,65,/dl/web/weather/ic-w-04-scattered-clouds-full.svg,8.4 km/h,88%,aqi_nha-trang_2025_feb.csv
2025-02-19 08:28:52.690499+07:00,Nha Trang,64,/dl/web/weather/ic-w-04-scattered-clouds-full.svg,8.9 km/h,86%,aqi_nha-trang_2025_feb.csv
2025-02-19 10:05:30.974662+07:00,Nha Trang,64,/dl/web/weather/ic-w-04-scattered-clouds-full.svg,10.8 km/h,84%,aqi_nha-trang_2025_feb.csv
2025-02-19 11:02:03.628377+07:00,Nha Trang,65,/dl/web/weather/ic-w-04-scattered-clouds-full.svg,10.9 km/h,83%,aqi_nha-trang_2025_feb.csv
2025-02-19 12:02:08.978001+07:00,Nha Trang,65,/dl/web/weather/ic-w-04-scattered-clouds-full.svg,10.3 km/h,86%,aqi_nha-trang_2025_feb.csv
2025-02-19 13:02:37.881870+07:00,Nha Trang,65,/dl/web/weather/ic-w-04-scattered-clouds-full.svg,10.1 km/h,88%,aqi_nha-trang_2025_feb.csv
2025-02-19 14:02:13.131094+07:00,Nha Trang,68,/dl/web/weather/ic-w-04-scattered-clouds-full.svg,10.8 km/h,88%,aqi_nha-trang_2025_feb.csv
2025-02-19 15:02:14.817741+07:00,Nha Trang,68,/dl/web/weather/ic-w-04-scattered-clouds-full.svg,10.5 km/h,89%,aqi_nha-trang_2025_feb.csv
2025-02-19 16:03:04.997321+07:00,Nha Trang,68,/dl/web/weather/ic-w-04-scattered-clouds-full.svg,12.1 km/h,87%,aqi_nha-trang_2025_feb.csv
2025-02-19 17:02:46.825145+07:00,Nha Trang,67,/dl/web/weather/ic-w-04-scattered-clouds-full.svg,12.1 km/h,84%,aqi_nha-trang_2025_feb.csv
2025-02-19 18:02:47.907211+07:00,Nha Trang,67,/dl/web/weather/ic-w-04-scattered-clouds-full.svg,11.1 km/h,84%,aqi_nha-trang_2025_feb.csv
2025-02-19 19:03:09.918929+07:00,Nha Trang,67,/dl/web/weather/ic-w-04-scattered-clouds-full.svg,10.5 km/h,87%,aqi_nha-trang_2025_feb.csv
2025-02-19 20:06:31.512879+07:00,Nha Trang,65,/dl/web/weather/ic-w-04-scattered-clouds-full.svg,9.2 km/h,88%,aqi_nha-trang_2025_feb.csv
2025-02-19 21:03:02.802590+07:00,Nha Trang,65,/dl/web/weather/ic-w-04-scattered-clouds-full.svg,9.2 km/h,88%,aqi_nha-trang_2025_feb.csv
2025-02-19 22:02:58.864107+07:00,Nha Trang,65,/dl/web/weather/ic-w-04-scattered-clouds-full.svg,8.9 km/h,88%,aqi_nha-trang_2025_feb.csv
2025-02-19 23:02:51.196819+07:00,Nha Trang,62,/dl/web/weather/ic-w-04-scattered-clouds-full.svg,9.3 km/h,90%,aqi_nha-trang_2025_feb.csv
2025-02-20 00:02:44.550381+07:00,Nha Trang,62,/dl/web/weather/ic-w-04-scattered-clouds-full.svg,9.7 km/h,91%,aqi_nha-trang_2025_feb.csv
2025-02-20 01:03:02.262763+07:00,Nha Trang,62,/dl/web/weather/ic-w-04-scattered-clouds-full.svg,9.7 km/h,92%,aqi_nha-trang_2025_feb.csv
2025-02-20 02:02:28.487019+07:00,Nha Trang,58,/dl/web/weather/ic-w-04-scattered-clouds-full.svg,10.6 km/h,93%,aqi_nha-trang_2025_feb.csv
2025-02-20 03:02:55.415531+07:00,Nha Trang,58,/dl/web/weather/ic-w-04-scattered-clouds-full.svg,10.1 km/h,93%,aqi_nha-trang_2025_feb.csv
2025-02-20 04:02:57.940263+07:00,Nha Trang,58,/dl/web/weather/ic-w-04-scattered-clouds-full.svg,10.3 km/h,93%,aqi_nha-trang_2025_feb.csv
2025-02-20 05:02:40.246622+07:00,Nha Trang,66,/dl/web/weather/ic-w-04-scattered-clouds-full.svg,10.0 km/h,93%,aqi_nha-trang_2025_feb.csv
2025-02-20 06:02:44.299719+07:00,Nha Trang,66,/dl/web/weather/ic-w-04-scattered-clouds-full.svg,10.5 km/h,93%,aqi_nha-trang_2025_feb.csv
2025-02-20 07:05:47.650134+07:00,Nha Trang,66,/dl/web/weather/ic-w-04-scattered-clouds-full.svg,8.5 km/h,88%,aqi_nha-trang_2025_feb.csv
2025-02-20 08:29:42.796419+07:00,Nha Trang,64,/dl/web/weather/ic-w-04-scattered-clouds-full.svg,8.0 km/h,79%,aqi_nha-trang_2025_feb.csv
2025-02-20 09:24:41.266101+07:00,Nha Trang,64,/dl/web/weather/ic-w-04-scattered-clouds-full.svg,8.2 km/h,70%,aqi_nha-trang_2025_feb.csv
2025-02-20 10:06:27.583276+07:00,Nha Trang,64,/dl/web/weather/ic-w-04-scattered-clouds-full.svg,11.6 km/h,66%,aqi_nha-trang_2025_feb.csv
2025-02-20 11:02:52.486048+07:00,Nha Trang,65,/dl/web/weather/ic-w-04-scattered-clouds-full.svg,11.6 km/h,66%,aqi_nha-trang_2025_feb.csv
2025-02-20 12:02:54.318219+07:00,Nha Trang,65,/dl/web/weather/ic-w-04-scattered-clouds-full.svg,15.9 km/h,62%,aqi_nha-trang_2025_feb.csv
2025-02-20 13:02:57.013180+07:00,Nha Trang,65,/dl/web/weather/ic-w-04-scattered-clouds-full.svg,19.5 km/h,62%,aqi_nha-trang_2025_feb.csv
2025-02-20 14:02:39.453037+07:00,Nha Trang,66,/dl/web/weather/ic-w-04-scattered-clouds-full.svg,20.6 km/h,65%,aqi_nha-trang_2025_feb.csv
2025-02-20 15:02:55.370845+07:00,Nha Trang,66,/dl/web/weather/ic-w-04-scattered-clouds-full.svg,20.0 km/h,66%,aqi_nha-trang_2025_feb.csv
2025-02-20 16:02:51.424830+07:00,Nha Trang,66,/dl/web/weather/ic-w-04-scattered-clouds-full.svg,20.9 km/h,65%,aqi_nha-trang_2025_feb.csv
2025-02-20 17:02:43.457015+07:00,Nha Trang,64,/dl/web/weather/ic-w-04-scattered-clouds-full.svg,18.2 km/h,67%,aqi_nha-trang_2025_feb.csv
2025-02-20 18:02:43.817953+07:00,Nha Trang,64,/dl/web/weather/ic-w-04-scattered-clouds-full.svg,15.8 km/h,73%,aqi_nha-trang_2025_feb.csv
2025-02-20 19:03:02.594988+07:00,Nha Trang,64,/dl/web/weather/ic-w-04-scattered-clouds-full.svg,11.3 km/h,80%,aqi_nha-trang_2025_feb.csv
2025-02-20 20:07:19.493404+07:00,Nha Trang,63,/dl/web/weather/ic-w-04-scattered-clouds-full.svg,8.9 km/h,82%,aqi_nha-trang_2025_feb.csv
2025-02-20 21:02:50.345449+07:00,Nha Trang,63,/dl/web/weather/ic-w-04-scattered-clouds-full.svg,8.9 km/h,82%,aqi_nha-trang_2025_feb.csv
2025-02-20 22:02:46.824101+07:00,Nha Trang,63,/dl/web/weather/ic-w-04-scattered-clouds-full.svg,8.7 km/h,82%,aqi_nha-trang_2025_feb.csv
2025-02-20 23:02:57.363562+07:00,Nha Trang,60,/dl/web/weather/ic-w-04-scattered-clouds-full.svg,9.0 km/h,83%,aqi_nha-trang_2025_feb.csv
2025-02-21 00:02:51.156754+07:00,Nha Trang,60,/dl/web/weather/ic-w-04-scattered-clouds-full.svg,7.7 km/h,85%,aqi_nha-trang_2025_feb.csv
2025-02-21 01:03:08.300174+07:00,Nha Trang,60,/dl/web/weather/ic-w-04-scattered-clouds-full.svg,8.0 km/h,84%,aqi_nha-trang_2025_feb.csv
2025-02-21 03:02:48.263019+07:00,Nha Trang,56,/dl/web/weather/ic-w-04-scattered-clouds-full.svg,8.0 km/h,84%,aqi_nha-trang_2025_feb.csv
2025-02-21 04:02:58.171320+07:00,Nha Trang,56,/dl/web/weather/ic-w-04-scattered-clouds-full.svg,7.9 km/h,84%,aqi_nha-trang_2025_feb.csv
2025-02-21 05:02:40.694133+07:00,Nha Trang,55,/dl/web/weather/ic-w-04-scattered-clouds-full.svg,7.1 km/h,84%,aqi_nha-trang_2025_feb.csv
2025-02-21 06:02:49.065675+07:00,Nha Trang,55,/dl/web/weather/ic-w-04-scattered-clouds-full.svg,8.2 km/h,86%,aqi_nha-trang_2025_feb.csv
2025-02-21 07:05:34.850764+07:00,Nha Trang,55,/dl/web/weather/ic-w-04-scattered-clouds-full.svg,8.9 km/h,87%,aqi_nha-trang_2025_feb.csv
2025-02-21 08:29:23.343562+07:00,Nha Trang,58,/dl/web/weather/ic-w-04-scattered-clouds-full.svg,9.8 km/h,82%,aqi_nha-trang_2025_feb.csv
2025-02-21 09:25:00.301332+07:00,Nha Trang,58,/dl/web/weather/ic-w-04-scattered-clouds-full.svg,11.3 km/h,83%,aqi_nha-trang_2025_feb.csv
2025-02-21 10:06:56.713285+07:00,Nha Trang,58,/dl/web/weather/ic-w-04-scattered-clouds-full.svg,12.9 km/h,84%,aqi_nha-trang_2025_feb.csv
2025-02-21 11:02:39.382717+07:00,Nha Trang,43,/dl/web/weather/ic-w-04-scattered-clouds-full.svg,12.9 km/h,84%,aqi_nha-trang_2025_feb.csv
2025-02-21 12:02:41.964356+07:00,Nha Trang,43,/dl/web/weather/ic-w-04-scattered-clouds-full.svg,12.1 km/h,85%,aqi_nha-trang_2025_feb.csv
2025-02-21 13:02:54.609190+07:00,Nha Trang,43,/dl/web/weather/ic-w-04-scattered-clouds-full.svg,12.2 km/h,82%,aqi_nha-trang_2025_feb.csv
2025-02-21 14:02:53.204855+07:00,Nha Trang,38,/dl/web/weather/ic-w-04-scattered-clouds-full.svg,13.5 km/h,79%,aqi_nha-trang_2025_feb.csv
2025-02-21 15:02:55.950757+07:00,Nha Trang,38,/dl/web/weather/ic-w-04-scattered-clouds-full.svg,14.6 km/h,76%,aqi_nha-trang_2025_feb.csv
2025-02-21 16:02:52.198158+07:00,Nha Trang,38,/dl/web/weather/ic-w-04-scattered-clouds-full.svg,21.9 km/h,73%,aqi_nha-trang_2025_feb.csv
2025-02-21 17:02:49.015786+07:00,Nha Trang,21,/dl/web/weather/ic-w-04-scattered-clouds-full.svg,19.8 km/h,76%,aqi_nha-trang_2025_feb.csv
2025-02-21 18:02:55.288732+07:00,Nha Trang,21,/dl/web/weather/ic-w-04-scattered-clouds-full.svg,16.4 km/h,80%,aqi_nha-trang_2025_feb.csv
2025-02-21 19:03:11.402633+07:00,Nha Trang,21,/dl/web/weather/ic-w-04-scattered-clouds-full.svg,12.7 km/h,84%,aqi_nha-trang_2025_feb.csv
2025-02-21 21:02:51.948368+07:00,Nha Trang,26,/dl/web/weather/ic-w-04-scattered-clouds-full.svg,8.9 km/h,87%,aqi_nha-trang_2025_feb.csv
2025-02-21 22:02:47.869915+07:00,Nha Trang,26,/dl/web/weather/ic-w-04-scattered-clouds-full.svg,9.0 km/h,89%,aqi_nha-trang_2025_feb.csv
2025-02-22 00:02:33.595463+07:00,Nha Trang,39,/dl/web/weather/ic-w-04-scattered-clouds-full.svg,8.4 km/h,87%,aqi_nha-trang_2025_feb.csv
2025-02-22 01:03:05.287182+07:00,Nha Trang,39,/dl/web/weather/ic-w-04-scattered-clouds-full.svg,9.8 km/h,87%,aqi_nha-trang_2025_feb.csv
2025-02-22 02:02:39.125505+07:00,Nha Trang,29,/dl/web/weather/ic-w-04-scattered-clouds-full.svg,9.7 km/h,87%,aqi_nha-trang_2025_feb.csv
2025-02-22 03:02:51.295006+07:00,Nha Trang,29,/dl/web/weather/ic-w-04-scattered-clouds-full.svg,9.2 km/h,89%,aqi_nha-trang_2025_feb.csv
2025-02-22 04:02:47.978735+07:00,Nha Trang,29,/dl/web/weather/ic-w-04-scattered-clouds-full.svg,9.8 km/h,90%,aqi_nha-trang_2025_feb.csv
2025-02-22 05:02:48.560291+07:00,Nha Trang,34,/dl/web/weather/ic-w-04-scattered-clouds-full.svg,9.3 km/h,91%,aqi_nha-trang_2025_feb.csv
2025-02-22 06:02:50.750493+07:00,Nha Trang,34,/dl/web/weather/ic-w-04-scattered-clouds-full.svg,10.0 km/h,91%,aqi_nha-trang_2025_feb.csv
2025-02-22 07:05:14.903846+07:00,Nha Trang,34,/dl/web/weather/ic-w-04-scattered-clouds-full.svg,9.3 km/h,91%,aqi_nha-trang_2025_feb.csv
2025-02-22 08:29:15.155024+07:00,Nha Trang,28,/dl/web/weather/ic-w-04-scattered-clouds-full.svg,10.0 km/h,92%,aqi_nha-trang_2025_feb.csv
2025-02-22 09:22:19.560547+07:00,Nha Trang,28,/dl/web/weather/ic-w-06-rain-full.svg,9.7 km/h,93%,aqi_nha-trang_2025_feb.csv
2025-02-22 10:04:34.432593+07:00,Nha Trang,28,/dl/web/weather/ic-w-06-rain-full.svg,12.1 km/h,94%,aqi_nha-trang_2025_feb.csv
2025-02-22 11:02:50.207695+07:00,Nha Trang,19,/dl/web/weather/ic-w-06-rain-full.svg,12.1 km/h,94%,aqi_nha-trang_2025_feb.csv
2025-02-22 12:02:40.700918+07:00,Nha Trang,19,/dl/web/weather/ic-w-04-scattered-clouds-full.svg,11.6 km/h,96%,aqi_nha-trang_2025_feb.csv
2025-02-22 13:02:55.697565+07:00,Nha Trang,19,/dl/web/weather/ic-w-04-scattered-clouds-full.svg,8.2 km/h,97%,aqi_nha-trang_2025_feb.csv
2025-02-22 14:02:32.908398+07:00,Nha Trang,22,/dl/web/weather/ic-w-04-scattered-clouds-full.svg,8.2 km/h,98%,aqi_nha-trang_2025_feb.csv
2025-02-22 15:02:41.769014+07:00,Nha Trang,22,/dl/web/weather/ic-w-04-scattered-clouds-full.svg,9.5 km/h,97%,aqi_nha-trang_2025_feb.csv
2025-02-22 16:02:35.337140+07:00,Nha Trang,22,/dl/web/weather/ic-w-06-rain-full.svg,9.8 km/h,97%,aqi_nha-trang_2025_feb.csv
2025-02-22 17:02:48.833382+07:00,Nha Trang,45,/dl/web/weather/ic-w-04-scattered-clouds-full.svg,7.9 km/h,96%,aqi_nha-trang_2025_feb.csv
2025-02-22 18:02:32.408864+07:00,Nha Trang,45,/dl/web/weather/ic-w-04-scattered-clouds-full.svg,8.5 km/h,96%,aqi_nha-trang_2025_feb.csv
2025-02-22 19:02:55.125813+07:00,Nha Trang,45,/dl/web/weather/ic-w-04-scattered-clouds-full.svg,8.7 km/h,96%,aqi_nha-trang_2025_feb.csv
2025-02-22 20:04:58.044707+07:00,Nha Trang,49,/dl/web/weather/ic-w-04-scattered-clouds-full.svg,8.4 km/h,96%,aqi_nha-trang_2025_feb.csv
2025-02-22 21:02:35.018584+07:00,Nha Trang,49,/dl/web/weather/ic-w-04-scattered-clouds-full.svg,8.4 km/h,96%,aqi_nha-trang_2025_feb.csv
2025-02-22 22:02:32.443215+07:00,Nha Trang,49,/dl/web/weather/ic-w-04-scattered-clouds-full.svg,8.4 km/h,96%,aqi_nha-trang_2025_feb.csv
2025-02-22 23:02:34.911865+07:00,Nha Trang,40,/dl/web/weather/ic-w-04-scattered-clouds-full.svg,9.2 km/h,97%,aqi_nha-trang_2025_feb.csv
2025-02-23 00:02:50.292211+07:00,Nha Trang,40,/dl/web/weather/ic-w-12-night-rain-full.svg,9.7 km/h,97%,aqi_nha-trang_2025_feb.csv
2025-02-23 01:02:39.645804+07:00,Nha Trang,40,/dl/web/weather/ic-w-12-night-rain-full.svg,9.7 km/h,97%,aqi_nha-trang_2025_feb.csv
2025-02-23 02:02:52.053887+07:00,Nha Trang,18,/dl/web/weather/ic-w-12-night-rain-full.svg,9.3 km/h,97%,aqi_nha-trang_2025_feb.csv
2025-02-23 03:02:46.189642+07:00,Nha Trang,18,/dl/web/weather/ic-w-12-night-rain-full.svg,11.6 km/h,97%,aqi_nha-trang_2025_feb.csv
2025-02-23 04:03:27.585213+07:00,Nha Trang,18,/dl/web/weather/ic-w-04-scattered-clouds-full.svg,11.1 km/h,96%,aqi_nha-trang_2025_feb.csv
2025-02-23 05:02:36.601708+07:00,Nha Trang,14,/dl/web/weather/ic-w-12-night-rain-full.svg,9.2 km/h,97%,aqi_nha-trang_2025_feb.csv
2025-02-23 06:02:40.177095+07:00,Nha Trang,14,/dl/web/weather/ic-w-12-night-rain-full.svg,9.3 km/h,97%,aqi_nha-trang_2025_feb.csv
2025-02-23 07:05:42.043419+07:00,Nha Trang,14,/dl/web/weather/ic-w-06-rain-full.svg,9.3 km/h,96%,aqi_nha-trang_2025_feb.csv
2025-02-23 08:29:44.116056+07:00,Nha Trang,9,/dl/web/weather/ic-w-06-rain-full.svg,9.7 km/h,95%,aqi_nha-trang_2025_feb.csv
2025-02-23 09:27:01.699660+07:00,Nha Trang,9,/dl/web/weather/ic-w-04-scattered-clouds-full.svg,9.2 km/h,95%,aqi_nha-trang_2025_feb.csv
2025-02-23 10:08:46.331888+07:00,Nha Trang,9,/dl/web/weather/ic-w-06-rain-full.svg,8.5 km/h,98%,aqi_nha-trang_2025_feb.csv
2025-02-23 11:02:49.819632+07:00,Nha Trang,12,/dl/web/weather/ic-w-06-rain-full.svg,8.5 km/h,98%,aqi_nha-trang_2025_feb.csv
2025-02-23 12:02:41.849559+07:00,Nha Trang,12,/dl/web/weather/ic-w-06-rain-full.svg,10.3 km/h,98%,aqi_nha-trang_2025_feb.csv
2025-02-23 13:02:47.724758+07:00,Nha Trang,12,/dl/web/weather/ic-w-06-rain-full.svg,10.0 km/h,99%,aqi_nha-trang_2025_feb.csv
2025-02-23 14:02:46.865593+07:00,Nha Trang,13,/dl/web/weather/ic-w-06-rain-full.svg,11.7 km/h,99%,aqi_nha-trang_2025_feb.csv
2025-02-23 15:03:00.072998+07:00,Nha Trang,13,/dl/web/weather/ic-w-06-rain-full.svg,12.1 km/h,98%,aqi_nha-trang_2025_feb.csv
2025-02-23 16:02:45.193122+07:00,Nha Trang,13,/dl/web/weather/ic-w-04-scattered-clouds-full.svg,10.9 km/h,98%,aqi_nha-trang_2025_feb.csv
2025-02-23 17:02:35.962643+07:00,Nha Trang,18,/dl/web/weather/ic-w-04-scattered-clouds-full.svg,12.2 km/h,99%,aqi_nha-trang_2025_feb.csv
2025-02-23 18:02:48.748019+07:00,Nha Trang,18,/dl/web/weather/ic-w-04-scattered-clouds-full.svg,14.2 km/h,99%,aqi_nha-trang_2025_feb.csv
2025-02-23 19:02:56.012600+07:00,Nha Trang,18,/dl/web/weather/ic-w-04-scattered-clouds-full.svg,18.0 km/h,98%,aqi_nha-trang_2025_feb.csv
2025-02-23 20:05:17.588988+07:00,Nha Trang,26,/dl/web/weather/ic-w-04-scattered-clouds-full.svg,15.8 km/h,95%,aqi_nha-trang_2025_feb.csv
2025-02-23 21:02:33.327412+07:00,Nha Trang,26,/dl/web/weather/ic-w-04-scattered-clouds-full.svg,15.8 km/h,95%,aqi_nha-trang_2025_feb.csv
2025-02-23 22:02:36.576548+07:00,Nha Trang,26,/dl/web/weather/ic-w-04-scattered-clouds-full.svg,11.9 km/h,95%,aqi_nha-trang_2025_feb.csv
2025-02-23 23:02:38.354379+07:00,Nha Trang,47,/dl/web/weather/ic-w-04-scattered-clouds-full.svg,10.5 km/h,94%,aqi_nha-trang_2025_feb.csv
2025-02-24 00:02:42.363891+07:00,Nha Trang,47,/dl/web/weather/ic-w-04-scattered-clouds-full.svg,11.4 km/h,93%,aqi_nha-trang_2025_feb.csv
2025-02-24 01:02:43.335283+07:00,Nha Trang,47,/dl/web/weather/ic-w-04-scattered-clouds-full.svg,10.8 km/h,94%,aqi_nha-trang_2025_feb.csv
2025-02-24 02:02:34.729861+07:00,Nha Trang,58,/dl/web/weather/ic-w-04-scattered-clouds-full.svg,10.6 km/h,95%,aqi_nha-trang_2025_feb.csv
2025-02-24 03:02:56.704138+07:00,Nha Trang,58,/dl/web/weather/ic-w-04-scattered-clouds-full.svg,11.4 km/h,97%,aqi_nha-trang_2025_feb.csv
2025-02-24 04:02:50.268068+07:00,Nha Trang,58,/dl/web/weather/ic-w-04-scattered-clouds-full.svg,10.1 km/h,94%,aqi_nha-trang_2025_feb.csv
2025-02-24 05:02:32.110398+07:00,Nha Trang,43,/dl/web/weather/ic-w-04-scattered-clouds-full.svg,11.1 km/h,95%,aqi_nha-trang_2025_feb.csv
2025-02-24 06:02:32.356297+07:00,Nha Trang,43,/dl/web/weather/ic-w-04-scattered-clouds-full.svg,11.3 km/h,95%,aqi_nha-trang_2025_feb.csv
2025-02-24 07:05:32.527527+07:00,Nha Trang,43,/dl/web/weather/ic-w-04-scattered-clouds-full.svg,13.7 km/h,95%,aqi_nha-trang_2025_feb.csv
2025-02-24 08:29:55.142385+07:00,Nha Trang,31,/dl/web/weather/ic-w-04-scattered-clouds-full.svg,16.3 km/h,93%,aqi_nha-trang_2025_feb.csv
2025-02-24 09:26:51.279374+07:00,Nha Trang,31,/dl/web/weather/ic-w-04-scattered-clouds-full.svg,17.1 km/h,93%,aqi_nha-trang_2025_feb.csv
2025-02-24 10:09:02.256838+07:00,Nha Trang,31,/dl/web/weather/ic-w-04-scattered-clouds-full.svg,17.4 km/h,93%,aqi_nha-trang_2025_feb.csv
2025-02-24 11:02:38.600021+07:00,Nha Trang,34,/dl/web/weather/ic-w-04-scattered-clouds-full.svg,17.4 km/h,93%,aqi_nha-trang_2025_feb.csv
2025-02-24 12:02:41.054884+07:00,Nha Trang,34,/dl/web/weather/ic-w-04-scattered-clouds-full.svg,17.9 km/h,92%,aqi_nha-trang_2025_feb.csv
2025-02-24 13:03:12.656752+07:00,Nha Trang,34,/dl/web/weather/ic-w-04-scattered-clouds-full.svg,17.7 km/h,92%,aqi_nha-trang_2025_feb.csv
2025-02-24 14:02:43.371297+07:00,Nha Trang,31,/dl/web/weather/ic-w-04-scattered-clouds-full.svg,18.8 km/h,91%,aqi_nha-trang_2025_feb.csv
2025-02-24 15:02:58.136703+07:00,Nha Trang,31,/dl/web/weather/ic-w-04-scattered-clouds-full.svg,20.8 km/h,89%,aqi_nha-trang_2025_feb.csv
2025-02-24 16:03:05.300091+07:00,Nha Trang,31,/dl/web/weather/ic-w-04-scattered-clouds-full.svg,21.4 km/h,89%,aqi_nha-trang_2025_feb.csv
2025-02-24 17:02:46.892311+07:00,Nha Trang,51,/dl/web/weather/ic-w-04-scattered-clouds-full.svg,21.2 km/h,90%,aqi_nha-trang_2025_feb.csv
2025-02-24 18:02:39.185419+07:00,Nha Trang,51,/dl/web/weather/ic-w-04-scattered-clouds-full.svg,19.6 km/h,91%,aqi_nha-trang_2025_feb.csv
2025-02-24 19:02:57.101111+07:00,Nha Trang,51,/dl/web/weather/ic-w-12-night-rain-full.svg,17.9 km/h,91%,aqi_nha-trang_2025_feb.csv
2025-02-24 20:07:43.205604+07:00,Nha Trang,53,/dl/web/weather/ic-w-04-scattered-clouds-full.svg,14.2 km/h,93%,aqi_nha-trang_2025_feb.csv
2025-02-24 21:02:51.605433+07:00,Nha Trang,53,/dl/web/weather/ic-w-04-scattered-clouds-full.svg,14.2 km/h,93%,aqi_nha-trang_2025_feb.csv
2025-02-24 22:02:56.605428+07:00,Nha Trang,53,/dl/web/weather/ic-w-04-scattered-clouds-full.svg,14.3 km/h,93%,aqi_nha-trang_2025_feb.csv
2025-02-24 23:03:11.890551+07:00,Nha Trang,36,/dl/web/weather/ic-w-04-scattered-clouds-full.svg,14.3 km/h,93%,aqi_nha-trang_2025_feb.csv
2025-02-25 00:02:55.744258+07:00,Nha Trang,36,/dl/web/weather/ic-w-04-scattered-clouds-full.svg,14.0 km/h,93%,aqi_nha-trang_2025_feb.csv
2025-02-25 01:02:54.934352+07:00,Nha Trang,36,/dl/web/weather/ic-w-04-scattered-clouds-full.svg,13.5 km/h,94%,aqi_nha-trang_2025_feb.csv
2025-02-25 02:02:44.249164+07:00,Nha Trang,25,/dl/web/weather/ic-w-04-scattered-clouds-full.svg,12.4 km/h,94%,aqi_nha-trang_2025_feb.csv
2025-02-25 03:02:54.157399+07:00,Nha Trang,25,/dl/web/weather/ic-w-04-scattered-clouds-full.svg,11.7 km/h,93%,aqi_nha-trang_2025_feb.csv
2025-02-25 04:02:50.113559+07:00,Nha Trang,25,/dl/web/weather/ic-w-04-scattered-clouds-full.svg,11.3 km/h,93%,aqi_nha-trang_2025_feb.csv
2025-02-25 05:02:41.736434+07:00,Nha Trang,27,/dl/web/weather/ic-w-04-scattered-clouds-full.svg,11.9 km/h,93%,aqi_nha-trang_2025_feb.csv
2025-02-25 06:02:37.323241+07:00,Nha Trang,27,/dl/web/weather/ic-w-04-scattered-clouds-full.svg,12.7 km/h,93%,aqi_nha-trang_2025_feb.csv
2025-02-25 07:05:47.662378+07:00,Nha Trang,27,/dl/web/weather/ic-w-04-scattered-clouds-full.svg,11.7 km/h,93%,aqi_nha-trang_2025_feb.csv
2025-02-25 08:29:45.739995+07:00,Nha Trang,28,/dl/web/weather/ic-w-06-rain-full.svg,12.9 km/h,93%,aqi_nha-trang_2025_feb.csv
2025-02-25 09:26:03.989566+07:00,Nha Trang,28,/dl/web/weather/ic-w-04-scattered-clouds-full.svg,13.0 km/h,91%,aqi_nha-trang_2025_feb.csv
2025-02-25 10:08:35.368173+07:00,Nha Trang,28,/dl/web/weather/ic-w-04-scattered-clouds-full.svg,14.6 km/h,89%,aqi_nha-trang_2025_feb.csv
2025-02-25 11:03:09.911054+07:00,Nha Trang,33,/dl/web/weather/ic-w-04-scattered-clouds-full.svg,14.6 km/h,89%,aqi_nha-trang_2025_feb.csv
2025-02-25 12:02:42.202463+07:00,Nha Trang,33,/dl/web/weather/ic-w-04-scattered-clouds-full.svg,16.1 km/h,89%,aqi_nha-trang_2025_feb.csv
2025-02-25 13:02:53.272382+07:00,Nha Trang,33,/dl/web/weather/ic-w-04-scattered-clouds-full.svg,17.7 km/h,88%,aqi_nha-trang_2025_feb.csv
2025-02-25 14:02:48.458171+07:00,Nha Trang,47,/dl/web/weather/ic-w-04-scattered-clouds-full.svg,17.5 km/h,87%,aqi_nha-trang_2025_feb.csv
2025-02-25 15:02:59.218637+07:00,Nha Trang,47,/dl/web/weather/ic-w-04-scattered-clouds-full.svg,16.7 km/h,84%,aqi_nha-trang_2025_feb.csv
2025-02-25 16:02:48.440059+07:00,Nha Trang,47,/dl/web/weather/ic-w-04-scattered-clouds-full.svg,17.2 km/h,84%,aqi_nha-trang_2025_feb.csv
2025-02-25 17:02:58.579883+07:00,Nha Trang,39,/dl/web/weather/ic-w-04-scattered-clouds-full.svg,15.4 km/h,86%,aqi_nha-trang_2025_feb.csv
2025-02-25 18:02:47.649902+07:00,Nha Trang,39,/dl/web/weather/ic-w-04-scattered-clouds-full.svg,12.7 km/h,88%,aqi_nha-trang_2025_feb.csv
2025-02-25 19:03:16.687037+07:00,Nha Trang,39,/dl/web/weather/ic-w-04-scattered-clouds-full.svg,10.8 km/h,89%,aqi_nha-trang_2025_feb.csv
2025-02-25 20:07:30.138484+07:00,Nha Trang,51,/dl/web/weather/ic-w-04-scattered-clouds-full.svg,11.3 km/h,91%,aqi_nha-trang_2025_feb.csv
2025-02-25 21:02:50.338877+07:00,Nha Trang,51,/dl/web/weather/ic-w-04-scattered-clouds-full.svg,11.3 km/h,91%,aqi_nha-trang_2025_feb.csv
2025-02-25 22:03:01.560538+07:00,Nha Trang,51,/dl/web/weather/ic-w-04-scattered-clouds-full.svg,10.6 km/h,91%,aqi_nha-trang_2025_feb.csv
2025-02-25 23:03:01.324652+07:00,Nha Trang,54,/dl/web/weather/ic-w-04-scattered-clouds-full.svg,10.5 km/h,91%,aqi_nha-trang_2025_feb.csv
2025-02-26 00:02:52.323305+07:00,Nha Trang,54,/dl/web/weather/ic-w-04-scattered-clouds-full.svg,11.1 km/h,92%,aqi_nha-trang_2025_feb.csv
2025-02-26 01:02:55.444425+07:00,Nha Trang,54,/dl/web/weather/ic-w-04-scattered-clouds-full.svg,10.6 km/h,92%,aqi_nha-trang_2025_feb.csv
2025-02-26 02:02:31.946608+07:00,Nha Trang,61,/dl/web/weather/ic-w-04-scattered-clouds-full.svg,10.9 km/h,91%,aqi_nha-trang_2025_feb.csv
2025-02-26 03:02:56.941340+07:00,Nha Trang,61,/dl/web/weather/ic-w-04-scattered-clouds-full.svg,10.6 km/h,90%,aqi_nha-trang_2025_feb.csv
2025-02-26 04:02:47.542801+07:00,Nha Trang,61,/dl/web/weather/ic-w-04-scattered-clouds-full.svg,10.6 km/h,92%,aqi_nha-trang_2025_feb.csv
2025-02-26 05:02:39.464510+07:00,Nha Trang,48,/dl/web/weather/ic-w-04-scattered-clouds-full.svg,9.7 km/h,92%,aqi_nha-trang_2025_feb.csv
2025-02-26 06:02:35.799101+07:00,Nha Trang,48,/dl/web/weather/ic-w-04-scattered-clouds-full.svg,9.2 km/h,92%,aqi_nha-trang_2025_feb.csv
2025-02-26 08:29:46.872297+07:00,Nha Trang,44,/dl/web/weather/ic-w-06-rain-full.svg,8.7 km/h,91%,aqi_nha-trang_2025_feb.csv
2025-02-26 09:25:56.391663+07:00,Nha Trang,44,/dl/web/weather/ic-w-06-rain-full.svg,10.0 km/h,91%,aqi_nha-trang_2025_feb.csv
2025-02-26 10:08:10.954525+07:00,Nha Trang,44,/dl/web/weather/ic-w-04-scattered-clouds-full.svg,10.6 km/h,91%,aqi_nha-trang_2025_feb.csv
2025-02-26 11:03:05.121266+07:00,Nha Trang,46,/dl/web/weather/ic-w-04-scattered-clouds-full.svg,10.6 km/h,91%,aqi_nha-trang_2025_feb.csv
2025-02-26 12:02:47.699129+07:00,Nha Trang,46,/dl/web/weather/ic-w-04-scattered-clouds-full.svg,11.9 km/h,90%,aqi_nha-trang_2025_feb.csv
2025-02-26 13:02:58.844659+07:00,Nha Trang,46,/dl/web/weather/ic-w-04-scattered-clouds-full.svg,13.4 km/h,89%,aqi_nha-trang_2025_feb.csv
2025-02-26 14:02:36.371980+07:00,Nha Trang,33,/dl/web/weather/ic-w-04-scattered-clouds-full.svg,13.2 km/h,89%,aqi_nha-trang_2025_feb.csv
2025-02-26 15:02:54.231577+07:00,Nha Trang,33,/dl/web/weather/ic-w-04-scattered-clouds-full.svg,13.7 km/h,86%,aqi_nha-trang_2025_feb.csv
2025-02-26 17:03:04.099539+07:00,Nha Trang,23,/dl/web/weather/ic-w-04-scattered-clouds-full.svg,12.9 km/h,86%,aqi_nha-trang_2025_feb.csv
2025-02-26 18:02:54.105016+07:00,Nha Trang,23,/dl/web/weather/ic-w-04-scattered-clouds-full.svg,11.4 km/h,89%,aqi_nha-trang_2025_feb.csv
2025-02-26 19:03:03.451752+07:00,Nha Trang,23,/dl/web/weather/ic-w-04-scattered-clouds-full.svg,9.8 km/h,90%,aqi_nha-trang_2025_feb.csv
2025-02-26 20:07:39.038373+07:00,Nha Trang,60,/dl/web/weather/ic-w-04-scattered-clouds-full.svg,8.0 km/h,91%,aqi_nha-trang_2025_feb.csv
2025-02-26 21:02:47.176224+07:00,Nha Trang,60,/dl/web/weather/ic-w-04-scattered-clouds-full.svg,8.0 km/h,91%,aqi_nha-trang_2025_feb.csv
2025-02-26 22:03:01.353658+07:00,Nha Trang,60,/dl/web/weather/ic-w-04-scattered-clouds-full.svg,7.9 km/h,91%,aqi_nha-trang_2025_feb.csv
2025-02-26 23:02:59.765760+07:00,Nha Trang,66,/dl/web/weather/ic-w-04-scattered-clouds-full.svg,7.9 km/h,91%,aqi_nha-trang_2025_feb.csv
2025-02-27 00:02:53.204138+07:00,Nha Trang,66,/dl/web/weather/ic-w-04-scattered-clouds-full.svg,7.9 km/h,92%,aqi_nha-trang_2025_feb.csv
2025-02-27 01:03:03.804465+07:00,Nha Trang,66,/dl/web/weather/ic-w-04-scattered-clouds-full.svg,8.7 km/h,93%,aqi_nha-trang_2025_feb.csv
2025-02-27 02:02:43.028333+07:00,Nha Trang,67,/dl/web/weather/ic-w-04-scattered-clouds-full.svg,7.6 km/h,93%,aqi_nha-trang_2025_feb.csv
2025-02-27 03:03:01.066133+07:00,Nha Trang,67,/dl/web/weather/ic-w-04-scattered-clouds-full.svg,8.2 km/h,93%,aqi_nha-trang_2025_feb.csv
2025-02-27 04:02:49.531060+07:00,Nha Trang,67,/dl/web/weather/ic-w-04-scattered-clouds-full.svg,8.7 km/h,93%,aqi_nha-trang_2025_feb.csv
2025-02-27 05:02:43.956761+07:00,Nha Trang,67,/dl/web/weather/ic-w-04-scattered-clouds-full.svg,7.1 km/h,93%,aqi_nha-trang_2025_feb.csv
2025-02-27 06:02:49.315608+07:00,Nha Trang,67,/dl/web/weather/ic-w-04-scattered-clouds-full.svg,7.4 km/h,93%,aqi_nha-trang_2025_feb.csv
2025-02-27 07:05:38.643977+07:00,Nha Trang,67,/dl/web/weather/ic-w-04-scattered-clouds-full.svg,7.2 km/h,91%,aqi_nha-trang_2025_feb.csv
2025-02-27 08:29:52.158595+07:00,Nha Trang,67,/dl/web/weather/ic-w-04-scattered-clouds-full.svg,8.9 km/h,87%,aqi_nha-trang_2025_feb.csv
2025-02-27 09:26:23.450189+07:00,Nha Trang,67,/dl/web/weather/ic-w-04-scattered-clouds-full.svg,6.4 km/h,79%,aqi_nha-trang_2025_feb.csv
2025-02-27 10:08:53.296750+07:00,Nha Trang,67,/dl/web/weather/ic-w-04-scattered-clouds-full.svg,9.5 km/h,73%,aqi_nha-trang_2025_feb.csv
2025-02-27 11:02:45.722257+07:00,Nha Trang,67,/dl/web/weather/ic-w-04-scattered-clouds-full.svg,9.5 km/h,73%,aqi_nha-trang_2025_feb.csv
2025-02-27 12:02:44.547730+07:00,Nha Trang,67,/dl/web/weather/ic-w-04-scattered-clouds-full.svg,11.9 km/h,71%,aqi_nha-trang_2025_feb.csv
2025-02-27 13:02:48.086039+07:00,Nha Trang,67,/dl/web/weather/ic-w-04-scattered-clouds-full.svg,11.6 km/h,72%,aqi_nha-trang_2025_feb.csv
2025-02-27 14:02:44.094207+07:00,Nha Trang,68,/dl/web/weather/ic-w-04-scattered-clouds-full.svg,13.0 km/h,70%,aqi_nha-trang_2025_feb.csv
2025-02-27 15:02:51.672379+07:00,Nha Trang,68,/dl/web/weather/ic-w-04-scattered-clouds-full.svg,14.2 km/h,71%,aqi_nha-trang_2025_feb.csv
2025-02-27 16:02:59.696222+07:00,Nha Trang,68,/dl/web/weather/ic-w-04-scattered-clouds-full.svg,16.3 km/h,72%,aqi_nha-trang_2025_feb.csv
2025-02-27 17:02:59.272253+07:00,Nha Trang,68,/dl/web/weather/ic-w-04-scattered-clouds-full.svg,15.1 km/h,75%,aqi_nha-trang_2025_feb.csv
2025-02-27 18:02:51.971193+07:00,Nha Trang,68,/dl/web/weather/ic-w-04-scattered-clouds-full.svg,13.8 km/h,81%,aqi_nha-trang_2025_feb.csv
2025-02-27 19:03:09.787266+07:00,Nha Trang,68,/dl/web/weather/ic-w-04-scattered-clouds-full.svg,12.4 km/h,86%,aqi_nha-trang_2025_feb.csv
2025-02-27 20:07:45.416239+07:00,Nha Trang,69,/dl/web/weather/ic-w-11-night-few-clouds-full.svg,7.7 km/h,89%,aqi_nha-trang_2025_feb.csv
2025-02-27 21:02:57.409272+07:00,Nha Trang,69,/dl/web/weather/ic-w-11-night-few-clouds-full.svg,7.7 km/h,89%,aqi_nha-trang_2025_feb.csv
2025-02-27 22:02:53.741628+07:00,Nha Trang,69,/dl/web/weather/ic-w-11-night-few-clouds-full.svg,7.2 km/h,90%,aqi_nha-trang_2025_feb.csv
2025-02-27 23:02:57.433865+07:00,Nha Trang,69,/dl/web/weather/ic-w-04-scattered-clouds-full.svg,8.0 km/h,90%,aqi_nha-trang_2025_feb.csv
2025-02-28 00:02:54.030319+07:00,Nha Trang,69,/dl/web/weather/ic-w-04-scattered-clouds-full.svg,7.2 km/h,90%,aqi_nha-trang_2025_feb.csv
2025-02-28 01:02:58.177147+07:00,Nha Trang,69,/dl/web/weather/ic-w-04-scattered-clouds-full.svg,7.6 km/h,91%,aqi_nha-trang_2025_feb.csv
2025-02-28 02:02:45.382956+07:00,Nha Trang,69,/dl/web/weather/ic-w-04-scattered-clouds-full.svg,9.3 km/h,92%,aqi_nha-trang_2025_feb.csv
2025-02-28 03:02:57.693214+07:00,Nha Trang,69,/dl/web/weather/ic-w-04-scattered-clouds-full.svg,7.9 km/h,92%,aqi_nha-trang_2025_feb.csv
2025-02-28 04:02:47.196534+07:00,Nha Trang,69,/dl/web/weather/ic-w-04-scattered-clouds-full.svg,7.4 km/h,92%,aqi_nha-trang_2025_feb.csv
2025-02-28 05:02:58.135385+07:00,Nha Trang,69,/dl/web/weather/ic-w-11-night-few-clouds-full.svg,6.6 km/h,91%,aqi_nha-trang_2025_feb.csv
2025-02-28 06:02:52.510223+07:00,Nha Trang,69,/dl/web/weather/ic-w-11-night-few-clouds-full.svg,7.2 km/h,91%,aqi_nha-trang_2025_feb.csv
2025-02-28 07:05:20.831108+07:00,Nha Trang,69,/dl/web/weather/ic-w-02-new-clouds-full.svg,7.2 km/h,87%,aqi_nha-trang_2025_feb.csv
2025-02-28 08:29:52.066917+07:00,Nha Trang,68,/dl/web/weather/ic-w-01-clear-sky-full.svg,6.9 km/h,80%,aqi_nha-trang_2025_feb.csv
2025-02-28 09:26:55.694268+07:00,Nha Trang,68,/dl/web/weather/ic-w-01-clear-sky-full.svg,5.3 km/h,74%,aqi_nha-trang_2025_feb.csv
2025-02-28 10:09:24.820766+07:00,Nha Trang,68,/dl/web/weather/ic-w-01-clear-sky-full.svg,7.2 km/h,70%,aqi_nha-trang_2025_feb.csv
2025-02-28 11:03:06.316409+07:00,Nha Trang,69,/dl/web/weather/ic-w-01-clear-sky-full.svg,7.2 km/h,70%,aqi_nha-trang_2025_feb.csv
2025-02-28 12:02:55.687952+07:00,Nha Trang,69,/dl/web/weather/ic-w-01-clear-sky-full.svg,10.9 km/h,70%,aqi_nha-trang_2025_feb.csv
2025-02-28 13:02:49.910570+07:00,Nha Trang,69,/dl/web/weather/ic-w-01-clear-sky-full.svg,13.2 km/h,71%,aqi_nha-trang_2025_feb.csv
2025-02-28 14:02:37.036823+07:00,Nha Trang,68,/dl/web/weather/ic-w-02-new-clouds-full.svg,14.6 km/h,72%,aqi_nha-trang_2025_feb.csv
2025-02-28 15:02:48.790568+07:00,Nha Trang,68,/dl/web/weather/ic-w-04-scattered-clouds-full.svg,16.3 km/h,73%,aqi_nha-trang_2025_feb.csv
2025-02-28 16:02:54.627168+07:00,Nha Trang,68,/dl/web/weather/ic-w-04-scattered-clouds-full.svg,15.8 km/h,75%,aqi_nha-trang_2025_feb.csv
2025-02-28 17:03:00.719537+07:00,Nha Trang,68,/dl/web/weather/ic-w-04-scattered-clouds-full.svg,15.4 km/h,78%,aqi_nha-trang_2025_feb.csv
2025-02-28 18:02:37.739489+07:00,Nha Trang,68,/dl/web/weather/ic-w-04-scattered-clouds-full.svg,12.9 km/h,82%,aqi_nha-trang_2025_feb.csv
2025-02-28 19:03:17.122949+07:00,Nha Trang,68,/dl/web/weather/ic-w-11-night-few-clouds-full.svg,10.9 km/h,89%,aqi_nha-trang_2025_feb.csv
2025-02-28 20:07:13.762847+07:00,Nha Trang,67,/dl/web/weather/ic-w-10-night-clear-sky-full.svg,8.7 km/h,90%,aqi_nha-trang_2025_feb.csv
2025-02-28 21:02:46.171948+07:00,Nha Trang,67,/dl/web/weather/ic-w-10-night-clear-sky-full.svg,8.7 km/h,90%,aqi_nha-trang_2025_feb.csv
2025-02-28 22:02:55.719361+07:00,Nha Trang,67,/dl/web/weather/ic-w-10-night-clear-sky-full.svg,7.9 km/h,90%,aqi_nha-trang_2025_feb.csv
2025-02-28 23:03:13.414328+07:00,Nha Trang,69,/dl/web/weather/ic-w-10-night-clear-sky-full.svg,7.6 km/h,90%,aqi_nha-trang_2025_feb.csv
2025-03-01 00:03:36.496045+07:00,Nha Trang,69,/dl/web/weather/ic-w-10-night-clear-sky-full.svg,6.8 km/h,90%,aqi_nha-trang_2025_mar.csv
2025-03-01 01:02:49.395746+07:00,Nha Trang,69,/dl/web/weather/ic-w-11-night-few-clouds-full.svg,6.6 km/h,89%,aqi_nha-trang_2025_mar.csv
2025-03-01 02:02:52.013063+07:00,Nha Trang,68,/dl/web/weather/ic-w-04-scattered-clouds-full.svg,7.1 km/h,88%,aqi_nha-trang_2025_mar.csv
2025-03-01 03:02:56.814660+07:00,Nha Trang,68,/dl/web/weather/ic-w-04-scattered-clouds-full.svg,7.1 km/h,89%,aqi_nha-trang_2025_mar.csv
2025-03-01 04:02:38.781467+07:00,Nha Trang,68,/dl/web/weather/ic-w-04-scattered-clouds-full.svg,7.4 km/h,91%,aqi_nha-trang_2025_mar.csv
2025-03-01 05:02:40.628888+07:00,Nha Trang,67,/dl/web/weather/ic-w-04-scattered-clouds-full.svg,8.0 km/h,92%,aqi_nha-trang_2025_mar.csv
2025-03-01 06:02:43.659876+07:00,Nha Trang,67,/dl/web/weather/ic-w-04-scattered-clouds-full.svg,7.9 km/h,92%,aqi_nha-trang_2025_mar.csv
2025-03-01 07:05:47.107063+07:00,Nha Trang,67,/dl/web/weather/ic-w-04-scattered-clouds-full.svg,6.8 km/h,90%,aqi_nha-trang_2025_mar.csv
2025-03-01 08:30:04.252669+07:00,Nha Trang,65,/dl/web/weather/ic-w-01-clear-sky-full.svg,4.7 km/h,83%,aqi_nha-trang_2025_mar.csv
2025-03-01 09:28:27.643474+07:00,Nha Trang,65,/dl/web/weather/ic-w-04-scattered-clouds-full.svg,3.4 km/h,75%,aqi_nha-trang_2025_mar.csv
2025-03-01 10:12:26.401222+07:00,Nha Trang,65,/dl/web/weather/ic-w-04-scattered-clouds-full.svg,7.1 km/h,71%,aqi_nha-trang_2025_mar.csv
2025-03-01 11:02:47.839517+07:00,Nha Trang,66,/dl/web/weather/ic-w-04-scattered-clouds-full.svg,7.1 km/h,71%,aqi_nha-trang_2025_mar.csv
2025-03-01 12:02:52.102107+07:00,Nha Trang,66,/dl/web/weather/ic-w-04-scattered-clouds-full.svg,8.5 km/h,70%,aqi_nha-trang_2025_mar.csv
2025-03-01 13:02:58.448203+07:00,Nha Trang,66,/dl/web/weather/ic-w-04-scattered-clouds-full.svg,10.1 km/h,69%,aqi_nha-trang_2025_mar.csv
2025-03-01 14:02:35.784738+07:00,Nha Trang,67,/dl/web/weather/ic-w-02-new-clouds-full.svg,12.1 km/h,70%,aqi_nha-trang_2025_mar.csv
2025-03-01 15:02:53.571327+07:00,Nha Trang,67,/dl/web/weather/ic-w-04-scattered-clouds-full.svg,11.7 km/h,71%,aqi_nha-trang_2025_mar.csv
2025-03-01 16:02:43.010381+07:00,Nha Trang,67,/dl/web/weather/ic-w-01-clear-sky-full.svg,11.6 km/h,74%,aqi_nha-trang_2025_mar.csv
2025-03-01 17:02:53.353665+07:00,Nha Trang,68,/dl/web/weather/ic-w-04-scattered-clouds-full.svg,10.9 km/h,76%,aqi_nha-trang_2025_mar.csv
2025-03-01 18:02:36.805553+07:00,Nha Trang,68,/dl/web/weather/ic-w-04-scattered-clouds-full.svg,8.9 km/h,81%,aqi_nha-trang_2025_mar.csv
2025-03-01 19:02:57.720723+07:00,Nha Trang,68,/dl/web/weather/ic-w-04-scattered-clouds-full.svg,7.2 km/h,88%,aqi_nha-trang_2025_mar.csv
2025-03-01 20:05:21.303955+07:00,Nha Trang,68,/dl/web/weather/ic-w-04-scattered-clouds-full.svg,6.1 km/h,91%,aqi_nha-trang_2025_mar.csv
2025-03-01 21:02:49.776806+07:00,Nha Trang,68,/dl/web/weather/ic-w-04-scattered-clouds-full.svg,6.1 km/h,91%,aqi_nha-trang_2025_mar.csv
2025-03-01 22:02:38.072462+07:00,Nha Trang,68,/dl/web/weather/ic-w-04-scattered-clouds-full.svg,6.9 km/h,91%,aqi_nha-trang_2025_mar.csv
2025-03-01 23:03:33.361753+07:00,Nha Trang,72,/dl/web/weather/ic-w-04-scattered-clouds-full.svg,9.7 km/h,93%,aqi_nha-trang_2025_mar.csv
2025-03-02 00:02:28.887613+07:00,Nha Trang,72,/dl/web/weather/ic-w-04-scattered-clouds-full.svg,9.8 km/h,93%,aqi_nha-trang_2025_mar.csv
2025-03-02 01:03:04.418312+07:00,Nha Trang,72,/dl/web/weather/ic-w-04-scattered-clouds-full.svg,9.2 km/h,93%,aqi_nha-trang_2025_mar.csv
2025-03-02 02:02:27.387712+07:00,Nha Trang,71,/dl/web/weather/ic-w-04-scattered-clouds-full.svg,9.3 km/h,93%,aqi_nha-trang_2025_mar.csv
2025-03-02 03:02:40.864016+07:00,Nha Trang,71,/dl/web/weather/ic-w-04-scattered-clouds-full.svg,9.2 km/h,93%,aqi_nha-trang_2025_mar.csv
2025-03-02 04:02:52.673371+07:00,Nha Trang,71,/dl/web/weather/ic-w-04-scattered-clouds-full.svg,9.2 km/h,93%,aqi_nha-trang_2025_mar.csv
2025-03-02 05:02:39.415744+07:00,Nha Trang,66,/dl/web/weather/ic-w-04-scattered-clouds-full.svg,9.2 km/h,93%,aqi_nha-trang_2025_mar.csv
2025-03-02 06:02:48.209418+07:00,Nha Trang,66,/dl/web/weather/ic-w-04-scattered-clouds-full.svg,9.5 km/h,93%,aqi_nha-trang_2025_mar.csv
2025-03-02 07:05:40.389638+07:00,Nha Trang,66,/dl/web/weather/ic-w-04-scattered-clouds-full.svg,12.1 km/h,88%,aqi_nha-trang_2025_mar.csv
2025-03-02 08:30:10.807752+07:00,Nha Trang,61,/dl/web/weather/ic-w-04-scattered-clouds-full.svg,10.0 km/h,79%,aqi_nha-trang_2025_mar.csv
2025-03-02 09:27:53.771957+07:00,Nha Trang,61,/dl/web/weather/ic-w-04-scattered-clouds-full.svg,7.7 km/h,70%,aqi_nha-trang_2025_mar.csv
2025-03-02 10:10:46.551541+07:00,Nha Trang,61,/dl/web/weather/ic-w-04-scattered-clouds-full.svg,3.4 km/h,66%,aqi_nha-trang_2025_mar.csv
2025-03-02 11:02:46.589609+07:00,Nha Trang,65,/dl/web/weather/ic-w-04-scattered-clouds-full.svg,3.4 km/h,66%,aqi_nha-trang_2025_mar.csv
2025-03-02 12:02:48.876210+07:00,Nha Trang,65,/dl/web/weather/ic-w-04-scattered-clouds-full.svg,5.8 km/h,62%,aqi_nha-trang_2025_mar.csv
2025-03-02 13:03:06.439879+07:00,Nha Trang,65,/dl/web/weather/ic-w-04-scattered-clouds-full.svg,10.3 km/h,63%,aqi_nha-trang_2025_mar.csv
2025-03-02 14:02:39.587100+07:00,Nha Trang,69,/dl/web/weather/ic-w-04-scattered-clouds-full.svg,12.2 km/h,64%,aqi_nha-trang_2025_mar.csv
2025-03-02 15:02:45.885469+07:00,Nha Trang,69,/dl/web/weather/ic-w-02-new-clouds-full.svg,12.7 km/h,67%,aqi_nha-trang_2025_mar.csv
2025-03-02 16:02:46.527221+07:00,Nha Trang,69,/dl/web/weather/ic-w-04-scattered-clouds-full.svg,12.4 km/h,72%,aqi_nha-trang_2025_mar.csv
2025-03-02 17:02:53.197458+07:00,Nha Trang,70,/dl/web/weather/ic-w-04-scattered-clouds-full.svg,10.6 km/h,76%,aqi_nha-trang_2025_mar.csv
2025-03-02 18:02:42.369703+07:00,Nha Trang,70,/dl/web/weather/ic-w-04-scattered-clouds-full.svg,8.0 km/h,80%,aqi_nha-trang_2025_mar.csv
2025-03-02 19:02:54.056107+07:00,Nha Trang,70,/dl/web/weather/ic-w-04-scattered-clouds-full.svg,4.2 km/h,88%,aqi_nha-trang_2025_mar.csv
2025-03-02 20:05:27.376639+07:00,Nha Trang,71,/dl/web/weather/ic-w-04-scattered-clouds-full.svg,3.7 km/h,91%,aqi_nha-trang_2025_mar.csv
2025-03-02 21:02:30.635624+07:00,Nha Trang,71,/dl/web/weather/ic-w-04-scattered-clouds-full.svg,3.7 km/h,91%,aqi_nha-trang_2025_mar.csv
2025-03-02 22:02:55.249211+07:00,Nha Trang,71,/dl/web/weather/ic-w-04-scattered-clouds-full.svg,3.9 km/h,91%,aqi_nha-trang_2025_mar.csv
2025-03-02 23:02:45.610166+07:00,Nha Trang,73,/dl/web/weather/ic-w-04-scattered-clouds-full.svg,3.2 km/h,91%,aqi_nha-trang_2025_mar.csv
2025-03-03 00:02:50.823538+07:00,Nha Trang,73,/dl/web/weather/ic-w-04-scattered-clouds-full.svg,5.8 km/h,91%,aqi_nha-trang_2025_mar.csv
2025-03-03 01:02:43.447601+07:00,Nha Trang,73,/dl/web/weather/ic-w-04-scattered-clouds-full.svg,6.1 km/h,91%,aqi_nha-trang_2025_mar.csv
2025-03-03 02:02:36.148082+07:00,Nha Trang,73,/dl/web/weather/ic-w-04-scattered-clouds-full.svg,6.9 km/h,91%,aqi_nha-trang_2025_mar.csv
2025-03-03 03:02:44.637740+07:00,Nha Trang,73,/dl/web/weather/ic-w-04-scattered-clouds-full.svg,8.4 km/h,91%,aqi_nha-trang_2025_mar.csv
2025-03-03 04:02:45.068481+07:00,Nha Trang,73,/dl/web/weather/ic-w-04-scattered-clouds-full.svg,7.6 km/h,90%,aqi_nha-trang_2025_mar.csv
2025-03-03 05:02:42.688172+07:00,Nha Trang,71,/dl/web/weather/ic-w-04-scattered-clouds-full.svg,8.2 km/h,89%,aqi_nha-trang_2025_mar.csv
2025-03-03 06:02:47.086732+07:00,Nha Trang,71,/dl/web/weather/ic-w-04-scattered-clouds-full.svg,8.4 km/h,89%,aqi_nha-trang_2025_mar.csv
2025-03-03 07:05:38.801889+07:00,Nha Trang,71,/dl/web/weather/ic-w-04-scattered-clouds-full.svg,7.9 km/h,83%,aqi_nha-trang_2025_mar.csv
2025-03-03 08:30:07.883760+07:00,Nha Trang,70,/dl/web/weather/ic-w-02-new-clouds-full.svg,4.8 km/h,74%,aqi_nha-trang_2025_mar.csv
2025-03-03 09:27:15.382179+07:00,Nha Trang,70,/dl/web/weather/ic-w-04-scattered-clouds-full.svg,1.8 km/h,69%,aqi_nha-trang_2025_mar.csv
2025-03-03 10:10:36.552571+07:00,Nha Trang,70,/dl/web/weather/ic-w-04-scattered-clouds-full.svg,5.8 km/h,67%,aqi_nha-trang_2025_mar.csv
2025-03-03 11:02:53.909449+07:00,Nha Trang,69,/dl/web/weather/ic-w-04-scattered-clouds-full.svg,5.8 km/h,67%,aqi_nha-trang_2025_mar.csv
2025-03-03 12:03:04.836155+07:00,Nha Trang,69,/dl/web/weather/ic-w-04-scattered-clouds-full.svg,7.9 km/h,67%,aqi_nha-trang_2025_mar.csv
2025-03-03 13:03:05.135955+07:00,Nha Trang,69,/dl/web/weather/ic-w-04-scattered-clouds-full.svg,8.9 km/h,68%,aqi_nha-trang_2025_mar.csv
2025-03-03 14:02:54.959868+07:00,Nha Trang,67,/dl/web/weather/ic-w-04-scattered-clouds-full.svg,9.7 km/h,68%,aqi_nha-trang_2025_mar.csv
2025-03-03 15:03:03.783526+07:00,Nha Trang,67,/dl/web/weather/ic-w-04-scattered-clouds-full.svg,10.1 km/h,69%,aqi_nha-trang_2025_mar.csv
2025-03-03 16:03:04.621816+07:00,Nha Trang,67,/dl/web/weather/ic-w-04-scattered-clouds-full.svg,10.5 km/h,71%,aqi_nha-trang_2025_mar.csv
2025-03-03 17:02:56.765773+07:00,Nha Trang,68,/dl/web/weather/ic-w-04-scattered-clouds-full.svg,8.2 km/h,74%,aqi_nha-trang_2025_mar.csv
2025-03-03 18:02:44.225558+07:00,Nha Trang,68,/dl/web/weather/ic-w-04-scattered-clouds-full.svg,5.8 km/h,79%,aqi_nha-trang_2025_mar.csv
2025-03-03 19:03:07.810667+07:00,Nha Trang,68,/dl/web/weather/ic-w-04-scattered-clouds-full.svg,5.5 km/h,87%,aqi_nha-trang_2025_mar.csv
2025-03-03 20:08:04.701741+07:00,Nha Trang,69,/dl/web/weather/ic-w-04-scattered-clouds-full.svg,1.6 km/h,90%,aqi_nha-trang_2025_mar.csv
2025-03-03 21:03:00.583898+07:00,Nha Trang,69,/dl/web/weather/ic-w-04-scattered-clouds-full.svg,1.6 km/h,90%,aqi_nha-trang_2025_mar.csv
2025-03-03 22:02:55.990464+07:00,Nha Trang,69,/dl/web/weather/ic-w-04-scattered-clouds-full.svg,1.0 km/h,91%,aqi_nha-trang_2025_mar.csv
2025-03-03 23:03:05.124896+07:00,Nha Trang,73,/dl/web/weather/ic-w-04-scattered-clouds-full.svg,1.9 km/h,92%,aqi_nha-trang_2025_mar.csv
2025-03-04 00:02:56.300083+07:00,Nha Trang,73,/dl/web/weather/ic-w-04-scattered-clouds-full.svg,3.1 km/h,92%,aqi_nha-trang_2025_mar.csv
2025-03-04 01:02:56.865295+07:00,Nha Trang,73,/dl/web/weather/ic-w-04-scattered-clouds-full.svg,3.4 km/h,92%,aqi_nha-trang_2025_mar.csv
2025-03-04 02:02:39.841020+07:00,Nha Trang,70,/dl/web/weather/ic-w-04-scattered-clouds-full.svg,4.2 km/h,92%,aqi_nha-trang_2025_mar.csv
2025-03-04 03:02:50.764743+07:00,Nha Trang,70,/dl/web/weather/ic-w-04-scattered-clouds-full.svg,4.5 km/h,92%,aqi_nha-trang_2025_mar.csv
2025-03-04 04:02:54.989684+07:00,Nha Trang,70,/dl/web/weather/ic-w-04-scattered-clouds-full.svg,6.4 km/h,91%,aqi_nha-trang_2025_mar.csv
2025-03-04 05:02:47.696992+07:00,Nha Trang,71,/dl/web/weather/ic-w-04-scattered-clouds-full.svg,6.6 km/h,91%,aqi_nha-trang_2025_mar.csv
2025-03-04 06:02:38.862076+07:00,Nha Trang,71,/dl/web/weather/ic-w-04-scattered-clouds-full.svg,7.6 km/h,91%,aqi_nha-trang_2025_mar.csv
2025-03-04 07:05:31.193921+07:00,Nha Trang,71,/dl/web/weather/ic-w-04-scattered-clouds-full.svg,6.4 km/h,86%,aqi_nha-trang_2025_mar.csv
2025-03-04 08:29:47.276842+07:00,Nha Trang,72,/dl/web/weather/ic-w-04-scattered-clouds-full.svg,5.0 km/h,78%,aqi_nha-trang_2025_mar.csv
2025-03-04 09:27:00.575701+07:00,Nha Trang,72,/dl/web/weather/ic-w-04-scattered-clouds-full.svg,1.6 km/h,72%,aqi_nha-trang_2025_mar.csv
2025-03-04 10:10:41.146069+07:00,Nha Trang,72,/dl/web/weather/ic-w-04-scattered-clouds-full.svg,1.6 km/h,72%,aqi_nha-trang_2025_mar.csv
2025-03-04 11:03:05.897259+07:00,Nha Trang,71,/dl/web/weather/ic-w-04-scattered-clouds-full.svg,4.7 km/h,68%,aqi_nha-trang_2025_mar.csv
2025-03-04 12:02:41.787872+07:00,Nha Trang,71,/dl/web/weather/ic-w-04-scattered-clouds-full.svg,8.4 km/h,66%,aqi_nha-trang_2025_mar.csv
2025-03-04 13:02:55.019797+07:00,Nha Trang,71,/dl/web/weather/ic-w-04-scattered-clouds-full.svg,10.6 km/h,66%,aqi_nha-trang_2025_mar.csv
2025-03-04 14:02:57.808909+07:00,Nha Trang,70,/dl/web/weather/ic-w-04-scattered-clouds-full.svg,10.1 km/h,68%,aqi_nha-trang_2025_mar.csv
2025-03-04 15:03:00.434652+07:00,Nha Trang,70,/dl/web/weather/ic-w-04-scattered-clouds-full.svg,10.6 km/h,69%,aqi_nha-trang_2025_mar.csv
2025-03-04 16:02:54.923630+07:00,Nha Trang,70,/dl/web/weather/ic-w-04-scattered-clouds-full.svg,9.8 km/h,71%,aqi_nha-trang_2025_mar.csv
2025-03-04 17:02:54.615809+07:00,Nha Trang,56,/dl/web/weather/ic-w-04-scattered-clouds-full.svg,8.2 km/h,73%,aqi_nha-trang_2025_mar.csv
2025-03-04 18:02:44.836859+07:00,Nha Trang,56,/dl/web/weather/ic-w-04-scattered-clouds-full.svg,6.4 km/h,78%,aqi_nha-trang_2025_mar.csv
2025-03-04 19:03:06.029383+07:00,Nha Trang,56,/dl/web/weather/ic-w-04-scattered-clouds-full.svg,6.1 km/h,85%,aqi_nha-trang_2025_mar.csv
2025-03-04 20:07:53.830029+07:00,Nha Trang,56,/dl/web/weather/ic-w-04-scattered-clouds-full.svg,5.3 km/h,89%,aqi_nha-trang_2025_mar.csv
2025-03-04 21:02:54.636082+07:00,Nha Trang,56,/dl/web/weather/ic-w-04-scattered-clouds-full.svg,5.3 km/h,89%,aqi_nha-trang_2025_mar.csv
2025-03-04 22:03:01.020513+07:00,Nha Trang,56,/dl/web/weather/ic-w-04-scattered-clouds-full.svg,5.3 km/h,90%,aqi_nha-trang_2025_mar.csv
2025-03-04 23:03:58.023895+07:00,Nha Trang,70,/dl/web/weather/ic-w-04-scattered-clouds-full.svg,3.5 km/h,91%,aqi_nha-trang_2025_mar.csv
2025-03-05 00:02:36.946922+07:00,Nha Trang,70,/dl/web/weather/ic-w-04-scattered-clouds-full.svg,3.5 km/h,91%,aqi_nha-trang_2025_mar.csv
2025-03-05 01:02:56.778623+07:00,Nha Trang,70,/dl/web/weather/ic-w-04-scattered-clouds-full.svg,5.3 km/h,90%,aqi_nha-trang_2025_mar.csv
2025-03-05 02:02:37.612865+07:00,Nha Trang,72,/dl/web/weather/ic-w-04-scattered-clouds-full.svg,5.0 km/h,90%,aqi_nha-trang_2025_mar.csv
2025-03-05 03:02:40.935248+07:00,Nha Trang,72,/dl/web/weather/ic-w-04-scattered-clouds-full.svg,5.1 km/h,91%,aqi_nha-trang_2025_mar.csv
2025-03-05 04:02:40.661376+07:00,Nha Trang,72,/dl/web/weather/ic-w-04-scattered-clouds-full.svg,3.9 km/h,88%,aqi_nha-trang_2025_mar.csv
2025-03-05 05:02:39.832902+07:00,Nha Trang,72,/dl/web/weather/ic-w-04-scattered-clouds-full.svg,3.9 km/h,88%,aqi_nha-trang_2025_mar.csv
2025-03-05 06:02:33.266916+07:00,Nha Trang,72,/dl/web/weather/ic-w-04-scattered-clouds-full.svg,4.5 km/h,88%,aqi_nha-trang_2025_mar.csv
2025-03-05 07:05:33.653626+07:00,Nha Trang,72,/dl/web/weather/ic-w-04-scattered-clouds-full.svg,4.8 km/h,85%,aqi_nha-trang_2025_mar.csv
2025-03-05 08:29:58.084341+07:00,Nha Trang,73,/dl/web/weather/ic-w-04-scattered-clouds-full.svg,3.5 km/h,78%,aqi_nha-trang_2025_mar.csv
2025-03-05 09:26:54.411300+07:00,Nha Trang,73,/dl/web/weather/ic-w-04-scattered-clouds-full.svg,2.1 km/h,73%,aqi_nha-trang_2025_mar.csv
2025-03-05 10:09:49.106930+07:00,Nha Trang,73,/dl/web/weather/ic-w-04-scattered-clouds-full.svg,2.1 km/h,73%,aqi_nha-trang_2025_mar.csv
2025-03-05 11:02:56.156441+07:00,Nha Trang,71,/dl/web/weather/ic-w-04-scattered-clouds-full.svg,6.1 km/h,69%,aqi_nha-trang_2025_mar.csv
2025-03-05 12:02:47.222974+07:00,Nha Trang,71,/dl/web/weather/ic-w-04-scattered-clouds-full.svg,7.9 km/h,68%,aqi_nha-trang_2025_mar.csv
2025-03-05 13:03:07.825487+07:00,Nha Trang,71,/dl/web/weather/ic-w-04-scattered-clouds-full.svg,9.2 km/h,68%,aqi_nha-trang_2025_mar.csv
2025-03-05 14:02:39.192880+07:00,Nha Trang,70,/dl/web/weather/ic-w-04-scattered-clouds-full.svg,10.0 km/h,68%,aqi_nha-trang_2025_mar.csv
2025-03-05 15:02:59.411695+07:00,Nha Trang,70,/dl/web/weather/ic-w-04-scattered-clouds-full.svg,11.3 km/h,69%,aqi_nha-trang_2025_mar.csv
2025-03-05 16:02:48.739482+07:00,Nha Trang,70,/dl/web/weather/ic-w-04-scattered-clouds-full.svg,11.9 km/h,71%,aqi_nha-trang_2025_mar.csv
2025-03-05 17:02:46.155701+07:00,Nha Trang,69,/dl/web/weather/ic-w-04-scattered-clouds-full.svg,10.3 km/h,75%,aqi_nha-trang_2025_mar.csv
2025-03-05 18:02:45.394298+07:00,Nha Trang,69,/dl/web/weather/ic-w-04-scattered-clouds-full.svg,6.6 km/h,79%,aqi_nha-trang_2025_mar.csv
2025-03-05 19:02:56.401444+07:00,Nha Trang,69,/dl/web/weather/ic-w-04-scattered-clouds-full.svg,3.7 km/h,86%,aqi_nha-trang_2025_mar.csv
2025-03-05 20:07:54.708505+07:00,Nha Trang,68,/dl/web/weather/ic-w-04-scattered-clouds-full.svg,2.4 km/h,89%,aqi_nha-trang_2025_mar.csv
2025-03-05 21:02:53.407496+07:00,Nha Trang,68,/dl/web/weather/ic-w-04-scattered-clouds-full.svg,2.4 km/h,89%,aqi_nha-trang_2025_mar.csv
2025-03-05 22:02:49.426509+07:00,Nha Trang,68,/dl/web/weather/ic-w-04-scattered-clouds-full.svg,3.7 km/h,88%,aqi_nha-trang_2025_mar.csv
2025-03-05 23:03:21.815511+07:00,Nha Trang,74,/dl/web/weather/ic-w-04-scattered-clouds-full.svg,2.6 km/h,88%,aqi_nha-trang_2025_mar.csv
2025-03-06 00:02:57.786052+07:00,Nha Trang,74,/dl/web/weather/ic-w-04-scattered-clouds-full.svg,2.4 km/h,89%,aqi_nha-trang_2025_mar.csv
2025-03-06 01:03:00.006032+07:00,Nha Trang,74,/dl/web/weather/ic-w-04-scattered-clouds-full.svg,4.2 km/h,89%,aqi_nha-trang_2025_mar.csv
2025-03-06 02:02:40.069128+07:00,Nha Trang,71,/dl/web/weather/ic-w-04-scattered-clouds-full.svg,5.6 km/h,90%,aqi_nha-trang_2025_mar.csv
2025-03-06 03:03:02.795367+07:00,Nha Trang,71,/dl/web/weather/ic-w-04-scattered-clouds-full.svg,6.1 km/h,90%,aqi_nha-trang_2025_mar.csv
2025-03-06 04:03:17.136710+07:00,Nha Trang,71,/dl/web/weather/ic-w-04-scattered-clouds-full.svg,6.6 km/h,91%,aqi_nha-trang_2025_mar.csv
2025-03-06 05:02:51.565846+07:00,Nha Trang,71,/dl/web/weather/ic-w-04-scattered-clouds-full.svg,7.2 km/h,92%,aqi_nha-trang_2025_mar.csv
2025-03-06 06:02:58.517773+07:00,Nha Trang,71,/dl/web/weather/ic-w-04-scattered-clouds-full.svg,7.2 km/h,92%,aqi_nha-trang_2025_mar.csv
2025-03-06 07:05:39.383826+07:00,Nha Trang,71,/dl/web/weather/ic-w-04-scattered-clouds-full.svg,5.0 km/h,86%,aqi_nha-trang_2025_mar.csv
2025-03-06 08:29:51.113009+07:00,Nha Trang,72,/dl/web/weather/ic-w-04-scattered-clouds-full.svg,3.7 km/h,80%,aqi_nha-trang_2025_mar.csv
2025-03-06 09:27:19.165305+07:00,Nha Trang,72,/dl/web/weather/ic-w-04-scattered-clouds-full.svg,2.4 km/h,74%,aqi_nha-trang_2025_mar.csv
2025-03-06 10:10:38.260501+07:00,Nha Trang,72,/dl/web/weather/ic-w-04-scattered-clouds-full.svg,4.8 km/h,69%,aqi_nha-trang_2025_mar.csv
2025-03-06 11:02:52.811031+07:00,Nha Trang,70,/dl/web/weather/ic-w-04-scattered-clouds-full.svg,4.8 km/h,69%,aqi_nha-trang_2025_mar.csv
2025-03-06 12:03:02.839766+07:00,Nha Trang,70,/dl/web/weather/ic-w-04-scattered-clouds-full.svg,9.0 km/h,68%,aqi_nha-trang_2025_mar.csv
2025-03-06 13:03:08.321630+07:00,Nha Trang,70,/dl/web/weather/ic-w-04-scattered-clouds-full.svg,10.9 km/h,69%,aqi_nha-trang_2025_mar.csv
2025-03-06 14:02:53.321287+07:00,Nha Trang,69,/dl/web/weather/ic-w-04-scattered-clouds-full.svg,11.6 km/h,70%,aqi_nha-trang_2025_mar.csv
2025-03-06 15:03:08.099813+07:00,Nha Trang,69,/dl/web/weather/ic-w-04-scattered-clouds-full.svg,11.9 km/h,71%,aqi_nha-trang_2025_mar.csv
2025-03-06 16:02:48.002283+07:00,Nha Trang,69,/dl/web/weather/ic-w-04-scattered-clouds-full.svg,12.6 km/h,69%,aqi_nha-trang_2025_mar.csv
2025-03-06 17:03:02.709426+07:00,Nha Trang,67,/dl/web/weather/ic-w-04-scattered-clouds-full.svg,12.2 km/h,73%,aqi_nha-trang_2025_mar.csv
2025-03-06 18:02:51.276042+07:00,Nha Trang,67,/dl/web/weather/ic-w-04-scattered-clouds-full.svg,10.3 km/h,79%,aqi_nha-trang_2025_mar.csv
2025-03-06 19:03:05.339587+07:00,Nha Trang,67,/dl/web/weather/ic-w-04-scattered-clouds-full.svg,8.9 km/h,87%,aqi_nha-trang_2025_mar.csv
2025-03-06 20:07:59.516979+07:00,Nha Trang,70,/dl/web/weather/ic-w-04-scattered-clouds-full.svg,5.5 km/h,91%,aqi_nha-trang_2025_mar.csv
2025-03-06 21:02:52.738945+07:00,Nha Trang,70,/dl/web/weather/ic-w-04-scattered-clouds-full.svg,5.5 km/h,91%,aqi_nha-trang_2025_mar.csv
2025-03-06 22:02:53.095685+07:00,Nha Trang,70,/dl/web/weather/ic-w-04-scattered-clouds-full.svg,6.0 km/h,93%,aqi_nha-trang_2025_mar.csv
2025-03-06 23:02:55.366352+07:00,Nha Trang,64,/dl/web/weather/ic-w-04-scattered-clouds-full.svg,5.6 km/h,92%,aqi_nha-trang_2025_mar.csv
2025-03-07 00:02:57.379177+07:00,Nha Trang,64,/dl/web/weather/ic-w-04-scattered-clouds-full.svg,6.8 km/h,91%,aqi_nha-trang_2025_mar.csv
2025-03-07 01:03:04.922626+07:00,Nha Trang,64,/dl/web/weather/ic-w-04-scattered-clouds-full.svg,8.4 km/h,92%,aqi_nha-trang_2025_mar.csv
2025-03-07 02:02:43.876510+07:00,Nha Trang,62,/dl/web/weather/ic-w-04-scattered-clouds-full.svg,8.7 km/h,92%,aqi_nha-trang_2025_mar.csv
2025-03-07 03:02:43.001370+07:00,Nha Trang,62,/dl/web/weather/ic-w-04-scattered-clouds-full.svg,8.0 km/h,92%,aqi_nha-trang_2025_mar.csv
2025-03-07 04:02:38.693052+07:00,Nha Trang,62,/dl/web/weather/ic-w-04-scattered-clouds-full.svg,7.9 km/h,92%,aqi_nha-trang_2025_mar.csv
2025-03-07 05:02:41.359401+07:00,Nha Trang,47,/dl/web/weather/ic-w-04-scattered-clouds-full.svg,8.7 km/h,91%,aqi_nha-trang_2025_mar.csv
2025-03-07 06:02:51.144111+07:00,Nha Trang,47,/dl/web/weather/ic-w-04-scattered-clouds-full.svg,11.7 km/h,90%,aqi_nha-trang_2025_mar.csv
2025-03-07 07:05:34.608677+07:00,Nha Trang,47,/dl/web/weather/ic-w-04-scattered-clouds-full.svg,11.7 km/h,89%,aqi_nha-trang_2025_mar.csv
2025-03-07 08:30:01.458778+07:00,Nha Trang,24,/dl/web/weather/ic-w-04-scattered-clouds-full.svg,12.6 km/h,85%,aqi_nha-trang_2025_mar.csv
2025-03-07 09:27:21.574429+07:00,Nha Trang,24,/dl/web/weather/ic-w-04-scattered-clouds-full.svg,13.7 km/h,78%,aqi_nha-trang_2025_mar.csv
2025-03-07 10:10:55.875174+07:00,Nha Trang,24,/dl/web/weather/ic-w-04-scattered-clouds-full.svg,15.1 km/h,71%,aqi_nha-trang_2025_mar.csv
2025-03-07 11:02:42.415745+07:00,Nha Trang,25,/dl/web/weather/ic-w-04-scattered-clouds-full.svg,15.1 km/h,71%,aqi_nha-trang_2025_mar.csv
2025-03-07 12:02:42.473045+07:00,Nha Trang,25,/dl/web/weather/ic-w-04-scattered-clouds-full.svg,17.1 km/h,68%,aqi_nha-trang_2025_mar.csv
2025-03-07 13:02:49.900957+07:00,Nha Trang,25,/dl/web/weather/ic-w-04-scattered-clouds-full.svg,20.4 km/h,67%,aqi_nha-trang_2025_mar.csv
2025-03-07 14:02:58.808153+07:00,Nha Trang,23,/dl/web/weather/ic-w-04-scattered-clouds-full.svg,22.7 km/h,67%,aqi_nha-trang_2025_mar.csv
2025-03-07 15:02:47.265995+07:00,Nha Trang,23,/dl/web/weather/ic-w-04-scattered-clouds-full.svg,19.5 km/h,67%,aqi_nha-trang_2025_mar.csv
2025-03-07 16:02:47.311425+07:00,Nha Trang,23,/dl/web/weather/ic-w-04-scattered-clouds-full.svg,18.2 km/h,69%,aqi_nha-trang_2025_mar.csv
2025-03-07 17:02:46.131188+07:00,Nha Trang,21,/dl/web/weather/ic-w-04-scattered-clouds-full.svg,17.7 km/h,70%,aqi_nha-trang_2025_mar.csv
2025-03-07 18:02:59.096757+07:00,Nha Trang,21,/dl/web/weather/ic-w-04-scattered-clouds-full.svg,18.0 km/h,76%,aqi_nha-trang_2025_mar.csv
2025-03-07 19:03:08.187191+07:00,Nha Trang,21,/dl/web/weather/ic-w-04-scattered-clouds-full.svg,15.4 km/h,84%,aqi_nha-trang_2025_mar.csv
2025-03-07 20:07:29.264913+07:00,Nha Trang,21,/dl/web/weather/ic-w-04-scattered-clouds-full.svg,11.1 km/h,89%,aqi_nha-trang_2025_mar.csv
2025-03-07 21:02:41.021112+07:00,Nha Trang,21,/dl/web/weather/ic-w-04-scattered-clouds-full.svg,11.1 km/h,89%,aqi_nha-trang_2025_mar.csv
2025-03-07 22:02:55.225391+07:00,Nha Trang,21,/dl/web/weather/ic-w-04-scattered-clouds-full.svg,12.2 km/h,88%,aqi_nha-trang_2025_mar.csv
2025-03-07 23:02:43.951397+07:00,Nha Trang,21,/dl/web/weather/ic-w-04-scattered-clouds-full.svg,9.8 km/h,87%,aqi_nha-trang_2025_mar.csv
2025-03-08 00:02:46.481088+07:00,Nha Trang,21,/dl/web/weather/ic-w-04-scattered-clouds-full.svg,9.2 km/h,87%,aqi_nha-trang_2025_mar.csv
2025-03-08 01:02:56.493333+07:00,Nha Trang,21,/dl/web/weather/ic-w-04-scattered-clouds-full.svg,8.7 km/h,86%,aqi_nha-trang_2025_mar.csv
2025-03-08 02:02:32.715766+07:00,Nha Trang,24,/dl/web/weather/ic-w-04-scattered-clouds-full.svg,13.7 km/h,86%,aqi_nha-trang_2025_mar.csv
2025-03-08 03:03:02.203122+07:00,Nha Trang,24,/dl/web/weather/ic-w-04-scattered-clouds-full.svg,13.2 km/h,86%,aqi_nha-trang_2025_mar.csv
2025-03-08 05:02:46.598013+07:00,Nha Trang,26,/dl/web/weather/ic-w-04-scattered-clouds-full.svg,12.1 km/h,86%,aqi_nha-trang_2025_mar.csv
2025-03-08 06:02:58.569617+07:00,Nha Trang,26,/dl/web/weather/ic-w-12-night-rain-full.svg,13.7 km/h,85%,aqi_nha-trang_2025_mar.csv
2025-03-08 07:04:47.351530+07:00,Nha Trang,26,/dl/web/weather/ic-w-04-scattered-clouds-full.svg,14.0 km/h,84%,aqi_nha-trang_2025_mar.csv
2025-03-08 08:27:46.343475+07:00,Nha Trang,31,/dl/web/weather/ic-w-04-scattered-clouds-full.svg,13.0 km/h,82%,aqi_nha-trang_2025_mar.csv
2025-03-08 09:13:38.198388+07:00,Nha Trang,31,/dl/web/weather/ic-w-04-scattered-clouds-full.svg,13.0 km/h,80%,aqi_nha-trang_2025_mar.csv
2025-03-08 10:02:38.828936+07:00,Nha Trang,31,/dl/web/weather/ic-w-04-scattered-clouds-full.svg,13.0 km/h,80%,aqi_nha-trang_2025_mar.csv
2025-03-08 11:02:57.989254+07:00,Nha Trang,29,/dl/web/weather/ic-w-04-scattered-clouds-full.svg,14.3 km/h,76%,aqi_nha-trang_2025_mar.csv
2025-03-08 12:02:33.118687+07:00,Nha Trang,29,/dl/web/weather/ic-w-04-scattered-clouds-full.svg,14.3 km/h,71%,aqi_nha-trang_2025_mar.csv
2025-03-08 13:02:43.383485+07:00,Nha Trang,29,/dl/web/weather/ic-w-04-scattered-clouds-full.svg,17.7 km/h,68%,aqi_nha-trang_2025_mar.csv
2025-03-08 14:02:36.786395+07:00,Nha Trang,20,/dl/web/weather/ic-w-04-scattered-clouds-full.svg,19.5 km/h,67%,aqi_nha-trang_2025_mar.csv
2025-03-08 15:02:41.947192+07:00,Nha Trang,20,/dl/web/weather/ic-w-04-scattered-clouds-full.svg,20.3 km/h,67%,aqi_nha-trang_2025_mar.csv
2025-03-08 16:02:32.918670+07:00,Nha Trang,20,/dl/web/weather/ic-w-04-scattered-clouds-full.svg,19.3 km/h,66%,aqi_nha-trang_2025_mar.csv
2025-03-08 17:02:39.658121+07:00,Nha Trang,32,/dl/web/weather/ic-w-02-new-clouds-full.svg,18.3 km/h,70%,aqi_nha-trang_2025_mar.csv
2025-03-08 18:02:26.165469+07:00,Nha Trang,32,/dl/web/weather/ic-w-02-new-clouds-full.svg,17.9 km/h,77%,aqi_nha-trang_2025_mar.csv
2025-03-08 19:02:53.834168+07:00,Nha Trang,32,/dl/web/weather/ic-w-11-night-few-clouds-full.svg,15.4 km/h,85%,aqi_nha-trang_2025_mar.csv
2025-03-08 20:02:40.284491+07:00,Nha Trang,41,/dl/web/weather/ic-w-11-night-few-clouds-full.svg,14.2 km/h,87%,aqi_nha-trang_2025_mar.csv
2025-03-08 21:02:27.044757+07:00,Nha Trang,41,/dl/web/weather/ic-w-04-scattered-clouds-full.svg,12.4 km/h,87%,aqi_nha-trang_2025_mar.csv
2025-03-08 22:02:38.852540+07:00,Nha Trang,41,/dl/web/weather/ic-w-04-scattered-clouds-full.svg,12.9 km/h,89%,aqi_nha-trang_2025_mar.csv
2025-03-08 23:02:41.860048+07:00,Nha Trang,49,/dl/web/weather/ic-w-04-scattered-clouds-full.svg,12.4 km/h,89%,aqi_nha-trang_2025_mar.csv
2025-03-09 00:02:49.528210+07:00,Nha Trang,49,/dl/web/weather/ic-w-04-scattered-clouds-full.svg,11.9 km/h,89%,aqi_nha-trang_2025_mar.csv
2025-03-09 01:03:19.581468+07:00,Nha Trang,49,/dl/web/weather/ic-w-04-scattered-clouds-full.svg,11.7 km/h,90%,aqi_nha-trang_2025_mar.csv
2025-03-09 02:02:51.838055+07:00,Nha Trang,61,/dl/web/weather/ic-w-04-scattered-clouds-full.svg,12.7 km/h,89%,aqi_nha-trang_2025_mar.csv
2025-03-09 03:02:44.742638+07:00,Nha Trang,61,/dl/web/weather/ic-w-04-scattered-clouds-full.svg,14.8 km/h,90%,aqi_nha-trang_2025_mar.csv
2025-03-09 04:02:28.748409+07:00,Nha Trang,61,/dl/web/weather/ic-w-04-scattered-clouds-full.svg,10.5 km/h,87%,aqi_nha-trang_2025_mar.csv
2025-03-09 05:02:37.590860+07:00,Nha Trang,61,/dl/web/weather/ic-w-04-scattered-clouds-full.svg,10.9 km/h,86%,aqi_nha-trang_2025_mar.csv
2025-03-09 06:02:40.358307+07:00,Nha Trang,61,/dl/web/weather/ic-w-04-scattered-clouds-full.svg,12.4 km/h,84%,aqi_nha-trang_2025_mar.csv
2025-03-09 07:05:14.738200+07:00,Nha Trang,61,/dl/web/weather/ic-w-04-scattered-clouds-full.svg,14.0 km/h,85%,aqi_nha-trang_2025_mar.csv
2025-03-09 08:29:01.947183+07:00,Nha Trang,40,/dl/web/weather/ic-w-04-scattered-clouds-full.svg,13.4 km/h,84%,aqi_nha-trang_2025_mar.csv
2025-03-09 09:15:27.202805+07:00,Nha Trang,40,/dl/web/weather/ic-w-04-scattered-clouds-full.svg,11.7 km/h,83%,aqi_nha-trang_2025_mar.csv
2025-03-09 10:02:58.474621+07:00,Nha Trang,40,/dl/web/weather/ic-w-04-scattered-clouds-full.svg,11.7 km/h,83%,aqi_nha-trang_2025_mar.csv
2025-03-09 11:02:42.219366+07:00,Nha Trang,38,/dl/web/weather/ic-w-04-scattered-clouds-full.svg,12.2 km/h,82%,aqi_nha-trang_2025_mar.csv
2025-03-09 12:02:45.170441+07:00,Nha Trang,38,/dl/web/weather/ic-w-06-rain-full.svg,12.4 km/h,81%,aqi_nha-trang_2025_mar.csv
2025-03-09 13:02:41.102747+07:00,Nha Trang,38,/dl/web/weather/ic-w-06-rain-full.svg,13.4 km/h,81%,aqi_nha-trang_2025_mar.csv
2025-03-09 14:02:33.802582+07:00,Nha Trang,24,/dl/web/weather/ic-w-06-rain-full.svg,13.4 km/h,81%,aqi_nha-trang_2025_mar.csv
2025-03-09 15:03:43.308897+07:00,Nha Trang,24,/dl/web/weather/ic-w-06-rain-full.svg,12.6 km/h,81%,aqi_nha-trang_2025_mar.csv
2025-03-09 16:03:20.153715+07:00,Nha Trang,24,/dl/web/weather/ic-w-06-rain-full.svg,16.3 km/h,80%,aqi_nha-trang_2025_mar.csv
2025-03-09 17:02:35.521055+07:00,Nha Trang,26,/dl/web/weather/ic-w-06-rain-full.svg,14.5 km/h,82%,aqi_nha-trang_2025_mar.csv
2025-03-09 18:03:22.673705+07:00,Nha Trang,26,/dl/web/weather/ic-w-06-rain-full.svg,12.6 km/h,86%,aqi_nha-trang_2025_mar.csv
2025-03-09 19:02:42.788870+07:00,Nha Trang,26,/dl/web/weather/ic-w-12-night-rain-full.svg,11.1 km/h,89%,aqi_nha-trang_2025_mar.csv
2025-03-09 20:02:34.483473+07:00,Nha Trang,23,/dl/web/weather/ic-w-12-night-rain-full.svg,10.1 km/h,90%,aqi_nha-trang_2025_mar.csv
2025-03-09 21:02:56.152099+07:00,Nha Trang,23,/dl/web/weather/ic-w-12-night-rain-full.svg,10.6 km/h,91%,aqi_nha-trang_2025_mar.csv
2025-03-09 22:02:37.057059+07:00,Nha Trang,23,/dl/web/weather/ic-w-04-scattered-clouds-full.svg,10.8 km/h,93%,aqi_nha-trang_2025_mar.csv
2025-03-09 23:02:59.849411+07:00,Nha Trang,28,/dl/web/weather/ic-w-12-night-rain-full.svg,10.8 km/h,93%,aqi_nha-trang_2025_mar.csv
2025-03-10 00:02:30.713444+07:00,Nha Trang,28,/dl/web/weather/ic-w-04-scattered-clouds-full.svg,9.2 km/h,92%,aqi_nha-trang_2025_mar.csv
2025-03-10 01:02:38.024740+07:00,Nha Trang,28,/dl/web/weather/ic-w-12-night-rain-full.svg,10.8 km/h,92%,aqi_nha-trang_2025_mar.csv
2025-03-10 02:02:23.082368+07:00,Nha Trang,32,/dl/web/weather/ic-w-04-scattered-clouds-full.svg,10.3 km/h,92%,aqi_nha-trang_2025_mar.csv
2025-03-10 03:02:46.797124+07:00,Nha Trang,32,/dl/web/weather/ic-w-04-scattered-clouds-full.svg,10.0 km/h,92%,aqi_nha-trang_2025_mar.csv
2025-03-10 04:02:47.495430+07:00,Nha Trang,32,/dl/web/weather/ic-w-04-scattered-clouds-full.svg,9.5 km/h,93%,aqi_nha-trang_2025_mar.csv
2025-03-10 05:02:21.940192+07:00,Nha Trang,53,/dl/web/weather/ic-w-04-scattered-clouds-full.svg,7.9 km/h,93%,aqi_nha-trang_2025_mar.csv
2025-03-10 06:03:06.670930+07:00,Nha Trang,53,/dl/web/weather/ic-w-04-scattered-clouds-full.svg,5.1 km/h,93%,aqi_nha-trang_2025_mar.csv
2025-03-10 07:04:45.548116+07:00,Nha Trang,53,/dl/web/weather/ic-w-04-scattered-clouds-full.svg,8.9 km/h,92%,aqi_nha-trang_2025_mar.csv
2025-03-10 08:29:09.733107+07:00,Nha Trang,58,/dl/web/weather/ic-w-04-scattered-clouds-full.svg,9.0 km/h,92%,aqi_nha-trang_2025_mar.csv
2025-03-10 09:15:43.079166+07:00,Nha Trang,58,/dl/web/weather/ic-w-04-scattered-clouds-full.svg,9.0 km/h,92%,aqi_nha-trang_2025_mar.csv
2025-03-10 10:02:54.897331+07:00,Nha Trang,58,/dl/web/weather/ic-w-04-scattered-clouds-full.svg,10.0 km/h,87%,aqi_nha-trang_2025_mar.csv
2025-03-10 11:02:54.045118+07:00,Nha Trang,64,/dl/web/weather/ic-w-04-scattered-clouds-full.svg,10.0 km/h,89%,aqi_nha-trang_2025_mar.csv
2025-03-10 12:02:43.890216+07:00,Nha Trang,64,/dl/web/weather/ic-w-04-scattered-clouds-full.svg,10.6 km/h,89%,aqi_nha-trang_2025_mar.csv
2025-03-10 13:02:49.800392+07:00,Nha Trang,64,/dl/web/weather/ic-w-04-scattered-clouds-full.svg,10.0 km/h,86%,aqi_nha-trang_2025_mar.csv
2025-03-10 14:02:48.873478+07:00,Nha Trang,64,/dl/web/weather/ic-w-04-scattered-clouds-full.svg,10.6 km/h,86%,aqi_nha-trang_2025_mar.csv
2025-03-10 15:02:46.240825+07:00,Nha Trang,64,/dl/web/weather/ic-w-06-rain-full.svg,10.5 km/h,86%,aqi_nha-trang_2025_mar.csv
2025-03-10 16:02:48.147807+07:00,Nha Trang,64,/dl/web/weather/ic-w-04-scattered-clouds-full.svg,10.5 km/h,87%,aqi_nha-trang_2025_mar.csv
2025-03-10 17:02:59.331944+07:00,Nha Trang,63,/dl/web/weather/ic-w-04-scattered-clouds-full.svg,9.7 km/h,88%,aqi_nha-trang_2025_mar.csv
2025-03-10 18:02:40.030683+07:00,Nha Trang,63,/dl/web/weather/ic-w-04-scattered-clouds-full.svg,10.3 km/h,87%,aqi_nha-trang_2025_mar.csv
2025-03-10 19:03:09.423197+07:00,Nha Trang,63,/dl/web/weather/ic-w-04-scattered-clouds-full.svg,9.0 km/h,90%,aqi_nha-trang_2025_mar.csv
2025-03-10 20:08:23.449185+07:00,Nha Trang,66,/dl/web/weather/ic-w-04-scattered-clouds-full.svg,8.5 km/h,92%,aqi_nha-trang_2025_mar.csv
2025-03-10 21:03:06.854529+07:00,Nha Trang,66,/dl/web/weather/ic-w-04-scattered-clouds-full.svg,8.5 km/h,92%,aqi_nha-trang_2025_mar.csv
2025-03-10 22:02:55.310384+07:00,Nha Trang,66,/dl/web/weather/ic-w-04-scattered-clouds-full.svg,7.1 km/h,93%,aqi_nha-trang_2025_mar.csv
2025-03-10 23:02:52.445451+07:00,Nha Trang,66,/dl/web/weather/ic-w-04-scattered-clouds-full.svg,7.4 km/h,93%,aqi_nha-trang_2025_mar.csv
2025-03-11 00:02:54.277451+07:00,Nha Trang,66,/dl/web/weather/ic-w-04-scattered-clouds-full.svg,7.2 km/h,93%,aqi_nha-trang_2025_mar.csv
2025-03-11 01:02:58.284602+07:00,Nha Trang,66,/dl/web/weather/ic-w-04-scattered-clouds-full.svg,6.9 km/h,94%,aqi_nha-trang_2025_mar.csv
2025-03-11 02:02:49.532656+07:00,Nha Trang,66,/dl/web/weather/ic-w-04-scattered-clouds-full.svg,7.1 km/h,93%,aqi_nha-trang_2025_mar.csv
2025-03-11 03:02:52.819400+07:00,Nha Trang,66,/dl/web/weather/ic-w-04-scattered-clouds-full.svg,7.1 km/h,93%,aqi_nha-trang_2025_mar.csv
2025-03-11 04:02:47.403129+07:00,Nha Trang,66,/dl/web/weather/ic-w-04-scattered-clouds-full.svg,7.4 km/h,93%,aqi_nha-trang_2025_mar.csv
2025-03-11 05:02:47.861792+07:00,Nha Trang,66,/dl/web/weather/ic-w-04-scattered-clouds-full.svg,7.6 km/h,93%,aqi_nha-trang_2025_mar.csv
2025-03-11 06:02:42.569033+07:00,Nha Trang,66,/dl/web/weather/ic-w-04-scattered-clouds-full.svg,7.4 km/h,93%,aqi_nha-trang_2025_mar.csv
2025-03-11 07:05:36.652208+07:00,Nha Trang,66,/dl/web/weather/ic-w-04-scattered-clouds-full.svg,6.6 km/h,90%,aqi_nha-trang_2025_mar.csv
2025-03-11 08:29:43.912661+07:00,Nha Trang,67,/dl/web/weather/ic-w-04-scattered-clouds-full.svg,6.9 km/h,84%,aqi_nha-trang_2025_mar.csv
2025-03-11 09:27:28.097030+07:00,Nha Trang,67,/dl/web/weather/ic-w-04-scattered-clouds-full.svg,5.0 km/h,76%,aqi_nha-trang_2025_mar.csv
2025-03-11 10:10:55.155831+07:00,Nha Trang,67,/dl/web/weather/ic-w-04-scattered-clouds-full.svg,7.9 km/h,72%,aqi_nha-trang_2025_mar.csv
2025-03-11 11:02:53.025070+07:00,Nha Trang,67,/dl/web/weather/ic-w-04-scattered-clouds-full.svg,7.9 km/h,72%,aqi_nha-trang_2025_mar.csv
2025-03-11 12:02:53.170568+07:00,Nha Trang,67,/dl/web/weather/ic-w-04-scattered-clouds-full.svg,11.1 km/h,72%,aqi_nha-trang_2025_mar.csv
2025-03-11 13:02:54.768626+07:00,Nha Trang,67,/dl/web/weather/ic-w-04-scattered-clouds-full.svg,12.7 km/h,72%,aqi_nha-trang_2025_mar.csv
2025-03-11 14:02:47.718383+07:00,Nha Trang,67,/dl/web/weather/ic-w-04-scattered-clouds-full.svg,14.0 km/h,71%,aqi_nha-trang_2025_mar.csv
2025-03-11 15:02:49.300102+07:00,Nha Trang,67,/dl/web/weather/ic-w-04-scattered-clouds-full.svg,15.0 km/h,72%,aqi_nha-trang_2025_mar.csv
2025-03-11 16:02:59.198642+07:00,Nha Trang,67,/dl/web/weather/ic-w-04-scattered-clouds-full.svg,15.6 km/h,74%,aqi_nha-trang_2025_mar.csv
2025-03-11 17:02:51.202667+07:00,Nha Trang,67,/dl/web/weather/ic-w-04-scattered-clouds-full.svg,15.1 km/h,75%,aqi_nha-trang_2025_mar.csv
2025-03-11 18:02:49.706395+07:00,Nha Trang,67,/dl/web/weather/ic-w-04-scattered-clouds-full.svg,14.3 km/h,81%,aqi_nha-trang_2025_mar.csv
2025-03-11 19:02:59.995625+07:00,Nha Trang,67,/dl/web/weather/ic-w-04-scattered-clouds-full.svg,11.3 km/h,89%,aqi_nha-trang_2025_mar.csv
2025-03-11 20:08:29.013586+07:00,Nha Trang,68,/dl/web/weather/ic-w-04-scattered-clouds-full.svg,6.8 km/h,92%,aqi_nha-trang_2025_mar.csv
2025-03-11 21:02:50.630649+07:00,Nha Trang,68,/dl/web/weather/ic-w-04-scattered-clouds-full.svg,6.8 km/h,92%,aqi_nha-trang_2025_mar.csv
2025-03-11 22:02:52.251150+07:00,Nha Trang,68,/dl/web/weather/ic-w-04-scattered-clouds-full.svg,5.8 km/h,91%,aqi_nha-trang_2025_mar.csv
2025-03-11 23:03:03.477477+07:00,Nha Trang,69,/dl/web/weather/ic-w-04-scattered-clouds-full.svg,5.5 km/h,91%,aqi_nha-trang_2025_mar.csv
2025-03-12 00:03:01.330349+07:00,Nha Trang,69,/dl/web/weather/ic-w-04-scattered-clouds-full.svg,5.8 km/h,91%,aqi_nha-trang_2025_mar.csv
2025-03-12 01:02:53.794278+07:00,Nha Trang,69,/dl/web/weather/ic-w-04-scattered-clouds-full.svg,6.4 km/h,91%,aqi_nha-trang_2025_mar.csv
2025-03-12 02:02:44.088588+07:00,Nha Trang,69,/dl/web/weather/ic-w-04-scattered-clouds-full.svg,6.3 km/h,93%,aqi_nha-trang_2025_mar.csv
2025-03-12 03:02:43.035135+07:00,Nha Trang,69,/dl/web/weather/ic-w-11-night-few-clouds-full.svg,6.6 km/h,93%,aqi_nha-trang_2025_mar.csv
2025-03-12 04:02:34.091623+07:00,Nha Trang,69,/dl/web/weather/ic-w-11-night-few-clouds-full.svg,6.4 km/h,93%,aqi_nha-trang_2025_mar.csv
2025-03-12 05:02:42.218486+07:00,Nha Trang,69,/dl/web/weather/ic-w-04-scattered-clouds-full.svg,6.1 km/h,93%,aqi_nha-trang_2025_mar.csv
2025-03-12 06:02:38.575481+07:00,Nha Trang,69,/dl/web/weather/ic-w-12-night-rain-full.svg,7.1 km/h,93%,aqi_nha-trang_2025_mar.csv
2025-03-12 08:29:50.584551+07:00,Nha Trang,68,/dl/web/weather/ic-w-04-scattered-clouds-full.svg,6.0 km/h,81%,aqi_nha-trang_2025_mar.csv
2025-03-12 09:26:57.993660+07:00,Nha Trang,68,/dl/web/weather/ic-w-04-scattered-clouds-full.svg,2.9 km/h,74%,aqi_nha-trang_2025_mar.csv
2025-03-12 10:10:09.732326+07:00,Nha Trang,68,/dl/web/weather/ic-w-04-scattered-clouds-full.svg,2.9 km/h,74%,aqi_nha-trang_2025_mar.csv
2025-03-12 11:02:44.409385+07:00,Nha Trang,66,/dl/web/weather/ic-w-04-scattered-clouds-full.svg,7.4 km/h,72%,aqi_nha-trang_2025_mar.csv
2025-03-12 12:02:39.707441+07:00,Nha Trang,66,/dl/web/weather/ic-w-04-scattered-clouds-full.svg,9.7 km/h,74%,aqi_nha-trang_2025_mar.csv
2025-03-12 13:02:47.654606+07:00,Nha Trang,66,/dl/web/weather/ic-w-04-scattered-clouds-full.svg,10.6 km/h,74%,aqi_nha-trang_2025_mar.csv
2025-03-12 14:02:46.968675+07:00,Nha Trang,68,/dl/web/weather/ic-w-04-scattered-clouds-full.svg,10.8 km/h,74%,aqi_nha-trang_2025_mar.csv
2025-03-12 15:02:48.600975+07:00,Nha Trang,68,/dl/web/weather/ic-w-04-scattered-clouds-full.svg,11.7 km/h,76%,aqi_nha-trang_2025_mar.csv
2025-03-12 16:02:55.412260+07:00,Nha Trang,68,/dl/web/weather/ic-w-02-new-clouds-full.svg,12.4 km/h,78%,aqi_nha-trang_2025_mar.csv
2025-03-12 17:02:47.931918+07:00,Nha Trang,68,/dl/web/weather/ic-w-02-new-clouds-full.svg,12.2 km/h,80%,aqi_nha-trang_2025_mar.csv
2025-03-12 18:02:45.086389+07:00,Nha Trang,68,/dl/web/weather/ic-w-02-new-clouds-full.svg,10.0 km/h,84%,aqi_nha-trang_2025_mar.csv
2025-03-12 19:03:05.017200+07:00,Nha Trang,68,/dl/web/weather/ic-w-11-night-few-clouds-full.svg,7.6 km/h,92%,aqi_nha-trang_2025_mar.csv
2025-03-12 20:08:18.273979+07:00,Nha Trang,70,/dl/web/weather/ic-w-04-scattered-clouds-full.svg,4.5 km/h,94%,aqi_nha-trang_2025_mar.csv
2025-03-12 21:02:42.833554+07:00,Nha Trang,70,/dl/web/weather/ic-w-04-scattered-clouds-full.svg,4.5 km/h,94%,aqi_nha-trang_2025_mar.csv
2025-03-12 22:02:55.015461+07:00,Nha Trang,70,/dl/web/weather/ic-w-04-scattered-clouds-full.svg,4.8 km/h,93%,aqi_nha-trang_2025_mar.csv
2025-03-12 23:02:52.851024+07:00,Nha Trang,71,/dl/web/weather/ic-w-04-scattered-clouds-full.svg,5.5 km/h,93%,aqi_nha-trang_2025_mar.csv
2025-03-13 00:02:41.369114+07:00,Nha Trang,71,/dl/web/weather/ic-w-04-scattered-clouds-full.svg,6.0 km/h,93%,aqi_nha-trang_2025_mar.csv
2025-03-13 01:03:07.547156+07:00,Nha Trang,71,/dl/web/weather/ic-w-04-scattered-clouds-full.svg,7.1 km/h,94%,aqi_nha-trang_2025_mar.csv
2025-03-13 02:02:58.745333+07:00,Nha Trang,70,/dl/web/weather/ic-w-04-scattered-clouds-full.svg,7.6 km/h,94%,aqi_nha-trang_2025_mar.csv
2025-03-13 03:02:54.072079+07:00,Nha Trang,70,/dl/web/weather/ic-w-04-scattered-clouds-full.svg,8.5 km/h,94%,aqi_nha-trang_2025_mar.csv
2025-03-13 04:02:40.171414+07:00,Nha Trang,70,/dl/web/weather/ic-w-04-scattered-clouds-full.svg,8.7 km/h,92%,aqi_nha-trang_2025_mar.csv
2025-03-13 05:02:44.270441+07:00,Nha Trang,68,/dl/web/weather/ic-w-04-scattered-clouds-full.svg,8.0 km/h,90%,aqi_nha-trang_2025_mar.csv
2025-03-13 06:02:43.815642+07:00,Nha Trang,68,/dl/web/weather/ic-w-04-scattered-clouds-full.svg,7.9 km/h,89%,aqi_nha-trang_2025_mar.csv
2025-03-13 07:05:29.753526+07:00,Nha Trang,68,/dl/web/weather/ic-w-04-scattered-clouds-full.svg,5.5 km/h,84%,aqi_nha-trang_2025_mar.csv
2025-03-13 08:29:53.428083+07:00,Nha Trang,68,/dl/web/weather/ic-w-04-scattered-clouds-full.svg,4.5 km/h,79%,aqi_nha-trang_2025_mar.csv
2025-03-13 09:27:53.435835+07:00,Nha Trang,68,/dl/web/weather/ic-w-04-scattered-clouds-full.svg,2.6 km/h,75%,aqi_nha-trang_2025_mar.csv
2025-03-13 10:11:19.974633+07:00,Nha Trang,68,/dl/web/weather/ic-w-04-scattered-clouds-full.svg,4.5 km/h,71%,aqi_nha-trang_2025_mar.csv
2025-03-13 11:02:48.000371+07:00,Nha Trang,62,/dl/web/weather/ic-w-04-scattered-clouds-full.svg,4.5 km/h,71%,aqi_nha-trang_2025_mar.csv
2025-03-13 12:02:46.084501+07:00,Nha Trang,62,/dl/web/weather/ic-w-04-scattered-clouds-full.svg,7.6 km/h,70%,aqi_nha-trang_2025_mar.csv
2025-03-13 13:02:58.558792+07:00,Nha Trang,62,/dl/web/weather/ic-w-04-scattered-clouds-full.svg,9.7 km/h,70%,aqi_nha-trang_2025_mar.csv
2025-03-13 14:02:39.531843+07:00,Nha Trang,60,/dl/web/weather/ic-w-04-scattered-clouds-full.svg,10.1 km/h,71%,aqi_nha-trang_2025_mar.csv
2025-03-13 15:02:48.752979+07:00,Nha Trang,60,/dl/web/weather/ic-w-04-scattered-clouds-full.svg,11.1 km/h,71%,aqi_nha-trang_2025_mar.csv
2025-03-13 16:02:53.035631+07:00,Nha Trang,60,/dl/web/weather/ic-w-04-scattered-clouds-full.svg,12.1 km/h,75%,aqi_nha-trang_2025_mar.csv
2025-03-13 17:02:42.267002+07:00,Nha Trang,44,/dl/web/weather/ic-w-04-scattered-clouds-full.svg,12.6 km/h,78%,aqi_nha-trang_2025_mar.csv
2025-03-13 18:02:46.332308+07:00,Nha Trang,44,/dl/web/weather/ic-w-04-scattered-clouds-full.svg,9.7 km/h,83%,aqi_nha-trang_2025_mar.csv
2025-03-13 19:03:05.891683+07:00,Nha Trang,44,/dl/web/weather/ic-w-04-scattered-clouds-full.svg,6.9 km/h,90%,aqi_nha-trang_2025_mar.csv
2025-03-13 20:08:17.259009+07:00,Nha Trang,39,/dl/web/weather/ic-w-04-scattered-clouds-full.svg,4.2 km/h,93%,aqi_nha-trang_2025_mar.csv
2025-03-13 21:02:55.792237+07:00,Nha Trang,39,/dl/web/weather/ic-w-04-scattered-clouds-full.svg,4.2 km/h,93%,aqi_nha-trang_2025_mar.csv
2025-03-13 22:02:55.569065+07:00,Nha Trang,39,/dl/web/weather/ic-w-04-scattered-clouds-full.svg,4.3 km/h,93%,aqi_nha-trang_2025_mar.csv
2025-03-13 23:03:01.630104+07:00,Nha Trang,61,/dl/web/weather/ic-w-04-scattered-clouds-full.svg,4.5 km/h,93%,aqi_nha-trang_2025_mar.csv
2025-03-14 00:02:51.255775+07:00,Nha Trang,61,/dl/web/weather/ic-w-04-scattered-clouds-full.svg,4.8 km/h,93%,aqi_nha-trang_2025_mar.csv
2025-03-14 01:02:51.754666+07:00,Nha Trang,61,/dl/web/weather/ic-w-04-scattered-clouds-full.svg,6.3 km/h,93%,aqi_nha-trang_2025_mar.csv
2025-03-14 02:02:43.321878+07:00,Nha Trang,68,/dl/web/weather/ic-w-04-scattered-clouds-full.svg,6.8 km/h,93%,aqi_nha-trang_2025_mar.csv
2025-03-14 03:02:51.991576+07:00,Nha Trang,68,/dl/web/weather/ic-w-04-scattered-clouds-full.svg,6.8 km/h,93%,aqi_nha-trang_2025_mar.csv
2025-03-14 04:02:54.401881+07:00,Nha Trang,68,/dl/web/weather/ic-w-04-scattered-clouds-full.svg,6.9 km/h,93%,aqi_nha-trang_2025_mar.csv
2025-03-14 05:02:37.430601+07:00,Nha Trang,67,/dl/web/weather/ic-w-04-scattered-clouds-full.svg,7.7 km/h,93%,aqi_nha-trang_2025_mar.csv
2025-03-14 06:02:35.243514+07:00,Nha Trang,67,/dl/web/weather/ic-w-04-scattered-clouds-full.svg,7.6 km/h,93%,aqi_nha-trang_2025_mar.csv
2025-03-14 07:05:23.276897+07:00,Nha Trang,67,/dl/web/weather/ic-w-04-scattered-clouds-full.svg,7.7 km/h,88%,aqi_nha-trang_2025_mar.csv
2025-03-14 08:29:56.631580+07:00,Nha Trang,61,/dl/web/weather/ic-w-04-scattered-clouds-full.svg,6.9 km/h,81%,aqi_nha-trang_2025_mar.csv
2025-03-14 09:26:56.756464+07:00,Nha Trang,61,/dl/web/weather/ic-w-04-scattered-clouds-full.svg,3.4 km/h,71%,aqi_nha-trang_2025_mar.csv
2025-03-14 10:10:47.851490+07:00,Nha Trang,61,/dl/web/weather/ic-w-04-scattered-clouds-full.svg,4.3 km/h,64%,aqi_nha-trang_2025_mar.csv
2025-03-14 11:02:53.046216+07:00,Nha Trang,66,/dl/web/weather/ic-w-04-scattered-clouds-full.svg,4.3 km/h,64%,aqi_nha-trang_2025_mar.csv
2025-03-14 12:02:37.371551+07:00,Nha Trang,66,/dl/web/weather/ic-w-04-scattered-clouds-full.svg,8.7 km/h,63%,aqi_nha-trang_2025_mar.csv
2025-03-14 13:02:52.196418+07:00,Nha Trang,66,/dl/web/weather/ic-w-04-scattered-clouds-full.svg,10.3 km/h,64%,aqi_nha-trang_2025_mar.csv
2025-03-14 14:02:44.026548+07:00,Nha Trang,66,/dl/web/weather/ic-w-04-scattered-clouds-full.svg,8.9 km/h,65%,aqi_nha-trang_2025_mar.csv
2025-03-14 15:02:51.460328+07:00,Nha Trang,66,/dl/web/weather/ic-w-04-scattered-clouds-full.svg,5.1 km/h,64%,aqi_nha-trang_2025_mar.csv
2025-03-14 16:02:52.594699+07:00,Nha Trang,66,/dl/web/weather/ic-w-04-scattered-clouds-full.svg,5.5 km/h,64%,aqi_nha-trang_2025_mar.csv
2025-03-14 17:02:47.846428+07:00,Nha Trang,59,/dl/web/weather/ic-w-04-scattered-clouds-full.svg,6.9 km/h,63%,aqi_nha-trang_2025_mar.csv
2025-03-14 18:02:51.015414+07:00,Nha Trang,59,/dl/web/weather/ic-w-04-scattered-clouds-full.svg,8.9 km/h,71%,aqi_nha-trang_2025_mar.csv
2025-03-14 19:03:12.404121+07:00,Nha Trang,59,/dl/web/weather/ic-w-04-scattered-clouds-full.svg,8.0 km/h,82%,aqi_nha-trang_2025_mar.csv
2025-03-14 20:07:08.864659+07:00,Nha Trang,67,/dl/web/weather/ic-w-04-scattered-clouds-full.svg,3.7 km/h,88%,aqi_nha-trang_2025_mar.csv
2025-03-14 21:02:41.883135+07:00,Nha Trang,67,/dl/web/weather/ic-w-04-scattered-clouds-full.svg,3.7 km/h,88%,aqi_nha-trang_2025_mar.csv
2025-03-14 22:02:50.129854+07:00,Nha Trang,67,/dl/web/weather/ic-w-04-scattered-clouds-full.svg,3.1 km/h,89%,aqi_nha-trang_2025_mar.csv
2025-03-14 23:03:00.569301+07:00,Nha Trang,72,/dl/web/weather/ic-w-04-scattered-clouds-full.svg,3.7 km/h,89%,aqi_nha-trang_2025_mar.csv
2025-03-15 00:02:35.992188+07:00,Nha Trang,72,/dl/web/weather/ic-w-04-scattered-clouds-full.svg,4.7 km/h,89%,aqi_nha-trang_2025_mar.csv
2025-03-15 01:02:55.866748+07:00,Nha Trang,72,/dl/web/weather/ic-w-04-scattered-clouds-full.svg,6.6 km/h,90%,aqi_nha-trang_2025_mar.csv
2025-03-15 02:02:41.869361+07:00,Nha Trang,72,/dl/web/weather/ic-w-04-scattered-clouds-full.svg,7.9 km/h,90%,aqi_nha-trang_2025_mar.csv
2025-03-15 04:02:39.555498+07:00,Nha Trang,72,/dl/web/weather/ic-w-04-scattered-clouds-full.svg,7.7 km/h,89%,aqi_nha-trang_2025_mar.csv
2025-03-15 05:02:27.072921+07:00,Nha Trang,71,/dl/web/weather/ic-w-04-scattered-clouds-full.svg,8.4 km/h,89%,aqi_nha-trang_2025_mar.csv
2025-03-15 06:02:37.729574+07:00,Nha Trang,71,/dl/web/weather/ic-w-04-scattered-clouds-full.svg,9.0 km/h,89%,aqi_nha-trang_2025_mar.csv
2025-03-15 07:05:23.391797+07:00,Nha Trang,71,/dl/web/weather/ic-w-04-scattered-clouds-full.svg,7.6 km/h,83%,aqi_nha-trang_2025_mar.csv
2025-03-15 08:29:40.807833+07:00,Nha Trang,69,/dl/web/weather/ic-w-04-scattered-clouds-full.svg,6.3 km/h,75%,aqi_nha-trang_2025_mar.csv
2025-03-15 09:25:59.795396+07:00,Nha Trang,69,/dl/web/weather/ic-w-04-scattered-clouds-full.svg,3.9 km/h,68%,aqi_nha-trang_2025_mar.csv
2025-03-15 10:09:03.494512+07:00,Nha Trang,69,/dl/web/weather/ic-w-04-scattered-clouds-full.svg,7.1 km/h,63%,aqi_nha-trang_2025_mar.csv
2025-03-15 11:02:41.962581+07:00,Nha Trang,66,/dl/web/weather/ic-w-04-scattered-clouds-full.svg,7.1 km/h,63%,aqi_nha-trang_2025_mar.csv
2025-03-15 12:02:36.821054+07:00,Nha Trang,66,/dl/web/weather/ic-w-04-scattered-clouds-full.svg,11.7 km/h,65%,aqi_nha-trang_2025_mar.csv
2025-03-15 13:02:48.818581+07:00,Nha Trang,66,/dl/web/weather/ic-w-04-scattered-clouds-full.svg,12.4 km/h,67%,aqi_nha-trang_2025_mar.csv
2025-03-15 14:02:43.212775+07:00,Nha Trang,67,/dl/web/weather/ic-w-04-scattered-clouds-full.svg,11.9 km/h,67%,aqi_nha-trang_2025_mar.csv
2025-03-15 15:02:40.122890+07:00,Nha Trang,67,/dl/web/weather/ic-w-01-clear-sky-full.svg,11.7 km/h,69%,aqi_nha-trang_2025_mar.csv
2025-03-15 16:02:39.461659+07:00,Nha Trang,67,/dl/web/weather/ic-w-02-new-clouds-full.svg,11.9 km/h,72%,aqi_nha-trang_2025_mar.csv
2025-03-15 17:02:43.355239+07:00,Nha Trang,69,/dl/web/weather/ic-w-02-new-clouds-full.svg,10.8 km/h,74%,aqi_nha-trang_2025_mar.csv
2025-03-15 17:45:09.142179+07:00,Nha Trang,69,/dl/web/weather/ic-w-02-new-clouds-full.svg,7.1 km/h,78%,aqi_nha-trang_2025_mar.csv
2025-03-15 18:01:42.145470+07:00,Nha Trang,69,/dl/web/weather/ic-w-02-new-clouds-full.svg,7.1 km/h,78%,aqi_nha-trang_2025_mar.csv
2025-03-15 19:02:21.791495+07:00,Nha Trang,69,/dl/web/weather/ic-w-04-scattered-clouds-full.svg,4.2 km/h,87%,aqi_nha-trang_2025_mar.csv
2025-03-15 20:04:49.702269+07:00,Nha Trang,70,/dl/web/weather/ic-w-11-night-few-clouds-full.svg,1.6 km/h,91%,aqi_nha-trang_2025_mar.csv
2025-03-15 21:02:02.385631+07:00,Nha Trang,70,/dl/web/weather/ic-w-11-night-few-clouds-full.svg,1.6 km/h,91%,aqi_nha-trang_2025_mar.csv
2025-03-15 22:01:47.646209+07:00,Nha Trang,70,/dl/web/weather/ic-w-10-night-clear-sky-full.svg,4.3 km/h,92%,aqi_nha-trang_2025_mar.csv
2025-03-15 23:01:53.429952+07:00,Nha Trang,68,/dl/web/weather/ic-w-11-night-few-clouds-full.svg,5.6 km/h,93%,aqi_nha-trang_2025_mar.csv
2025-03-16 00:01:48.748747+07:00,Nha Trang,68,/dl/web/weather/ic-w-11-night-few-clouds-full.svg,5.8 km/h,93%,aqi_nha-trang_2025_mar.csv
2025-03-16 01:02:05.240369+07:00,Nha Trang,68,/dl/web/weather/ic-w-11-night-few-clouds-full.svg,6.1 km/h,94%,aqi_nha-trang_2025_mar.csv
2025-03-16 03:02:01.243038+07:00,Nha Trang,64,/dl/web/weather/ic-w-04-scattered-clouds-full.svg,7.1 km/h,95%,aqi_nha-trang_2025_mar.csv
2025-03-16 04:01:50.358400+07:00,Nha Trang,64,/dl/web/weather/ic-w-04-scattered-clouds-full.svg,7.4 km/h,95%,aqi_nha-trang_2025_mar.csv
2025-03-16 05:01:59.756372+07:00,Nha Trang,76,/dl/web/weather/ic-w-04-scattered-clouds-full.svg,7.1 km/h,94%,aqi_nha-trang_2025_mar.csv
2025-03-16 06:01:54.633926+07:00,Nha Trang,76,/dl/web/weather/ic-w-04-scattered-clouds-full.svg,7.7 km/h,94%,aqi_nha-trang_2025_mar.csv
2025-03-16 07:05:04.357232+07:00,Nha Trang,76,/dl/web/weather/ic-w-04-scattered-clouds-full.svg,7.4 km/h,89%,aqi_nha-trang_2025_mar.csv
2025-03-16 08:29:20.740875+07:00,Nha Trang,73,/dl/web/weather/ic-w-04-scattered-clouds-full.svg,7.2 km/h,84%,aqi_nha-trang_2025_mar.csv
2025-03-16 09:28:44.124162+07:00,Nha Trang,73,/dl/web/weather/ic-w-04-scattered-clouds-full.svg,6.3 km/h,75%,aqi_nha-trang_2025_mar.csv
2025-03-16 10:13:18.309026+07:00,Nha Trang,73,/dl/web/weather/ic-w-04-scattered-clouds-full.svg,8.7 km/h,67%,aqi_nha-trang_2025_mar.csv
2025-03-16 11:01:55.654083+07:00,Nha Trang,67,/dl/web/weather/ic-w-04-scattered-clouds-full.svg,8.7 km/h,67%,aqi_nha-trang_2025_mar.csv
2025-03-16 12:01:59.802991+07:00,Nha Trang,67,/dl/web/weather/ic-w-04-scattered-clouds-full.svg,13.5 km/h,65%,aqi_nha-trang_2025_mar.csv
2025-03-16 13:01:57.307565+07:00,Nha Trang,67,/dl/web/weather/ic-w-04-scattered-clouds-full.svg,16.4 km/h,65%,aqi_nha-trang_2025_mar.csv
2025-03-16 14:02:03.008479+07:00,Nha Trang,67,/dl/web/weather/ic-w-04-scattered-clouds-full.svg,17.5 km/h,66%,aqi_nha-trang_2025_mar.csv
2025-03-16 15:02:10.046374+07:00,Nha Trang,67,/dl/web/weather/ic-w-04-scattered-clouds-full.svg,16.1 km/h,65%,aqi_nha-trang_2025_mar.csv
2025-03-16 16:01:50.450978+07:00,Nha Trang,67,/dl/web/weather/ic-w-04-scattered-clouds-full.svg,16.1 km/h,66%,aqi_nha-trang_2025_mar.csv
2025-03-16 17:01:54.827396+07:00,Nha Trang,68,/dl/web/weather/ic-w-04-scattered-clouds-full.svg,18.0 km/h,71%,aqi_nha-trang_2025_mar.csv
2025-03-16 18:02:01.406138+07:00,Nha Trang,68,/dl/web/weather/ic-w-04-scattered-clouds-full.svg,16.4 km/h,77%,aqi_nha-trang_2025_mar.csv
2025-03-16 19:02:03.853299+07:00,Nha Trang,68,/dl/web/weather/ic-w-04-scattered-clouds-full.svg,13.7 km/h,84%,aqi_nha-trang_2025_mar.csv
2025-03-16 20:05:01.988978+07:00,Nha Trang,68,/dl/web/weather/ic-w-04-scattered-clouds-full.svg,14.8 km/h,87%,aqi_nha-trang_2025_mar.csv
2025-03-16 21:01:45.020781+07:00,Nha Trang,68,/dl/web/weather/ic-w-04-scattered-clouds-full.svg,14.8 km/h,87%,aqi_nha-trang_2025_mar.csv
2025-03-16 22:01:53.143892+07:00,Nha Trang,68,/dl/web/weather/ic-w-11-night-few-clouds-full.svg,14.0 km/h,86%,aqi_nha-trang_2025_mar.csv
2025-03-16 23:01:58.310302+07:00,Nha Trang,64,/dl/web/weather/ic-w-04-scattered-clouds-full.svg,14.0 km/h,89%,aqi_nha-trang_2025_mar.csv
2025-03-17 00:01:54.618003+07:00,Nha Trang,64,/dl/web/weather/ic-w-04-scattered-clouds-full.svg,10.6 km/h,89%,aqi_nha-trang_2025_mar.csv
2025-03-17 01:02:09.536643+07:00,Nha Trang,64,/dl/web/weather/ic-w-04-scattered-clouds-full.svg,9.2 km/h,90%,aqi_nha-trang_2025_mar.csv
2025-03-17 02:01:41.070728+07:00,Nha Trang,57,/dl/web/weather/ic-w-04-scattered-clouds-full.svg,9.0 km/h,91%,aqi_nha-trang_2025_mar.csv
2025-03-17 03:02:05.906724+07:00,Nha Trang,57,/dl/web/weather/ic-w-04-scattered-clouds-full.svg,8.5 km/h,92%,aqi_nha-trang_2025_mar.csv
2025-03-17 04:01:48.791351+07:00,Nha Trang,57,/dl/web/weather/ic-w-04-scattered-clouds-full.svg,7.7 km/h,92%,aqi_nha-trang_2025_mar.csv
2025-03-17 06:01:54.996098+07:00,Nha Trang,69,/dl/web/weather/ic-w-04-scattered-clouds-full.svg,9.0 km/h,93%,aqi_nha-trang_2025_mar.csv
2025-03-17 07:05:25.407010+07:00,Nha Trang,69,/dl/web/weather/ic-w-04-scattered-clouds-full.svg,9.2 km/h,86%,aqi_nha-trang_2025_mar.csv
2025-03-17 08:29:19.883598+07:00,Nha Trang,68,/dl/web/weather/ic-w-04-scattered-clouds-full.svg,9.5 km/h,78%,aqi_nha-trang_2025_mar.csv
2025-03-17 09:27:59.828902+07:00,Nha Trang,68,/dl/web/weather/ic-w-04-scattered-clouds-full.svg,9.5 km/h,76%,aqi_nha-trang_2025_mar.csv
2025-03-17 10:12:33.700367+07:00,Nha Trang,68,/dl/web/weather/ic-w-04-scattered-clouds-full.svg,11.1 km/h,75%,aqi_nha-trang_2025_mar.csv
2025-03-17 11:02:10.935327+07:00,Nha Trang,67,/dl/web/weather/ic-w-04-scattered-clouds-full.svg,11.1 km/h,75%,aqi_nha-trang_2025_mar.csv
2025-03-17 12:01:55.581318+07:00,Nha Trang,67,/dl/web/weather/ic-w-04-scattered-clouds-full.svg,12.6 km/h,76%,aqi_nha-trang_2025_mar.csv
2025-03-17 13:02:10.426945+07:00,Nha Trang,67,/dl/web/weather/ic-w-04-scattered-clouds-full.svg,14.8 km/h,77%,aqi_nha-trang_2025_mar.csv
2025-03-17 14:02:06.027003+07:00,Nha Trang,67,/dl/web/weather/ic-w-04-scattered-clouds-full.svg,14.3 km/h,77%,aqi_nha-trang_2025_mar.csv
2025-03-17 15:02:21.723858+07:00,Nha Trang,67,/dl/web/weather/ic-w-04-scattered-clouds-full.svg,15.4 km/h,77%,aqi_nha-trang_2025_mar.csv
2025-03-17 16:02:05.602472+07:00,Nha Trang,67,/dl/web/weather/ic-w-04-scattered-clouds-full.svg,15.8 km/h,80%,aqi_nha-trang_2025_mar.csv
2025-03-17 17:02:06.907191+07:00,Nha Trang,66,/dl/web/weather/ic-w-04-scattered-clouds-full.svg,14.5 km/h,81%,aqi_nha-trang_2025_mar.csv
2025-03-17 18:01:58.715510+07:00,Nha Trang,66,/dl/web/weather/ic-w-04-scattered-clouds-full.svg,13.0 km/h,88%,aqi_nha-trang_2025_mar.csv
2025-03-17 19:02:28.615196+07:00,Nha Trang,66,/dl/web/weather/ic-w-04-scattered-clouds-full.svg,11.4 km/h,89%,aqi_nha-trang_2025_mar.csv
2025-03-17 20:08:07.287505+07:00,Nha Trang,61,/dl/web/weather/ic-w-04-scattered-clouds-full.svg,10.0 km/h,89%,aqi_nha-trang_2025_mar.csv
2025-03-17 21:02:03.892420+07:00,Nha Trang,61,/dl/web/weather/ic-w-04-scattered-clouds-full.svg,10.0 km/h,89%,aqi_nha-trang_2025_mar.csv
2025-03-17 22:02:21.668046+07:00,Nha Trang,61,/dl/web/weather/ic-w-04-scattered-clouds-full.svg,11.7 km/h,90%,aqi_nha-trang_2025_mar.csv
2025-03-17 23:02:11.685692+07:00,Nha Trang,61,/dl/web/weather/ic-w-04-scattered-clouds-full.svg,11.1 km/h,91%,aqi_nha-trang_2025_mar.csv
2025-03-18 00:01:52.936205+07:00,Nha Trang,61,/dl/web/weather/ic-w-04-scattered-clouds-full.svg,10.3 km/h,91%,aqi_nha-trang_2025_mar.csv
2025-03-18 01:02:15.766880+07:00,Nha Trang,61,/dl/web/weather/ic-w-04-scattered-clouds-full.svg,9.5 km/h,90%,aqi_nha-trang_2025_mar.csv
2025-03-18 02:02:02.627297+07:00,Nha Trang,57,/dl/web/weather/ic-w-04-scattered-clouds-full.svg,10.6 km/h,91%,aqi_nha-trang_2025_mar.csv
2025-03-18 03:02:15.614293+07:00,Nha Trang,57,/dl/web/weather/ic-w-04-scattered-clouds-full.svg,10.0 km/h,90%,aqi_nha-trang_2025_mar.csv
2025-03-18 04:02:11.538139+07:00,Nha Trang,57,/dl/web/weather/ic-w-04-scattered-clouds-full.svg,9.0 km/h,90%,aqi_nha-trang_2025_mar.csv
2025-03-18 05:01:58.825717+07:00,Nha Trang,57,/dl/web/weather/ic-w-04-scattered-clouds-full.svg,9.7 km/h,90%,aqi_nha-trang_2025_mar.csv
2025-03-18 06:02:14.531883+07:00,Nha Trang,57,/dl/web/weather/ic-w-04-scattered-clouds-full.svg,10.3 km/h,90%,aqi_nha-trang_2025_mar.csv
2025-03-18 07:04:46.187607+07:00,Nha Trang,57,/dl/web/weather/ic-w-04-scattered-clouds-full.svg,12.4 km/h,89%,aqi_nha-trang_2025_mar.csv
2025-03-18 08:29:19.664484+07:00,Nha Trang,56,/dl/web/weather/ic-w-04-scattered-clouds-full.svg,11.1 km/h,85%,aqi_nha-trang_2025_mar.csv
2025-03-18 09:27:48.722983+07:00,Nha Trang,56,/dl/web/weather/ic-w-04-scattered-clouds-full.svg,14.8 km/h,79%,aqi_nha-trang_2025_mar.csv
2025-03-18 10:12:08.756699+07:00,Nha Trang,56,/dl/web/weather/ic-w-04-scattered-clouds-full.svg,19.3 km/h,73%,aqi_nha-trang_2025_mar.csv
2025-03-18 11:02:08.717158+07:00,Nha Trang,57,/dl/web/weather/ic-w-04-scattered-clouds-full.svg,19.3 km/h,73%,aqi_nha-trang_2025_mar.csv
2025-03-18 12:02:09.868464+07:00,Nha Trang,57,/dl/web/weather/ic-w-04-scattered-clouds-full.svg,22.5 km/h,69%,aqi_nha-trang_2025_mar.csv
2025-03-18 13:02:05.680816+07:00,Nha Trang,57,/dl/web/weather/ic-w-04-scattered-clouds-full.svg,26.4 km/h,69%,aqi_nha-trang_2025_mar.csv
2025-03-18 14:02:07.296882+07:00,Nha Trang,58,/dl/web/weather/ic-w-04-scattered-clouds-full.svg,28.0 km/h,67%,aqi_nha-trang_2025_mar.csv
2025-03-18 15:02:24.517410+07:00,Nha Trang,58,/dl/web/weather/ic-w-04-scattered-clouds-full.svg,25.3 km/h,67%,aqi_nha-trang_2025_mar.csv
2025-03-18 17:02:01.454426+07:00,Nha Trang,57,/dl/web/weather/ic-w-04-scattered-clouds-full.svg,23.3 km/h,72%,aqi_nha-trang_2025_mar.csv
2025-03-18 18:02:00.107732+07:00,Nha Trang,57,/dl/web/weather/ic-w-04-scattered-clouds-full.svg,18.2 km/h,74%,aqi_nha-trang_2025_mar.csv
2025-03-18 19:02:23.022973+07:00,Nha Trang,57,/dl/web/weather/ic-w-04-scattered-clouds-full.svg,15.4 km/h,81%,aqi_nha-trang_2025_mar.csv
2025-03-18 20:08:03.707421+07:00,Nha Trang,62,/dl/web/weather/ic-w-04-scattered-clouds-full.svg,15.8 km/h,86%,aqi_nha-trang_2025_mar.csv
2025-03-18 21:02:09.737996+07:00,Nha Trang,62,/dl/web/weather/ic-w-04-scattered-clouds-full.svg,15.8 km/h,86%,aqi_nha-trang_2025_mar.csv
2025-03-18 22:02:09.489950+07:00,Nha Trang,62,/dl/web/weather/ic-w-04-scattered-clouds-full.svg,16.6 km/h,88%,aqi_nha-trang_2025_mar.csv
2025-03-18 23:02:12.807743+07:00,Nha Trang,61,/dl/web/weather/ic-w-04-scattered-clouds-full.svg,16.3 km/h,89%,aqi_nha-trang_2025_mar.csv
2025-03-19 00:02:08.378754+07:00,Nha Trang,61,/dl/web/weather/ic-w-04-scattered-clouds-full.svg,15.6 km/h,88%,aqi_nha-trang_2025_mar.csv
2025-03-19 01:02:32.284580+07:00,Nha Trang,61,/dl/web/weather/ic-w-04-scattered-clouds-full.svg,14.6 km/h,88%,aqi_nha-trang_2025_mar.csv
2025-03-19 02:01:46.480467+07:00,Nha Trang,62,/dl/web/weather/ic-w-04-scattered-clouds-full.svg,15.1 km/h,89%,aqi_nha-trang_2025_mar.csv
2025-03-19 03:02:07.009024+07:00,Nha Trang,62,/dl/web/weather/ic-w-04-scattered-clouds-full.svg,17.2 km/h,90%,aqi_nha-trang_2025_mar.csv
2025-03-19 04:02:01.233751+07:00,Nha Trang,62,/dl/web/weather/ic-w-04-scattered-clouds-full.svg,11.7 km/h,86%,aqi_nha-trang_2025_mar.csv
2025-03-19 05:02:11.880264+07:00,Nha Trang,67,/dl/web/weather/ic-w-04-scattered-clouds-full.svg,13.4 km/h,86%,aqi_nha-trang_2025_mar.csv
2025-03-19 06:02:00.013428+07:00,Nha Trang,67,/dl/web/weather/ic-w-04-scattered-clouds-full.svg,12.9 km/h,86%,aqi_nha-trang_2025_mar.csv
2025-03-19 07:05:13.770574+07:00,Nha Trang,67,/dl/web/weather/ic-w-04-scattered-clouds-full.svg,12.6 km/h,88%,aqi_nha-trang_2025_mar.csv
2025-03-19 08:29:12.332699+07:00,Nha Trang,69,/dl/web/weather/ic-w-04-scattered-clouds-full.svg,12.4 km/h,87%,aqi_nha-trang_2025_mar.csv
2025-03-19 09:27:14.204163+07:00,Nha Trang,69,/dl/web/weather/ic-w-04-scattered-clouds-full.svg,12.7 km/h,82%,aqi_nha-trang_2025_mar.csv
2025-03-19 10:11:33.664031+07:00,Nha Trang,69,/dl/web/weather/ic-w-04-scattered-clouds-full.svg,14.6 km/h,81%,aqi_nha-trang_2025_mar.csv
2025-03-19 11:02:02.359794+07:00,Nha Trang,71,/dl/web/weather/ic-w-04-scattered-clouds-full.svg,14.6 km/h,81%,aqi_nha-trang_2025_mar.csv
2025-03-19 12:01:48.632443+07:00,Nha Trang,71,/dl/web/weather/ic-w-04-scattered-clouds-full.svg,14.8 km/h,81%,aqi_nha-trang_2025_mar.csv
2025-03-19 13:02:09.019200+07:00,Nha Trang,71,/dl/web/weather/ic-w-04-scattered-clouds-full.svg,15.6 km/h,78%,aqi_nha-trang_2025_mar.csv
2025-03-19 14:02:04.712022+07:00,Nha Trang,78,/dl/web/weather/ic-w-04-scattered-clouds-full.svg,21.6 km/h,76%,aqi_nha-trang_2025_mar.csv
2025-03-19 15:02:12.383340+07:00,Nha Trang,78,/dl/web/weather/ic-w-04-scattered-clouds-full.svg,27.7 km/h,71%,aqi_nha-trang_2025_mar.csv
2025-03-19 16:02:15.165479+07:00,Nha Trang,78,/dl/web/weather/ic-w-04-scattered-clouds-full.svg,27.4 km/h,70%,aqi_nha-trang_2025_mar.csv
2025-03-19 17:02:08.883845+07:00,Nha Trang,85,/dl/web/weather/ic-w-04-scattered-clouds-full.svg,27.0 km/h,71%,aqi_nha-trang_2025_mar.csv
2025-03-19 18:01:54.626870+07:00,Nha Trang,85,/dl/web/weather/ic-w-04-scattered-clouds-full.svg,22.2 km/h,75%,aqi_nha-trang_2025_mar.csv
2025-03-19 19:02:16.320021+07:00,Nha Trang,85,/dl/web/weather/ic-w-04-scattered-clouds-full.svg,18.3 km/h,78%,aqi_nha-trang_2025_mar.csv
2025-03-19 20:08:14.232609+07:00,Nha Trang,96,/dl/web/weather/ic-w-04-scattered-clouds-full.svg,18.7 km/h,82%,aqi_nha-trang_2025_mar.csv
2025-03-19 21:02:15.951411+07:00,Nha Trang,96,/dl/web/weather/ic-w-04-scattered-clouds-full.svg,18.7 km/h,82%,aqi_nha-trang_2025_mar.csv
2025-03-19 22:02:20.397330+07:00,Nha Trang,96,/dl/web/weather/ic-w-04-scattered-clouds-full.svg,17.9 km/h,83%,aqi_nha-trang_2025_mar.csv
2025-03-19 23:02:18.694608+07:00,Nha Trang,98,/dl/web/weather/ic-w-04-scattered-clouds-full.svg,16.7 km/h,86%,aqi_nha-trang_2025_mar.csv
2025-03-20 00:02:10.326990+07:00,Nha Trang,98,/dl/web/weather/ic-w-04-scattered-clouds-full.svg,16.6 km/h,87%,aqi_nha-trang_2025_mar.csv
2025-03-20 01:02:21.900656+07:00,Nha Trang,98,/dl/web/weather/ic-w-04-scattered-clouds-full.svg,15.6 km/h,88%,aqi_nha-trang_2025_mar.csv
2025-03-20 02:02:01.869417+07:00,Nha Trang,94,/dl/web/weather/ic-w-04-scattered-clouds-full.svg,15.1 km/h,89%,aqi_nha-trang_2025_mar.csv
2025-03-20 04:02:00.683814+07:00,Nha Trang,94,/dl/web/weather/ic-w-04-scattered-clouds-full.svg,13.2 km/h,85%,aqi_nha-trang_2025_mar.csv
2025-03-20 05:02:18.429995+07:00,Nha Trang,86,/dl/web/weather/ic-w-04-scattered-clouds-full.svg,14.5 km/h,85%,aqi_nha-trang_2025_mar.csv
2025-03-20 06:02:16.137113+07:00,Nha Trang,86,/dl/web/weather/ic-w-04-scattered-clouds-full.svg,15.0 km/h,84%,aqi_nha-trang_2025_mar.csv
2025-03-20 07:04:48.508499+07:00,Nha Trang,86,/dl/web/weather/ic-w-04-scattered-clouds-full.svg,13.8 km/h,83%,aqi_nha-trang_2025_mar.csv
2025-03-20 08:29:08.264210+07:00,Nha Trang,71,/dl/web/weather/ic-w-04-scattered-clouds-full.svg,15.8 km/h,77%,aqi_nha-trang_2025_mar.csv
2025-03-20 09:26:48.394776+07:00,Nha Trang,71,/dl/web/weather/ic-w-04-scattered-clouds-full.svg,19.2 km/h,73%,aqi_nha-trang_2025_mar.csv
2025-03-20 10:10:41.017904+07:00,Nha Trang,71,/dl/web/weather/ic-w-04-scattered-clouds-full.svg,20.1 km/h,75%,aqi_nha-trang_2025_mar.csv
2025-03-20 11:02:12.354281+07:00,Nha Trang,71,/dl/web/weather/ic-w-04-scattered-clouds-full.svg,20.1 km/h,75%,aqi_nha-trang_2025_mar.csv
2025-03-20 12:02:06.401295+07:00,Nha Trang,71,/dl/web/weather/ic-w-04-scattered-clouds-full.svg,22.2 km/h,75%,aqi_nha-trang_2025_mar.csv
2025-03-20 13:02:11.991781+07:00,Nha Trang,71,/dl/web/weather/ic-w-04-scattered-clouds-full.svg,21.4 km/h,77%,aqi_nha-trang_2025_mar.csv
2025-03-20 14:02:01.115573+07:00,Nha Trang,71,/dl/web/weather/ic-w-04-scattered-clouds-full.svg,20.6 km/h,78%,aqi_nha-trang_2025_mar.csv
2025-03-20 15:02:10.358583+07:00,Nha Trang,71,/dl/web/weather/ic-w-04-scattered-clouds-full.svg,20.1 km/h,77%,aqi_nha-trang_2025_mar.csv
2025-03-20 16:02:20.305218+07:00,Nha Trang,71,/dl/web/weather/ic-w-04-scattered-clouds-full.svg,22.7 km/h,72%,aqi_nha-trang_2025_mar.csv
2025-03-20 17:01:59.624269+07:00,Nha Trang,71,/dl/web/weather/ic-w-04-scattered-clouds-full.svg,22.2 km/h,74%,aqi_nha-trang_2025_mar.csv
2025-03-20 18:01:51.857851+07:00,Nha Trang,71,/dl/web/weather/ic-w-04-scattered-clouds-full.svg,22.9 km/h,77%,aqi_nha-trang_2025_mar.csv
2025-03-20 19:02:25.718495+07:00,Nha Trang,71,/dl/web/weather/ic-w-04-scattered-clouds-full.svg,19.8 km/h,80%,aqi_nha-trang_2025_mar.csv
2025-03-20 20:07:35.848385+07:00,Nha Trang,71,/dl/web/weather/ic-w-04-scattered-clouds-full.svg,18.8 km/h,84%,aqi_nha-trang_2025_mar.csv
2025-03-20 21:02:03.518053+07:00,Nha Trang,71,/dl/web/weather/ic-w-04-scattered-clouds-full.svg,18.8 km/h,84%,aqi_nha-trang_2025_mar.csv
2025-03-20 22:02:14.209613+07:00,Nha Trang,71,/dl/web/weather/ic-w-04-scattered-clouds-full.svg,18.0 km/h,84%,aqi_nha-trang_2025_mar.csv
2025-03-20 23:02:06.719587+07:00,Nha Trang,69,/dl/web/weather/ic-w-04-scattered-clouds-full.svg,17.1 km/h,84%,aqi_nha-trang_2025_mar.csv
2025-03-21 00:02:06.205778+07:00,Nha Trang,69,/dl/web/weather/ic-w-04-scattered-clouds-full.svg,13.7 km/h,85%,aqi_nha-trang_2025_mar.csv
2025-03-21 01:02:21.459303+07:00,Nha Trang,69,/dl/web/weather/ic-w-04-scattered-clouds-full.svg,12.9 km/h,85%,aqi_nha-trang_2025_mar.csv
2025-03-21 02:01:45.391454+07:00,Nha Trang,63,/dl/web/weather/ic-w-04-scattered-clouds-full.svg,11.9 km/h,86%,aqi_nha-trang_2025_mar.csv
2025-03-21 03:01:56.494741+07:00,Nha Trang,63,/dl/web/weather/ic-w-04-scattered-clouds-full.svg,10.6 km/h,87%,aqi_nha-trang_2025_mar.csv
2025-03-21 04:01:57.273781+07:00,Nha Trang,63,/dl/web/weather/ic-w-04-scattered-clouds-full.svg,12.2 km/h,85%,aqi_nha-trang_2025_mar.csv
2025-03-21 05:01:49.735648+07:00,Nha Trang,61,/dl/web/weather/ic-w-04-scattered-clouds-full.svg,10.1 km/h,85%,aqi_nha-trang_2025_mar.csv
2025-03-21 06:01:56.059979+07:00,Nha Trang,61,/dl/web/weather/ic-w-04-scattered-clouds-full.svg,11.6 km/h,82%,aqi_nha-trang_2025_mar.csv
2025-03-21 08:29:15.606923+07:00,Nha Trang,63,/dl/web/weather/ic-w-04-scattered-clouds-full.svg,13.0 km/h,78%,aqi_nha-trang_2025_mar.csv
2025-03-21 09:27:52.273946+07:00,Nha Trang,63,/dl/web/weather/ic-w-04-scattered-clouds-full.svg,13.5 km/h,76%,aqi_nha-trang_2025_mar.csv
2025-03-21 10:12:06.319300+07:00,Nha Trang,63,/dl/web/weather/ic-w-04-scattered-clouds-full.svg,15.3 km/h,75%,aqi_nha-trang_2025_mar.csv
2025-03-21 11:01:57.318481+07:00,Nha Trang,71,/dl/web/weather/ic-w-04-scattered-clouds-full.svg,15.3 km/h,75%,aqi_nha-trang_2025_mar.csv
2025-03-21 12:02:09.612977+07:00,Nha Trang,71,/dl/web/weather/ic-w-04-scattered-clouds-full.svg,17.9 km/h,71%,aqi_nha-trang_2025_mar.csv
2025-03-21 13:03:06.042523+07:00,Nha Trang,71,/dl/web/weather/ic-w-04-scattered-clouds-full.svg,20.9 km/h,68%,aqi_nha-trang_2025_mar.csv
2025-03-21 14:01:56.013572+07:00,Nha Trang,75,/dl/web/weather/ic-w-04-scattered-clouds-full.svg,20.0 km/h,65%,aqi_nha-trang_2025_mar.csv
2025-03-21 15:02:19.305582+07:00,Nha Trang,75,/dl/web/weather/ic-w-04-scattered-clouds-full.svg,21.1 km/h,64%,aqi_nha-trang_2025_mar.csv
2025-03-21 16:01:53.736266+07:00,Nha Trang,75,/dl/web/weather/ic-w-04-scattered-clouds-full.svg,23.0 km/h,65%,aqi_nha-trang_2025_mar.csv
2025-03-21 17:01:53.857720+07:00,Nha Trang,76,/dl/web/weather/ic-w-04-scattered-clouds-full.svg,20.3 km/h,66%,aqi_nha-trang_2025_mar.csv
2025-03-21 18:01:56.970040+07:00,Nha Trang,76,/dl/web/weather/ic-w-04-scattered-clouds-full.svg,17.5 km/h,73%,aqi_nha-trang_2025_mar.csv
2025-03-21 19:02:29.380196+07:00,Nha Trang,76,/dl/web/weather/ic-w-04-scattered-clouds-full.svg,16.6 km/h,79%,aqi_nha-trang_2025_mar.csv
2025-03-21 20:07:11.750983+07:00,Nha Trang,77,/dl/web/weather/ic-w-11-night-few-clouds-full.svg,12.7 km/h,84%,aqi_nha-trang_2025_mar.csv
2025-03-21 21:01:57.572672+07:00,Nha Trang,77,/dl/web/weather/ic-w-11-night-few-clouds-full.svg,12.7 km/h,84%,aqi_nha-trang_2025_mar.csv
2025-03-21 22:02:13.200383+07:00,Nha Trang,77,/dl/web/weather/ic-w-04-scattered-clouds-full.svg,11.6 km/h,84%,aqi_nha-trang_2025_mar.csv
2025-03-21 23:02:02.843626+07:00,Nha Trang,70,/dl/web/weather/ic-w-04-scattered-clouds-full.svg,10.0 km/h,86%,aqi_nha-trang_2025_mar.csv
2025-03-22 00:02:06.646495+07:00,Nha Trang,70,/dl/web/weather/ic-w-04-scattered-clouds-full.svg,9.8 km/h,87%,aqi_nha-trang_2025_mar.csv
2025-03-22 01:02:13.843372+07:00,Nha Trang,70,/dl/web/weather/ic-w-04-scattered-clouds-full.svg,10.8 km/h,89%,aqi_nha-trang_2025_mar.csv
2025-03-22 02:02:01.791096+07:00,Nha Trang,69,/dl/web/weather/ic-w-04-scattered-clouds-full.svg,10.3 km/h,89%,aqi_nha-trang_2025_mar.csv
2025-03-22 03:02:03.567036+07:00,Nha Trang,69,/dl/web/weather/ic-w-04-scattered-clouds-full.svg,10.0 km/h,88%,aqi_nha-trang_2025_mar.csv
2025-03-22 04:02:02.420242+07:00,Nha Trang,69,/dl/web/weather/ic-w-04-scattered-clouds-full.svg,10.3 km/h,87%,aqi_nha-trang_2025_mar.csv
2025-03-22 05:02:06.559523+07:00,Nha Trang,68,/dl/web/weather/ic-w-04-scattered-clouds-full.svg,9.3 km/h,84%,aqi_nha-trang_2025_mar.csv
2025-03-22 06:01:55.689771+07:00,Nha Trang,68,/dl/web/weather/ic-w-04-scattered-clouds-full.svg,9.8 km/h,84%,aqi_nha-trang_2025_mar.csv
2025-03-22 07:05:09.384450+07:00,Nha Trang,68,/dl/web/weather/ic-w-04-scattered-clouds-full.svg,10.1 km/h,79%,aqi_nha-trang_2025_mar.csv
2025-03-22 08:29:05.970905+07:00,Nha Trang,63,/dl/web/weather/ic-w-04-scattered-clouds-full.svg,9.8 km/h,74%,aqi_nha-trang_2025_mar.csv
2025-03-22 10:11:37.767408+07:00,Nha Trang,63,/dl/web/weather/ic-w-04-scattered-clouds-full.svg,13.5 km/h,65%,aqi_nha-trang_2025_mar.csv
2025-03-22 11:01:52.179867+07:00,Nha Trang,58,/dl/web/weather/ic-w-04-scattered-clouds-full.svg,13.5 km/h,65%,aqi_nha-trang_2025_mar.csv
2025-03-22 12:02:07.811482+07:00,Nha Trang,58,/dl/web/weather/ic-w-04-scattered-clouds-full.svg,18.8 km/h,66%,aqi_nha-trang_2025_mar.csv
2025-03-22 13:02:20.165202+07:00,Nha Trang,58,/dl/web/weather/ic-w-04-scattered-clouds-full.svg,25.1 km/h,65%,aqi_nha-trang_2025_mar.csv
2025-03-22 14:02:04.031332+07:00,Nha Trang,57,/dl/web/weather/ic-w-04-scattered-clouds-full.svg,25.4 km/h,65%,aqi_nha-trang_2025_mar.csv
2025-03-22 15:01:55.615561+07:00,Nha Trang,57,/dl/web/weather/ic-w-04-scattered-clouds-full.svg,24.1 km/h,67%,aqi_nha-trang_2025_mar.csv
2025-03-22 16:02:14.246323+07:00,Nha Trang,57,/dl/web/weather/ic-w-04-scattered-clouds-full.svg,23.7 km/h,66%,aqi_nha-trang_2025_mar.csv
2025-03-22 17:01:59.699907+07:00,Nha Trang,56,/dl/web/weather/ic-w-04-scattered-clouds-full.svg,19.2 km/h,67%,aqi_nha-trang_2025_mar.csv
2025-03-22 18:02:06.710554+07:00,Nha Trang,56,/dl/web/weather/ic-w-04-scattered-clouds-full.svg,15.4 km/h,74%,aqi_nha-trang_2025_mar.csv
2025-03-22 19:02:01.373522+07:00,Nha Trang,56,/dl/web/weather/ic-w-04-scattered-clouds-full.svg,15.8 km/h,81%,aqi_nha-trang_2025_mar.csv
2025-03-22 20:04:59.163098+07:00,Nha Trang,58,/dl/web/weather/ic-w-04-scattered-clouds-full.svg,10.5 km/h,87%,aqi_nha-trang_2025_mar.csv
2025-03-22 21:02:13.972839+07:00,Nha Trang,58,/dl/web/weather/ic-w-04-scattered-clouds-full.svg,10.5 km/h,87%,aqi_nha-trang_2025_mar.csv
2025-03-22 22:01:48.324277+07:00,Nha Trang,58,/dl/web/weather/ic-w-04-scattered-clouds-full.svg,9.8 km/h,89%,aqi_nha-trang_2025_mar.csv
2025-03-22 23:01:53.081032+07:00,Nha Trang,59,/dl/web/weather/ic-w-04-scattered-clouds-full.svg,8.9 km/h,90%,aqi_nha-trang_2025_mar.csv
2025-03-23 00:01:44.239492+07:00,Nha Trang,59,/dl/web/weather/ic-w-04-scattered-clouds-full.svg,7.6 km/h,90%,aqi_nha-trang_2025_mar.csv
2025-03-23 01:02:01.193341+07:00,Nha Trang,59,/dl/web/weather/ic-w-04-scattered-clouds-full.svg,8.9 km/h,92%,aqi_nha-trang_2025_mar.csv
2025-03-23 02:01:50.077845+07:00,Nha Trang,58,/dl/web/weather/ic-w-04-scattered-clouds-full.svg,9.0 km/h,92%,aqi_nha-trang_2025_mar.csv
2025-03-23 03:02:20.888960+07:00,Nha Trang,58,/dl/web/weather/ic-w-04-scattered-clouds-full.svg,8.5 km/h,92%,aqi_nha-trang_2025_mar.csv
2025-03-23 04:01:45.924487+07:00,Nha Trang,58,/dl/web/weather/ic-w-04-scattered-clouds-full.svg,8.9 km/h,91%,aqi_nha-trang_2025_mar.csv
2025-03-23 05:02:02.525002+07:00,Nha Trang,58,/dl/web/weather/ic-w-12-night-rain-full.svg,8.7 km/h,91%,aqi_nha-trang_2025_mar.csv
2025-03-23 06:01:54.057258+07:00,Nha Trang,58,/dl/web/weather/ic-w-12-night-rain-full.svg,8.4 km/h,88%,aqi_nha-trang_2025_mar.csv
2025-03-23 07:05:02.380371+07:00,Nha Trang,58,/dl/web/weather/ic-w-04-scattered-clouds-full.svg,9.0 km/h,83%,aqi_nha-trang_2025_mar.csv
2025-03-23 08:29:25.189121+07:00,Nha Trang,57,/dl/web/weather/ic-w-04-scattered-clouds-full.svg,8.7 km/h,76%,aqi_nha-trang_2025_mar.csv
2025-03-23 09:29:32.188288+07:00,Nha Trang,57,/dl/web/weather/ic-w-04-scattered-clouds-full.svg,6.0 km/h,75%,aqi_nha-trang_2025_mar.csv
2025-03-23 10:15:00.724878+07:00,Nha Trang,57,/dl/web/weather/ic-w-04-scattered-clouds-full.svg,10.6 km/h,66%,aqi_nha-trang_2025_mar.csv
2025-03-23 11:02:03.925698+07:00,Nha Trang,58,/dl/web/weather/ic-w-04-scattered-clouds-full.svg,10.6 km/h,66%,aqi_nha-trang_2025_mar.csv
2025-03-23 12:01:54.455270+07:00,Nha Trang,58,/dl/web/weather/ic-w-04-scattered-clouds-full.svg,17.7 km/h,64%,aqi_nha-trang_2025_mar.csv
2025-03-23 13:02:01.659028+07:00,Nha Trang,58,/dl/web/weather/ic-w-04-scattered-clouds-full.svg,22.4 km/h,66%,aqi_nha-trang_2025_mar.csv
2025-03-23 14:01:54.948793+07:00,Nha Trang,58,/dl/web/weather/ic-w-04-scattered-clouds-full.svg,20.1 km/h,67%,aqi_nha-trang_2025_mar.csv
2025-03-23 15:02:21.360874+07:00,Nha Trang,58,/dl/web/weather/ic-w-04-scattered-clouds-full.svg,22.5 km/h,70%,aqi_nha-trang_2025_mar.csv
2025-03-23 16:01:50.266753+07:00,Nha Trang,58,/dl/web/weather/ic-w-04-scattered-clouds-full.svg,21.4 km/h,72%,aqi_nha-trang_2025_mar.csv
2025-03-23 17:01:47.849752+07:00,Nha Trang,58,/dl/web/weather/ic-w-04-scattered-clouds-full.svg,18.5 km/h,73%,aqi_nha-trang_2025_mar.csv
2025-03-23 18:02:07.924226+07:00,Nha Trang,58,/dl/web/weather/ic-w-04-scattered-clouds-full.svg,15.6 km/h,77%,aqi_nha-trang_2025_mar.csv
2025-03-23 19:02:11.158221+07:00,Nha Trang,58,/dl/web/weather/ic-w-04-scattered-clouds-full.svg,12.6 km/h,80%,aqi_nha-trang_2025_mar.csv
2025-03-23 20:05:10.173303+07:00,Nha Trang,60,/dl/web/weather/ic-w-04-scattered-clouds-full.svg,10.6 km/h,83%,aqi_nha-trang_2025_mar.csv
2025-03-23 21:01:47.503915+07:00,Nha Trang,60,/dl/web/weather/ic-w-04-scattered-clouds-full.svg,10.6 km/h,83%,aqi_nha-trang_2025_mar.csv
2025-03-23 22:01:47.781386+07:00,Nha Trang,60,/dl/web/weather/ic-w-04-scattered-clouds-full.svg,10.3 km/h,88%,aqi_nha-trang_2025_mar.csv
2025-03-23 23:01:49.115257+07:00,Nha Trang,62,/dl/web/weather/ic-w-04-scattered-clouds-full.svg,8.2 km/h,89%,aqi_nha-trang_2025_mar.csv
2025-03-24 01:02:32.658992+07:00,Nha Trang,62,/dl/web/weather/ic-w-04-scattered-clouds-full.svg,8.5 km/h,90%,aqi_nha-trang_2025_mar.csv
2025-03-24 02:01:57.291136+07:00,Nha Trang,63,/dl/web/weather/ic-w-04-scattered-clouds-full.svg,9.2 km/h,93%,aqi_nha-trang_2025_mar.csv
2025-03-24 03:02:04.146941+07:00,Nha Trang,63,/dl/web/weather/ic-w-04-scattered-clouds-full.svg,9.7 km/h,95%,aqi_nha-trang_2025_mar.csv
2025-03-24 04:01:50.425071+07:00,Nha Trang,63,/dl/web/weather/ic-w-04-scattered-clouds-full.svg,7.9 km/h,95%,aqi_nha-trang_2025_mar.csv
2025-03-24 05:01:53.298328+07:00,Nha Trang,63,/dl/web/weather/ic-w-04-scattered-clouds-full.svg,7.7 km/h,96%,aqi_nha-trang_2025_mar.csv
2025-03-24 06:02:04.822517+07:00,Nha Trang,63,/dl/web/weather/ic-w-04-scattered-clouds-full.svg,7.2 km/h,95%,aqi_nha-trang_2025_mar.csv
2025-03-24 07:04:54.405183+07:00,Nha Trang,63,/dl/web/weather/ic-w-04-scattered-clouds-full.svg,6.3 km/h,89%,aqi_nha-trang_2025_mar.csv
2025-03-24 08:29:30.453770+07:00,Nha Trang,61,/dl/web/weather/ic-w-04-scattered-clouds-full.svg,8.0 km/h,80%,aqi_nha-trang_2025_mar.csv
2025-03-24 09:29:12.462518+07:00,Nha Trang,61,/dl/web/weather/ic-w-04-scattered-clouds-full.svg,7.4 km/h,70%,aqi_nha-trang_2025_mar.csv
2025-03-24 10:15:24.024690+07:00,Nha Trang,61,/dl/web/weather/ic-w-04-scattered-clouds-full.svg,7.4 km/h,70%,aqi_nha-trang_2025_mar.csv
2025-03-24 11:02:07.065158+07:00,Nha Trang,60,/dl/web/weather/ic-w-04-scattered-clouds-full.svg,10.8 km/h,63%,aqi_nha-trang_2025_mar.csv
2025-03-24 12:01:59.796577+07:00,Nha Trang,60,/dl/web/weather/ic-w-04-scattered-clouds-full.svg,14.6 km/h,60%,aqi_nha-trang_2025_mar.csv
2025-03-24 13:02:11.317585+07:00,Nha Trang,60,/dl/web/weather/ic-w-04-scattered-clouds-full.svg,16.7 km/h,58%,aqi_nha-trang_2025_mar.csv
2025-03-24 14:02:00.063534+07:00,Nha Trang,59,/dl/web/weather/ic-w-04-scattered-clouds-full.svg,19.2 km/h,61%,aqi_nha-trang_2025_mar.csv
2025-03-24 15:02:23.374372+07:00,Nha Trang,59,/dl/web/weather/ic-w-04-scattered-clouds-full.svg,21.4 km/h,67%,aqi_nha-trang_2025_mar.csv
2025-03-24 16:02:15.200416+07:00,Nha Trang,59,/dl/web/weather/ic-w-04-scattered-clouds-full.svg,21.4 km/h,67%,aqi_nha-trang_2025_mar.csv
2025-03-24 17:02:06.162677+07:00,Nha Trang,59,/dl/web/weather/ic-w-04-scattered-clouds-full.svg,19.2 km/h,69%,aqi_nha-trang_2025_mar.csv
2025-03-24 18:02:11.757237+07:00,Nha Trang,59,/dl/web/weather/ic-w-04-scattered-clouds-full.svg,17.2 km/h,72%,aqi_nha-trang_2025_mar.csv
2025-03-24 19:02:16.537793+07:00,Nha Trang,59,/dl/web/weather/ic-w-04-scattered-clouds-full.svg,15.1 km/h,78%,aqi_nha-trang_2025_mar.csv
2025-03-24 20:08:42.218285+07:00,Nha Trang,59,/dl/web/weather/ic-w-04-scattered-clouds-full.svg,11.7 km/h,81%,aqi_nha-trang_2025_mar.csv
2025-03-24 21:02:03.689445+07:00,Nha Trang,59,/dl/web/weather/ic-w-04-scattered-clouds-full.svg,11.7 km/h,81%,aqi_nha-trang_2025_mar.csv
2025-03-24 22:02:07.640953+07:00,Nha Trang,59,/dl/web/weather/ic-w-04-scattered-clouds-full.svg,10.3 km/h,84%,aqi_nha-trang_2025_mar.csv
2025-03-24 23:02:35.148265+07:00,Nha Trang,62,/dl/web/weather/ic-w-04-scattered-clouds-full.svg,9.2 km/h,87%,aqi_nha-trang_2025_mar.csv
2025-03-25 00:02:05.433991+07:00,Nha Trang,62,/dl/web/weather/ic-w-04-scattered-clouds-full.svg,8.0 km/h,89%,aqi_nha-trang_2025_mar.csv
2025-03-25 01:02:19.823417+07:00,Nha Trang,62,/dl/web/weather/ic-w-04-scattered-clouds-full.svg,8.5 km/h,92%,aqi_nha-trang_2025_mar.csv
2025-03-25 02:01:56.435138+07:00,Nha Trang,64,/dl/web/weather/ic-w-04-scattered-clouds-full.svg,8.7 km/h,94%,aqi_nha-trang_2025_mar.csv
2025-03-25 03:02:00.903300+07:00,Nha Trang,64,/dl/web/weather/ic-w-04-scattered-clouds-full.svg,6.4 km/h,94%,aqi_nha-trang_2025_mar.csv
2025-03-25 04:01:56.330996+07:00,Nha Trang,64,/dl/web/weather/ic-w-04-scattered-clouds-full.svg,7.6 km/h,95%,aqi_nha-trang_2025_mar.csv
2025-03-25 05:01:55.162262+07:00,Nha Trang,62,/dl/web/weather/ic-w-04-scattered-clouds-full.svg,7.6 km/h,94%,aqi_nha-trang_2025_mar.csv
2025-03-25 06:01:48.433443+07:00,Nha Trang,62,/dl/web/weather/ic-w-04-scattered-clouds-full.svg,6.8 km/h,94%,aqi_nha-trang_2025_mar.csv
2025-03-25 07:04:58.446864+07:00,Nha Trang,62,/dl/web/weather/ic-w-04-scattered-clouds-full.svg,7.4 km/h,93%,aqi_nha-trang_2025_mar.csv
2025-03-25 08:29:13.034150+07:00,Nha Trang,61,/dl/web/weather/ic-w-02-new-clouds-full.svg,5.8 km/h,77%,aqi_nha-trang_2025_mar.csv
2025-03-25 09:28:22.029289+07:00,Nha Trang,61,/dl/web/weather/ic-w-02-new-clouds-full.svg,5.8 km/h,77%,aqi_nha-trang_2025_mar.csv
2025-03-25 10:13:14.698679+07:00,Nha Trang,61,/dl/web/weather/ic-w-02-new-clouds-full.svg,5.8 km/h,77%,aqi_nha-trang_2025_mar.csv
2025-03-25 11:02:00.125740+07:00,Nha Trang,58,/dl/web/weather/ic-w-02-new-clouds-full.svg,6.1 km/h,64%,aqi_nha-trang_2025_mar.csv
2025-03-25 12:02:01.755403+07:00,Nha Trang,58,/dl/web/weather/ic-w-02-new-clouds-full.svg,11.3 km/h,65%,aqi_nha-trang_2025_mar.csv
2025-03-25 13:02:26.542280+07:00,Nha Trang,58,/dl/web/weather/ic-w-02-new-clouds-full.svg,12.4 km/h,67%,aqi_nha-trang_2025_mar.csv
2025-03-25 14:02:15.303232+07:00,Nha Trang,58,/dl/web/weather/ic-w-02-new-clouds-full.svg,11.9 km/h,67%,aqi_nha-trang_2025_mar.csv
2025-03-25 15:02:13.700578+07:00,Nha Trang,58,/dl/web/weather/ic-w-02-new-clouds-full.svg,11.9 km/h,67%,aqi_nha-trang_2025_mar.csv
2025-03-25 16:02:04.519821+07:00,Nha Trang,58,/dl/web/weather/ic-w-01-clear-sky-full.svg,11.4 km/h,68%,aqi_nha-trang_2025_mar.csv
2025-03-25 17:01:59.490995+07:00,Nha Trang,62,/dl/web/weather/ic-w-01-clear-sky-full.svg,10.1 km/h,71%,aqi_nha-trang_2025_mar.csv
2025-03-25 18:02:00.069144+07:00,Nha Trang,62,/dl/web/weather/ic-w-01-clear-sky-full.svg,8.4 km/h,74%,aqi_nha-trang_2025_mar.csv
2025-03-25 19:02:32.580543+07:00,Nha Trang,62,/dl/web/weather/ic-w-10-night-clear-sky-full.svg,5.5 km/h,80%,aqi_nha-trang_2025_mar.csv
2025-03-25 21:02:07.798345+07:00,Nha Trang,61,/dl/web/weather/ic-w-10-night-clear-sky-full.svg,0.5 km/h,83%,aqi_nha-trang_2025_mar.csv
2025-03-25 22:02:06.856102+07:00,Nha Trang,61,/dl/web/weather/ic-w-04-scattered-clouds-full.svg,2.1 km/h,84%,aqi_nha-trang_2025_mar.csv
2025-03-25 23:02:26.322090+07:00,Nha Trang,65,/dl/web/weather/ic-w-04-scattered-clouds-full.svg,4.8 km/h,86%,aqi_nha-trang_2025_mar.csv
2025-03-26 00:02:02.883997+07:00,Nha Trang,65,/dl/web/weather/ic-w-04-scattered-clouds-full.svg,5.8 km/h,88%,aqi_nha-trang_2025_mar.csv
2025-03-26 01:02:07.520621+07:00,Nha Trang,65,/dl/web/weather/ic-w-04-scattered-clouds-full.svg,6.1 km/h,90%,aqi_nha-trang_2025_mar.csv
2025-03-26 02:01:56.501761+07:00,Nha Trang,72,/dl/web/weather/ic-w-04-scattered-clouds-full.svg,6.3 km/h,91%,aqi_nha-trang_2025_mar.csv
2025-03-26 03:01:57.795355+07:00,Nha Trang,72,/dl/web/weather/ic-w-04-scattered-clouds-full.svg,6.3 km/h,92%,aqi_nha-trang_2025_mar.csv
2025-03-26 04:01:52.640439+07:00,Nha Trang,72,/dl/web/weather/ic-w-04-scattered-clouds-full.svg,6.8 km/h,92%,aqi_nha-trang_2025_mar.csv
2025-03-26 05:01:59.652381+07:00,Nha Trang,68,/dl/web/weather/ic-w-04-scattered-clouds-full.svg,7.6 km/h,91%,aqi_nha-trang_2025_mar.csv
2025-03-26 06:01:54.285538+07:00,Nha Trang,68,/dl/web/weather/ic-w-04-scattered-clouds-full.svg,8.0 km/h,90%,aqi_nha-trang_2025_mar.csv
2025-03-26 07:05:09.370757+07:00,Nha Trang,68,/dl/web/weather/ic-w-04-scattered-clouds-full.svg,7.2 km/h,89%,aqi_nha-trang_2025_mar.csv
2025-03-26 08:29:17.744510+07:00,Nha Trang,70,/dl/web/weather/ic-w-04-scattered-clouds-full.svg,1.6 km/h,72%,aqi_nha-trang_2025_mar.csv
2025-03-26 09:27:46.737457+07:00,Nha Trang,70,/dl/web/weather/ic-w-04-scattered-clouds-full.svg,3.7 km/h,63%,aqi_nha-trang_2025_mar.csv
2025-03-26 10:12:08.846141+07:00,Nha Trang,70,/dl/web/weather/ic-w-04-scattered-clouds-full.svg,6.8 km/h,57%,aqi_nha-trang_2025_mar.csv
2025-03-26 11:01:59.413385+07:00,Nha Trang,63,/dl/web/weather/ic-w-04-scattered-clouds-full.svg,6.8 km/h,57%,aqi_nha-trang_2025_mar.csv
2025-03-26 12:02:01.819257+07:00,Nha Trang,63,/dl/web/weather/ic-w-04-scattered-clouds-full.svg,9.7 km/h,55%,aqi_nha-trang_2025_mar.csv
2025-03-26 13:02:14.979941+07:00,Nha Trang,63,/dl/web/weather/ic-w-04-scattered-clouds-full.svg,11.6 km/h,55%,aqi_nha-trang_2025_mar.csv
2025-03-26 14:02:11.483590+07:00,Nha Trang,63,/dl/web/weather/ic-w-04-scattered-clouds-full.svg,11.4 km/h,58%,aqi_nha-trang_2025_mar.csv
2025-03-26 15:02:09.812611+07:00,Nha Trang,63,/dl/web/weather/ic-w-01-clear-sky-full.svg,12.2 km/h,62%,aqi_nha-trang_2025_mar.csv
2025-03-26 16:02:18.026060+07:00,Nha Trang,63,/dl/web/weather/ic-w-01-clear-sky-full.svg,10.6 km/h,61%,aqi_nha-trang_2025_mar.csv
2025-03-26 17:02:06.202368+07:00,Nha Trang,64,/dl/web/weather/ic-w-01-clear-sky-full.svg,10.8 km/h,64%,aqi_nha-trang_2025_mar.csv
2025-03-26 18:01:58.105489+07:00,Nha Trang,64,/dl/web/weather/ic-w-01-clear-sky-full.svg,10.3 km/h,67%,aqi_nha-trang_2025_mar.csv
2025-03-26 19:02:16.148073+07:00,Nha Trang,64,/dl/web/weather/ic-w-10-night-clear-sky-full.svg,9.7 km/h,75%,aqi_nha-trang_2025_mar.csv
2025-03-26 20:09:12.383517+07:00,Nha Trang,65,/dl/web/weather/ic-w-10-night-clear-sky-full.svg,7.2 km/h,84%,aqi_nha-trang_2025_mar.csv
2025-03-26 21:02:17.082505+07:00,Nha Trang,65,/dl/web/weather/ic-w-10-night-clear-sky-full.svg,7.2 km/h,84%,aqi_nha-trang_2025_mar.csv
2025-03-26 22:02:23.021561+07:00,Nha Trang,65,/dl/web/weather/ic-w-04-scattered-clouds-full.svg,5.3 km/h,81%,aqi_nha-trang_2025_mar.csv
2025-03-26 23:02:14.950373+07:00,Nha Trang,69,/dl/web/weather/ic-w-04-scattered-clouds-full.svg,4.0 km/h,81%,aqi_nha-trang_2025_mar.csv
2025-03-27 00:02:05.560457+07:00,Nha Trang,69,/dl/web/weather/ic-w-04-scattered-clouds-full.svg,5.3 km/h,84%,aqi_nha-trang_2025_mar.csv
2025-03-27 01:02:30.606853+07:00,Nha Trang,69,/dl/web/weather/ic-w-04-scattered-clouds-full.svg,5.0 km/h,80%,aqi_nha-trang_2025_mar.csv
2025-03-27 02:02:06.675576+07:00,Nha Trang,71,/dl/web/weather/ic-w-04-scattered-clouds-full.svg,4.5 km/h,87%,aqi_nha-trang_2025_mar.csv
2025-03-27 03:02:02.628004+07:00,Nha Trang,71,/dl/web/weather/ic-w-04-scattered-clouds-full.svg,4.3 km/h,85%,aqi_nha-trang_2025_mar.csv
2025-03-27 04:01:56.874697+07:00,Nha Trang,71,/dl/web/weather/ic-w-04-scattered-clouds-full.svg,4.0 km/h,84%,aqi_nha-trang_2025_mar.csv
2025-03-27 05:01:47.338777+07:00,Nha Trang,74,/dl/web/weather/ic-w-04-scattered-clouds-full.svg,4.3 km/h,84%,aqi_nha-trang_2025_mar.csv
2025-03-27 06:02:07.514324+07:00,Nha Trang,74,/dl/web/weather/ic-w-04-scattered-clouds-full.svg,6.0 km/h,84%,aqi_nha-trang_2025_mar.csv
2025-03-27 07:04:47.548576+07:00,Nha Trang,74,/dl/web/weather/ic-w-04-scattered-clouds-full.svg,6.4 km/h,79%,aqi_nha-trang_2025_mar.csv
2025-03-27 08:29:10.669324+07:00,Nha Trang,76,/dl/web/weather/ic-w-04-scattered-clouds-full.svg,6.4 km/h,79%,aqi_nha-trang_2025_mar.csv
2025-03-27 09:28:07.067647+07:00,Nha Trang,76,/dl/web/weather/ic-w-04-scattered-clouds-full.svg,3.1 km/h,74%,aqi_nha-trang_2025_mar.csv
2025-03-27 10:13:16.984529+07:00,Nha Trang,76,/dl/web/weather/ic-w-04-scattered-clouds-full.svg,8.2 km/h,58%,aqi_nha-trang_2025_mar.csv
2025-03-27 11:02:02.441358+07:00,Nha Trang,71,/dl/web/weather/ic-w-04-scattered-clouds-full.svg,8.2 km/h,58%,aqi_nha-trang_2025_mar.csv
2025-03-27 12:02:06.150131+07:00,Nha Trang,71,/dl/web/weather/ic-w-04-scattered-clouds-full.svg,12.6 km/h,59%,aqi_nha-trang_2025_mar.csv
2025-03-27 13:02:15.824444+07:00,Nha Trang,71,/dl/web/weather/ic-w-04-scattered-clouds-full.svg,15.6 km/h,63%,aqi_nha-trang_2025_mar.csv
2025-03-27 14:02:08.765114+07:00,Nha Trang,74,/dl/web/weather/ic-w-04-scattered-clouds-full.svg,13.7 km/h,57%,aqi_nha-trang_2025_mar.csv
2025-03-27 15:02:02.100923+07:00,Nha Trang,74,/dl/web/weather/ic-w-01-clear-sky-full.svg,17.1 km/h,71%,aqi_nha-trang_2025_mar.csv
2025-03-27 16:02:09.033909+07:00,Nha Trang,74,/dl/web/weather/ic-w-01-clear-sky-full.svg,17.1 km/h,71%,aqi_nha-trang_2025_mar.csv
2025-03-27 17:02:09.673901+07:00,Nha Trang,72,/dl/web/weather/ic-w-01-clear-sky-full.svg,14.0 km/h,77%,aqi_nha-trang_2025_mar.csv
2025-03-27 18:02:01.654338+07:00,Nha Trang,72,/dl/web/weather/ic-w-01-clear-sky-full.svg,14.0 km/h,77%,aqi_nha-trang_2025_mar.csv
2025-03-27 19:02:23.288865+07:00,Nha Trang,72,/dl/web/weather/ic-w-10-night-clear-sky-full.svg,12.4 km/h,79%,aqi_nha-trang_2025_mar.csv
2025-03-27 20:08:06.168232+07:00,Nha Trang,70,/dl/web/weather/ic-w-10-night-clear-sky-full.svg,10.9 km/h,74%,aqi_nha-trang_2025_mar.csv
2025-03-27 21:01:58.324369+07:00,Nha Trang,70,/dl/web/weather/ic-w-10-night-clear-sky-full.svg,8.2 km/h,82%,aqi_nha-trang_2025_mar.csv
2025-03-27 22:02:20.776278+07:00,Nha Trang,70,/dl/web/weather/ic-w-10-night-clear-sky-full.svg,8.2 km/h,77%,aqi_nha-trang_2025_mar.csv
2025-03-27 23:02:21.010605+07:00,Nha Trang,73,/dl/web/weather/ic-w-11-night-few-clouds-full.svg,4.8 km/h,82%,aqi_nha-trang_2025_mar.csv
2025-03-28 00:01:56.699001+07:00,Nha Trang,73,/dl/web/weather/ic-w-11-night-few-clouds-full.svg,4.8 km/h,77%,aqi_nha-trang_2025_mar.csv
2025-03-28 01:02:16.388156+07:00,Nha Trang,73,/dl/web/weather/ic-w-11-night-few-clouds-full.svg,3.5 km/h,80%,aqi_nha-trang_2025_mar.csv
2025-03-28 02:02:15.390772+07:00,Nha Trang,72,/dl/web/weather/ic-w-11-night-few-clouds-full.svg,2.7 km/h,81%,aqi_nha-trang_2025_mar.csv
2025-03-28 03:01:59.529783+07:00,Nha Trang,72,/dl/web/weather/ic-w-10-night-clear-sky-full.svg,3.9 km/h,84%,aqi_nha-trang_2025_mar.csv
2025-03-28 04:02:04.891056+07:00,Nha Trang,72,/dl/web/weather/ic-w-10-night-clear-sky-full.svg,3.9 km/h,84%,aqi_nha-trang_2025_mar.csv
2025-03-28 05:01:48.944416+07:00,Nha Trang,73,/dl/web/weather/ic-w-10-night-clear-sky-full.svg,2.1 km/h,86%,aqi_nha-trang_2025_mar.csv
2025-03-28 06:01:58.261667+07:00,Nha Trang,73,/dl/web/weather/ic-w-10-night-clear-sky-full.svg,3.1 km/h,86%,aqi_nha-trang_2025_mar.csv
2025-03-28 07:04:52.874948+07:00,Nha Trang,73,/dl/web/weather/ic-w-01-clear-sky-full.svg,4.5 km/h,87%,aqi_nha-trang_2025_mar.csv
2025-03-28 08:29:13.905986+07:00,Nha Trang,73,/dl/web/weather/ic-w-04-scattered-clouds-full.svg,2.9 km/h,71%,aqi_nha-trang_2025_mar.csv
2025-03-28 10:14:16.535147+07:00,Nha Trang,73,/dl/web/weather/ic-w-04-scattered-clouds-full.svg,10.1 km/h,57%,aqi_nha-trang_2025_mar.csv
2025-03-28 11:01:57.454438+07:00,Nha Trang,71,/dl/web/weather/ic-w-04-scattered-clouds-full.svg,12.1 km/h,58%,aqi_nha-trang_2025_mar.csv
2025-03-28 12:02:04.824285+07:00,Nha Trang,71,/dl/web/weather/ic-w-04-scattered-clouds-full.svg,13.7 km/h,60%,aqi_nha-trang_2025_mar.csv
2025-03-28 13:02:19.076131+07:00,Nha Trang,71,/dl/web/weather/ic-w-04-scattered-clouds-full.svg,13.4 km/h,59%,aqi_nha-trang_2025_mar.csv
2025-03-28 14:02:02.413606+07:00,Nha Trang,69,/dl/web/weather/ic-w-04-scattered-clouds-full.svg,13.4 km/h,59%,aqi_nha-trang_2025_mar.csv
2025-03-28 15:02:18.226861+07:00,Nha Trang,69,/dl/web/weather/ic-w-01-clear-sky-full.svg,12.6 km/h,61%,aqi_nha-trang_2025_mar.csv
2025-03-28 16:02:00.956389+07:00,Nha Trang,69,/dl/web/weather/ic-w-01-clear-sky-full.svg,12.6 km/h,56%,aqi_nha-trang_2025_mar.csv
2025-03-28 17:01:55.317705+07:00,Nha Trang,65,/dl/web/weather/ic-w-01-clear-sky-full.svg,13.5 km/h,58%,aqi_nha-trang_2025_mar.csv
2025-03-28 18:01:57.522703+07:00,Nha Trang,65,/dl/web/weather/ic-w-01-clear-sky-full.svg,10.3 km/h,63%,aqi_nha-trang_2025_mar.csv
2025-03-28 19:02:18.321160+07:00,Nha Trang,65,/dl/web/weather/ic-w-10-night-clear-sky-full.svg,8.2 km/h,72%,aqi_nha-trang_2025_mar.csv
2025-03-28 20:07:39.138199+07:00,Nha Trang,60,/dl/web/weather/ic-w-10-night-clear-sky-full.svg,7.1 km/h,80%,aqi_nha-trang_2025_mar.csv
2025-03-28 21:02:01.466669+07:00,Nha Trang,60,/dl/web/weather/ic-w-10-night-clear-sky-full.svg,7.1 km/h,80%,aqi_nha-trang_2025_mar.csv
2025-03-28 22:02:03.240610+07:00,Nha Trang,60,/dl/web/weather/ic-w-10-night-clear-sky-full.svg,6.3 km/h,80%,aqi_nha-trang_2025_mar.csv
2025-03-28 23:02:06.890352+07:00,Nha Trang,66,/dl/web/weather/ic-w-10-night-clear-sky-full.svg,2.1 km/h,86%,aqi_nha-trang_2025_mar.csv
2025-03-29 00:02:08.538123+07:00,Nha Trang,66,/dl/web/weather/ic-w-10-night-clear-sky-full.svg,2.1 km/h,86%,aqi_nha-trang_2025_mar.csv
2025-03-29 01:02:14.666466+07:00,Nha Trang,66,/dl/web/weather/ic-w-11-night-few-clouds-full.svg,1.9 km/h,89%,aqi_nha-trang_2025_mar.csv
2025-03-29 02:01:51.840030+07:00,Nha Trang,69,/dl/web/weather/ic-w-11-night-few-clouds-full.svg,2.6 km/h,90%,aqi_nha-trang_2025_mar.csv
2025-03-29 03:02:06.715104+07:00,Nha Trang,69,/dl/web/weather/ic-w-04-scattered-clouds-full.svg,3.5 km/h,89%,aqi_nha-trang_2025_mar.csv
2025-03-29 04:02:02.662347+07:00,Nha Trang,69,/dl/web/weather/ic-w-04-scattered-clouds-full.svg,5.3 km/h,89%,aqi_nha-trang_2025_mar.csv
2025-03-29 05:02:04.173026+07:00,Nha Trang,71,/dl/web/weather/ic-w-04-scattered-clouds-full.svg,6.8 km/h,89%,aqi_nha-trang_2025_mar.csv
2025-03-29 07:04:47.932826+07:00,Nha Trang,71,/dl/web/weather/ic-w-04-scattered-clouds-full.svg,6.9 km/h,81%,aqi_nha-trang_2025_mar.csv
2025-03-29 08:29:12.373384+07:00,Nha Trang,71,/dl/web/weather/ic-w-01-clear-sky-full.svg,5.0 km/h,71%,aqi_nha-trang_2025_mar.csv
2025-03-29 09:26:56.873566+07:00,Nha Trang,71,/dl/web/weather/ic-w-04-scattered-clouds-full.svg,2.4 km/h,66%,aqi_nha-trang_2025_mar.csv
2025-03-29 10:11:21.288438+07:00,Nha Trang,71,/dl/web/weather/ic-w-02-new-clouds-full.svg,7.7 km/h,66%,aqi_nha-trang_2025_mar.csv
2025-03-29 11:02:05.402706+07:00,Nha Trang,67,/dl/web/weather/ic-w-02-new-clouds-full.svg,7.7 km/h,66%,aqi_nha-trang_2025_mar.csv
2025-03-29 12:01:56.586788+07:00,Nha Trang,67,/dl/web/weather/ic-w-02-new-clouds-full.svg,8.9 km/h,63%,aqi_nha-trang_2025_mar.csv
2025-03-29 13:02:04.887703+07:00,Nha Trang,67,/dl/web/weather/ic-w-04-scattered-clouds-full.svg,12.6 km/h,64%,aqi_nha-trang_2025_mar.csv
2025-03-29 14:01:49.626635+07:00,Nha Trang,60,/dl/web/weather/ic-w-04-scattered-clouds-full.svg,12.6 km/h,64%,aqi_nha-trang_2025_mar.csv
2025-03-29 15:02:00.161148+07:00,Nha Trang,60,/dl/web/weather/ic-w-04-scattered-clouds-full.svg,13.7 km/h,65%,aqi_nha-trang_2025_mar.csv
2025-03-29 16:01:54.212254+07:00,Nha Trang,60,/dl/web/weather/ic-w-04-scattered-clouds-full.svg,14.0 km/h,71%,aqi_nha-trang_2025_mar.csv
2025-03-29 17:01:53.741429+07:00,Nha Trang,61,/dl/web/weather/ic-w-04-scattered-clouds-full.svg,12.1 km/h,74%,aqi_nha-trang_2025_mar.csv
2025-03-29 18:01:49.052498+07:00,Nha Trang,61,/dl/web/weather/ic-w-04-scattered-clouds-full.svg,9.2 km/h,76%,aqi_nha-trang_2025_mar.csv
2025-03-29 19:02:09.539062+07:00,Nha Trang,61,/dl/web/weather/ic-w-04-scattered-clouds-full.svg,7.2 km/h,84%,aqi_nha-trang_2025_mar.csv
2025-03-29 20:05:53.251101+07:00,Nha Trang,64,/dl/web/weather/ic-w-04-scattered-clouds-full.svg,7.1 km/h,88%,aqi_nha-trang_2025_mar.csv
2025-03-29 21:01:47.609601+07:00,Nha Trang,64,/dl/web/weather/ic-w-04-scattered-clouds-full.svg,7.1 km/h,86%,aqi_nha-trang_2025_mar.csv
2025-03-29 22:02:01.595774+07:00,Nha Trang,64,/dl/web/weather/ic-w-04-scattered-clouds-full.svg,6.9 km/h,86%,aqi_nha-trang_2025_mar.csv
2025-03-29 23:02:05.155909+07:00,Nha Trang,69,/dl/web/weather/ic-w-04-scattered-clouds-full.svg,6.9 km/h,86%,aqi_nha-trang_2025_mar.csv
2025-03-30 00:02:04.662845+07:00,Nha Trang,69,/dl/web/weather/ic-w-04-scattered-clouds-full.svg,7.1 km/h,87%,aqi_nha-trang_2025_mar.csv
2025-03-30 01:01:50.926150+07:00,Nha Trang,69,/dl/web/weather/ic-w-04-scattered-clouds-full.svg,7.1 km/h,90%,aqi_nha-trang_2025_mar.csv
2025-03-30 02:02:06.757477+07:00,Nha Trang,69,/dl/web/weather/ic-w-04-scattered-clouds-full.svg,7.6 km/h,87%,aqi_nha-trang_2025_mar.csv
2025-03-30 03:01:51.772220+07:00,Nha Trang,69,/dl/web/weather/ic-w-04-scattered-clouds-full.svg,7.7 km/h,84%,aqi_nha-trang_2025_mar.csv
2025-03-30 04:01:48.514046+07:00,Nha Trang,69,/dl/web/weather/ic-w-04-scattered-clouds-full.svg,7.7 km/h,84%,aqi_nha-trang_2025_mar.csv
2025-03-30 05:01:59.357389+07:00,Nha Trang,67,/dl/web/weather/ic-w-04-scattered-clouds-full.svg,8.2 km/h,90%,aqi_nha-trang_2025_mar.csv
2025-03-30 06:02:00.729098+07:00,Nha Trang,67,/dl/web/weather/ic-w-04-scattered-clouds-full.svg,8.0 km/h,86%,aqi_nha-trang_2025_mar.csv
2025-03-30 07:05:22.180965+07:00,Nha Trang,67,/dl/web/weather/ic-w-04-scattered-clouds-full.svg,6.9 km/h,86%,aqi_nha-trang_2025_mar.csv
2025-03-30 08:29:40.562112+07:00,Nha Trang,68,/dl/web/weather/ic-w-04-scattered-clouds-full.svg,7.7 km/h,90%,aqi_nha-trang_2025_mar.csv
2025-03-30 09:30:30.752830+07:00,Nha Trang,68,/dl/web/weather/ic-w-04-scattered-clouds-full.svg,7.6 km/h,82%,aqi_nha-trang_2025_mar.csv
2025-03-30 10:16:47.595505+07:00,Nha Trang,68,/dl/web/weather/ic-w-04-scattered-clouds-full.svg,7.6 km/h,82%,aqi_nha-trang_2025_mar.csv
2025-03-30 11:02:00.655703+07:00,Nha Trang,68,/dl/web/weather/ic-w-04-scattered-clouds-full.svg,7.6 km/h,82%,aqi_nha-trang_2025_mar.csv
2025-03-30 12:01:57.401688+07:00,Nha Trang,68,/dl/web/weather/ic-w-04-scattered-clouds-full.svg,15.6 km/h,67%,aqi_nha-trang_2025_mar.csv
2025-03-30 13:02:08.120955+07:00,Nha Trang,68,/dl/web/weather/ic-w-04-scattered-clouds-full.svg,20.6 km/h,70%,aqi_nha-trang_2025_mar.csv
2025-03-30 14:02:04.950725+07:00,Nha Trang,69,/dl/web/weather/ic-w-04-scattered-clouds-full.svg,25.1 km/h,67%,aqi_nha-trang_2025_mar.csv
2025-03-30 15:02:03.154083+07:00,Nha Trang,69,/dl/web/weather/ic-w-04-scattered-clouds-full.svg,26.6 km/h,71%,aqi_nha-trang_2025_mar.csv
2025-03-30 16:02:00.915890+07:00,Nha Trang,69,/dl/web/weather/ic-w-04-scattered-clouds-full.svg,25.7 km/h,70%,aqi_nha-trang_2025_mar.csv
2025-03-30 17:01:55.030204+07:00,Nha Trang,68,/dl/web/weather/ic-w-04-scattered-clouds-full.svg,23.8 km/h,75%,aqi_nha-trang_2025_mar.csv
2025-03-30 19:02:11.687314+07:00,Nha Trang,68,/dl/web/weather/ic-w-04-scattered-clouds-full.svg,13.0 km/h,79%,aqi_nha-trang_2025_mar.csv
2025-03-30 20:05:24.628081+07:00,Nha Trang,69,/dl/web/weather/ic-w-04-scattered-clouds-full.svg,13.0 km/h,82%,aqi_nha-trang_2025_mar.csv
2025-03-30 21:01:55.057877+07:00,Nha Trang,69,/dl/web/weather/ic-w-04-scattered-clouds-full.svg,13.0 km/h,82%,aqi_nha-trang_2025_mar.csv
2025-03-30 22:02:07.768028+07:00,Nha Trang,69,/dl/web/weather/ic-w-04-scattered-clouds-full.svg,11.9 km/h,82%,aqi_nha-trang_2025_mar.csv
2025-03-30 23:02:08.251068+07:00,Nha Trang,68,/dl/web/weather/ic-w-04-scattered-clouds-full.svg,10.8 km/h,82%,aqi_nha-trang_2025_mar.csv
2025-03-31 00:01:55.181058+07:00,Nha Trang,68,/dl/web/weather/ic-w-04-scattered-clouds-full.svg,9.5 km/h,80%,aqi_nha-trang_2025_mar.csv
2025-03-31 02:01:56.669240+07:00,Nha Trang,62,/dl/web/weather/ic-w-04-scattered-clouds-full.svg,8.9 km/h,84%,aqi_nha-trang_2025_mar.csv
2025-03-31 03:01:58.441856+07:00,Nha Trang,62,/dl/web/weather/ic-w-04-scattered-clouds-full.svg,8.9 km/h,82%,aqi_nha-trang_2025_mar.csv
2025-03-31 04:01:55.206022+07:00,Nha Trang,62,/dl/web/weather/ic-w-04-scattered-clouds-full.svg,8.9 km/h,79%,aqi_nha-trang_2025_mar.csv
2025-03-31 05:01:51.058883+07:00,Nha Trang,57,/dl/web/weather/ic-w-04-scattered-clouds-full.svg,8.9 km/h,81%,aqi_nha-trang_2025_mar.csv
2025-03-31 06:01:55.584692+07:00,Nha Trang,57,/dl/web/weather/ic-w-04-scattered-clouds-full.svg,8.4 km/h,81%,aqi_nha-trang_2025_mar.csv
2025-03-31 08:29:29.689458+07:00,Nha Trang,56,/dl/web/weather/ic-w-06-rain-full.svg,10.8 km/h,85%,aqi_nha-trang_2025_mar.csv
2025-03-31 09:29:56.455130+07:00,Nha Trang,56,/dl/web/weather/ic-w-04-scattered-clouds-full.svg,6.4 km/h,84%,aqi_nha-trang_2025_mar.csv
2025-03-31 10:16:42.824745+07:00,Nha Trang,56,/dl/web/weather/ic-w-04-scattered-clouds-full.svg,8.4 km/h,80%,aqi_nha-trang_2025_mar.csv
2025-03-31 11:02:05.011847+07:00,Nha Trang,55,/dl/web/weather/ic-w-06-rain-full.svg,10.8 km/h,78%,aqi_nha-trang_2025_mar.csv
2025-03-31 12:02:08.749624+07:00,Nha Trang,55,/dl/web/weather/ic-w-06-rain-full.svg,10.0 km/h,80%,aqi_nha-trang_2025_mar.csv
2025-03-31 13:02:16.729106+07:00,Nha Trang,55,/dl/web/weather/ic-w-06-rain-full.svg,10.0 km/h,75%,aqi_nha-trang_2025_mar.csv
2025-03-31 14:02:00.676733+07:00,Nha Trang,55,/dl/web/weather/ic-w-06-rain-full.svg,9.7 km/h,91%,aqi_nha-trang_2025_mar.csv
2025-03-31 15:02:16.827721+07:00,Nha Trang,55,/dl/web/weather/ic-w-06-rain-full.svg,10.3 km/h,89%,aqi_nha-trang_2025_mar.csv
2025-03-31 16:02:10.173715+07:00,Nha Trang,55,/dl/web/weather/ic-w-06-rain-full.svg,10.3 km/h,89%,aqi_nha-trang_2025_mar.csv
2025-03-31 17:02:04.018941+07:00,Nha Trang,40,/dl/web/weather/ic-w-06-rain-full.svg,11.4 km/h,89%,aqi_nha-trang_2025_mar.csv
2025-03-31 18:02:07.871585+07:00,Nha Trang,40,/dl/web/weather/ic-w-06-rain-full.svg,10.6 km/h,93%,aqi_nha-trang_2025_mar.csv
2025-03-31 19:02:13.006922+07:00,Nha Trang,40,/dl/web/weather/ic-w-12-night-rain-full.svg,8.0 km/h,89%,aqi_nha-trang_2025_mar.csv
2025-03-31 20:08:54.669044+07:00,Nha Trang,21,/dl/web/weather/ic-w-12-night-rain-full.svg,10.9 km/h,87%,aqi_nha-trang_2025_mar.csv
2025-03-31 21:02:03.652859+07:00,Nha Trang,21,/dl/web/weather/ic-w-12-night-rain-full.svg,10.9 km/h,87%,aqi_nha-trang_2025_mar.csv
2025-03-31 22:01:58.540865+07:00,Nha Trang,21,/dl/web/weather/ic-w-12-night-rain-full.svg,9.8 km/h,90%,aqi_nha-trang_2025_mar.csv
2025-03-31 23:02:01.728227+07:00,Nha Trang,21,/dl/web/weather/ic-w-12-night-rain-full.svg,9.2 km/h,87%,aqi_nha-trang_2025_mar.csv
2025-04-01 00:02:36.829174+07:00,Nha Trang,21,/dl/web/weather/ic-w-04-scattered-clouds-full.svg,9.5 km/h,87%,aqi_nha-trang_2025_apr.csv
2025-04-01 01:02:05.902636+07:00,Nha Trang,21,/dl/web/weather/ic-w-04-scattered-clouds-full.svg,9.2 km/h,89%,aqi_nha-trang_2025_apr.csv
2025-04-01 02:01:53.554938+07:00,Nha Trang,20,/dl/web/weather/ic-w-04-scattered-clouds-full.svg,9.2 km/h,89%,aqi_nha-trang_2025_apr.csv
2025-04-01 03:02:08.816134+07:00,Nha Trang,20,/dl/web/weather/ic-w-04-scattered-clouds-full.svg,9.3 km/h,93%,aqi_nha-trang_2025_apr.csv
2025-04-01 04:02:12.709081+07:00,Nha Trang,20,/dl/web/weather/ic-w-04-scattered-clouds-full.svg,9.7 km/h,89%,aqi_nha-trang_2025_apr.csv
2025-04-01 05:02:06.719962+07:00,Nha Trang,22,/dl/web/weather/ic-w-04-scattered-clouds-full.svg,9.8 km/h,89%,aqi_nha-trang_2025_apr.csv
2025-04-01 06:01:52.888672+07:00,Nha Trang,22,/dl/web/weather/ic-w-04-scattered-clouds-full.svg,9.5 km/h,86%,aqi_nha-trang_2025_apr.csv
2025-04-01 07:05:40.623489+07:00,Nha Trang,22,/dl/web/weather/ic-w-04-scattered-clouds-full.svg,8.9 km/h,84%,aqi_nha-trang_2025_apr.csv
2025-04-01 08:29:45.659348+07:00,Nha Trang,32,/dl/web/weather/ic-w-04-scattered-clouds-full.svg,8.7 km/h,79%,aqi_nha-trang_2025_apr.csv
2025-04-01 09:31:42.534454+07:00,Nha Trang,32,/dl/web/weather/ic-w-04-scattered-clouds-full.svg,8.9 km/h,78%,aqi_nha-trang_2025_apr.csv
2025-04-01 10:19:47.671923+07:00,Nha Trang,32,/dl/web/weather/ic-w-04-scattered-clouds-full.svg,9.7 km/h,80%,aqi_nha-trang_2025_apr.csv
2025-04-01 11:03:04.014094+07:00,Nha Trang,22,/dl/web/weather/ic-w-04-scattered-clouds-full.svg,11.6 km/h,72%,aqi_nha-trang_2025_apr.csv
2025-04-01 12:02:01.124304+07:00,Nha Trang,22,/dl/web/weather/ic-w-04-scattered-clouds-full.svg,11.6 km/h,72%,aqi_nha-trang_2025_apr.csv
2025-04-01 13:02:08.085653+07:00,Nha Trang,22,/dl/web/weather/ic-w-04-scattered-clouds-full.svg,15.1 km/h,69%,aqi_nha-trang_2025_apr.csv
2025-04-01 14:02:12.711082+07:00,Nha Trang,16,/dl/web/weather/ic-w-04-scattered-clouds-full.svg,14.8 km/h,71%,aqi_nha-trang_2025_apr.csv
2025-04-01 15:02:13.501531+07:00,Nha Trang,16,/dl/web/weather/ic-w-04-scattered-clouds-full.svg,12.4 km/h,74%,aqi_nha-trang_2025_apr.csv
2025-04-01 16:02:08.495228+07:00,Nha Trang,16,/dl/web/weather/ic-w-04-scattered-clouds-full.svg,12.4 km/h,72%,aqi_nha-trang_2025_apr.csv
2025-04-01 17:02:15.370297+07:00,Nha Trang,19,/dl/web/weather/ic-w-04-scattered-clouds-full.svg,10.3 km/h,73%,aqi_nha-trang_2025_apr.csv
2025-04-01 18:01:57.551298+07:00,Nha Trang,19,/dl/web/weather/ic-w-04-scattered-clouds-full.svg,10.3 km/h,73%,aqi_nha-trang_2025_apr.csv
2025-04-01 19:02:26.038845+07:00,Nha Trang,19,/dl/web/weather/ic-w-04-scattered-clouds-full.svg,10.3 km/h,73%,aqi_nha-trang_2025_apr.csv
2025-04-01 20:09:14.711923+07:00,Nha Trang,22,/dl/web/weather/ic-w-12-night-rain-full.svg,11.3 km/h,87%,aqi_nha-trang_2025_apr.csv
2025-04-01 21:02:12.362083+07:00,Nha Trang,22,/dl/web/weather/ic-w-12-night-rain-full.svg,11.3 km/h,85%,aqi_nha-trang_2025_apr.csv
2025-04-01 22:02:10.725853+07:00,Nha Trang,22,/dl/web/weather/ic-w-04-scattered-clouds-full.svg,12.2 km/h,85%,aqi_nha-trang_2025_apr.csv
2025-04-01 23:02:10.324756+07:00,Nha Trang,24,/dl/web/weather/ic-w-04-scattered-clouds-full.svg,13.0 km/h,79%,aqi_nha-trang_2025_apr.csv
2025-04-02 00:02:01.976099+07:00,Nha Trang,24,/dl/web/weather/ic-w-04-scattered-clouds-full.svg,13.0 km/h,79%,aqi_nha-trang_2025_apr.csv
2025-04-02 01:02:19.507877+07:00,Nha Trang,24,/dl/web/weather/ic-w-04-scattered-clouds-full.svg,12.7 km/h,83%,aqi_nha-trang_2025_apr.csv
2025-04-02 02:01:52.723759+07:00,Nha Trang,26,/dl/web/weather/ic-w-04-scattered-clouds-full.svg,8.5 km/h,86%,aqi_nha-trang_2025_apr.csv
2025-04-02 03:02:09.004453+07:00,Nha Trang,26,/dl/web/weather/ic-w-04-scattered-clouds-full.svg,8.0 km/h,86%,aqi_nha-trang_2025_apr.csv
2025-04-02 04:01:59.535406+07:00,Nha Trang,26,/dl/web/weather/ic-w-04-scattered-clouds-full.svg,8.0 km/h,86%,aqi_nha-trang_2025_apr.csv
2025-04-02 05:02:06.674136+07:00,Nha Trang,33,/dl/web/weather/ic-w-04-scattered-clouds-full.svg,9.0 km/h,83%,aqi_nha-trang_2025_apr.csv
2025-04-02 06:02:06.610390+07:00,Nha Trang,33,/dl/web/weather/ic-w-04-scattered-clouds-full.svg,11.1 km/h,83%,aqi_nha-trang_2025_apr.csv
2025-04-02 07:04:46.555168+07:00,Nha Trang,33,/dl/web/weather/ic-w-04-scattered-clouds-full.svg,11.9 km/h,83%,aqi_nha-trang_2025_apr.csv
2025-04-02 08:29:29.345692+07:00,Nha Trang,61,/dl/web/weather/ic-w-04-scattered-clouds-full.svg,11.9 km/h,83%,aqi_nha-trang_2025_apr.csv
2025-04-02 09:28:49.082289+07:00,Nha Trang,61,/dl/web/weather/ic-w-04-scattered-clouds-full.svg,12.1 km/h,75%,aqi_nha-trang_2025_apr.csv
2025-04-02 10:14:22.425133+07:00,Nha Trang,61,/dl/web/weather/ic-w-04-scattered-clouds-full.svg,11.9 km/h,74%,aqi_nha-trang_2025_apr.csv
2025-04-02 11:02:11.726607+07:00,Nha Trang,62,/dl/web/weather/ic-w-04-scattered-clouds-full.svg,11.9 km/h,74%,aqi_nha-trang_2025_apr.csv
2025-04-02 12:02:01.257241+07:00,Nha Trang,62,/dl/web/weather/ic-w-04-scattered-clouds-full.svg,15.9 km/h,72%,aqi_nha-trang_2025_apr.csv
2025-04-02 13:02:07.170872+07:00,Nha Trang,62,/dl/web/weather/ic-w-04-scattered-clouds-full.svg,15.1 km/h,76%,aqi_nha-trang_2025_apr.csv
2025-04-02 14:02:09.528663+07:00,Nha Trang,62,/dl/web/weather/ic-w-04-scattered-clouds-full.svg,15.1 km/h,76%,aqi_nha-trang_2025_apr.csv
2025-04-02 15:02:16.841203+07:00,Nha Trang,62,/dl/web/weather/ic-w-04-scattered-clouds-full.svg,16.4 km/h,79%,aqi_nha-trang_2025_apr.csv
2025-04-02 16:02:11.271561+07:00,Nha Trang,62,/dl/web/weather/ic-w-06-rain-full.svg,13.5 km/h,76%,aqi_nha-trang_2025_apr.csv
2025-04-02 17:02:11.583236+07:00,Nha Trang,56,/dl/web/weather/ic-w-06-rain-full.svg,11.7 km/h,80%,aqi_nha-trang_2025_apr.csv
2025-04-02 18:01:58.608141+07:00,Nha Trang,56,/dl/web/weather/ic-w-06-rain-full.svg,10.9 km/h,84%,aqi_nha-trang_2025_apr.csv
2025-04-02 19:02:21.407962+07:00,Nha Trang,56,/dl/web/weather/ic-w-04-scattered-clouds-full.svg,11.1 km/h,88%,aqi_nha-trang_2025_apr.csv
2025-04-02 20:08:58.286073+07:00,Nha Trang,57,/dl/web/weather/ic-w-04-scattered-clouds-full.svg,9.8 km/h,85%,aqi_nha-trang_2025_apr.csv
2025-04-02 21:02:05.411866+07:00,Nha Trang,57,/dl/web/weather/ic-w-04-scattered-clouds-full.svg,9.8 km/h,85%,aqi_nha-trang_2025_apr.csv
2025-04-02 22:02:03.003974+07:00,Nha Trang,57,/dl/web/weather/ic-w-04-scattered-clouds-full.svg,10.6 km/h,85%,aqi_nha-trang_2025_apr.csv
2025-04-02 23:02:10.337146+07:00,Nha Trang,56,/dl/web/weather/ic-w-04-scattered-clouds-full.svg,10.6 km/h,85%,aqi_nha-trang_2025_apr.csv
2025-04-03 00:02:01.589125+07:00,Nha Trang,56,/dl/web/weather/ic-w-04-scattered-clouds-full.svg,9.7 km/h,84%,aqi_nha-trang_2025_apr.csv
2025-04-03 01:02:20.998452+07:00,Nha Trang,56,/dl/web/weather/ic-w-04-scattered-clouds-full.svg,10.5 km/h,82%,aqi_nha-trang_2025_apr.csv
2025-04-03 02:01:58.638387+07:00,Nha Trang,55,/dl/web/weather/ic-w-04-scattered-clouds-full.svg,9.3 km/h,84%,aqi_nha-trang_2025_apr.csv
2025-04-03 03:02:11.136003+07:00,Nha Trang,55,/dl/web/weather/ic-w-04-scattered-clouds-full.svg,10.3 km/h,82%,aqi_nha-trang_2025_apr.csv
2025-04-03 04:01:52.551790+07:00,Nha Trang,55,/dl/web/weather/ic-w-04-scattered-clouds-full.svg,9.5 km/h,80%,aqi_nha-trang_2025_apr.csv
2025-04-03 05:01:52.381981+07:00,Nha Trang,58,/dl/web/weather/ic-w-04-scattered-clouds-full.svg,8.4 km/h,81%,aqi_nha-trang_2025_apr.csv
2025-04-03 06:01:52.506606+07:00,Nha Trang,58,/dl/web/weather/ic-w-04-scattered-clouds-full.svg,8.0 km/h,89%,aqi_nha-trang_2025_apr.csv
2025-04-03 07:04:48.340941+07:00,Nha Trang,58,/dl/web/weather/ic-w-04-scattered-clouds-full.svg,9.3 km/h,88%,aqi_nha-trang_2025_apr.csv
2025-04-03 08:29:08.644996+07:00,Nha Trang,68,/dl/web/weather/ic-w-04-scattered-clouds-full.svg,10.0 km/h,86%,aqi_nha-trang_2025_apr.csv
2025-04-03 09:28:15.666747+07:00,Nha Trang,68,/dl/web/weather/ic-w-04-scattered-clouds-full.svg,11.9 km/h,84%,aqi_nha-trang_2025_apr.csv
2025-04-03 10:13:59.392311+07:00,Nha Trang,68,/dl/web/weather/ic-w-04-scattered-clouds-full.svg,12.7 km/h,81%,aqi_nha-trang_2025_apr.csv
2025-04-03 11:02:10.207464+07:00,Nha Trang,71,/dl/web/weather/ic-w-04-scattered-clouds-full.svg,12.7 km/h,81%,aqi_nha-trang_2025_apr.csv
2025-04-03 12:01:56.293990+07:00,Nha Trang,71,/dl/web/weather/ic-w-04-scattered-clouds-full.svg,14.0 km/h,70%,aqi_nha-trang_2025_apr.csv
2025-04-03 13:02:13.968797+07:00,Nha Trang,71,/dl/web/weather/ic-w-04-scattered-clouds-full.svg,13.8 km/h,70%,aqi_nha-trang_2025_apr.csv
2025-04-03 14:02:14.761810+07:00,Nha Trang,74,/dl/web/weather/ic-w-04-scattered-clouds-full.svg,13.0 km/h,68%,aqi_nha-trang_2025_apr.csv
2025-04-03 15:02:10.281164+07:00,Nha Trang,74,/dl/web/weather/ic-w-06-rain-full.svg,16.4 km/h,63%,aqi_nha-trang_2025_apr.csv
2025-04-03 16:02:06.430053+07:00,Nha Trang,74,/dl/web/weather/ic-w-06-rain-full.svg,19.3 km/h,65%,aqi_nha-trang_2025_apr.csv
2025-04-03 17:02:11.754226+07:00,Nha Trang,75,/dl/web/weather/ic-w-04-scattered-clouds-full.svg,17.4 km/h,67%,aqi_nha-trang_2025_apr.csv
2025-04-03 18:02:07.942607+07:00,Nha Trang,75,/dl/web/weather/ic-w-04-scattered-clouds-full.svg,16.1 km/h,70%,aqi_nha-trang_2025_apr.csv
2025-04-03 19:02:30.708608+07:00,Nha Trang,75,/dl/web/weather/ic-w-04-scattered-clouds-full.svg,14.0 km/h,76%,aqi_nha-trang_2025_apr.csv
2025-04-03 20:08:41.588202+07:00,Nha Trang,74,/dl/web/weather/ic-w-04-scattered-clouds-full.svg,11.3 km/h,78%,aqi_nha-trang_2025_apr.csv
2025-04-03 21:02:11.322093+07:00,Nha Trang,74,/dl/web/weather/ic-w-04-scattered-clouds-full.svg,11.3 km/h,78%,aqi_nha-trang_2025_apr.csv
2025-04-03 22:02:09.658983+07:00,Nha Trang,74,/dl/web/weather/ic-w-04-scattered-clouds-full.svg,9.7 km/h,78%,aqi_nha-trang_2025_apr.csv
2025-04-03 23:02:11.814940+07:00,Nha Trang,80,/dl/web/weather/ic-w-04-scattered-clouds-full.svg,8.2 km/h,82%,aqi_nha-trang_2025_apr.csv
2025-04-04 00:02:22.031222+07:00,Nha Trang,80,/dl/web/weather/ic-w-04-scattered-clouds-full.svg,7.4 km/h,82%,aqi_nha-trang_2025_apr.csv
2025-04-04 02:02:08.681935+07:00,Nha Trang,84,/dl/web/weather/ic-w-04-scattered-clouds-full.svg,8.7 km/h,88%,aqi_nha-trang_2025_apr.csv
2025-04-04 03:02:01.985199+07:00,Nha Trang,84,/dl/web/weather/ic-w-04-scattered-clouds-full.svg,9.7 km/h,86%,aqi_nha-trang_2025_apr.csv
2025-04-04 04:01:57.939185+07:00,Nha Trang,84,/dl/web/weather/ic-w-04-scattered-clouds-full.svg,9.2 km/h,83%,aqi_nha-trang_2025_apr.csv
2025-04-04 05:02:00.803885+07:00,Nha Trang,85,/dl/web/weather/ic-w-04-scattered-clouds-full.svg,8.2 km/h,83%,aqi_nha-trang_2025_apr.csv
2025-04-04 06:01:54.686636+07:00,Nha Trang,85,/dl/web/weather/ic-w-04-scattered-clouds-full.svg,7.4 km/h,83%,aqi_nha-trang_2025_apr.csv
2025-04-04 07:04:56.084730+07:00,Nha Trang,85,/dl/web/weather/ic-w-04-scattered-clouds-full.svg,7.1 km/h,85%,aqi_nha-trang_2025_apr.csv
2025-04-04 08:29:14.207432+07:00,Nha Trang,87,/dl/web/weather/ic-w-04-scattered-clouds-full.svg,5.1 km/h,73%,aqi_nha-trang_2025_apr.csv
2025-04-04 09:28:04.615510+07:00,Nha Trang,87,/dl/web/weather/ic-w-04-scattered-clouds-full.svg,5.5 km/h,68%,aqi_nha-trang_2025_apr.csv
2025-04-04 10:13:18.701526+07:00,Nha Trang,87,/dl/web/weather/ic-w-04-scattered-clouds-full.svg,9.7 km/h,63%,aqi_nha-trang_2025_apr.csv
2025-04-04 11:01:59.585689+07:00,Nha Trang,85,/dl/web/weather/ic-w-04-scattered-clouds-full.svg,9.7 km/h,63%,aqi_nha-trang_2025_apr.csv
2025-04-04 12:01:59.949975+07:00,Nha Trang,85,/dl/web/weather/ic-w-06-rain-full.svg,12.1 km/h,63%,aqi_nha-trang_2025_apr.csv
2025-04-04 13:02:10.156996+07:00,Nha Trang,85,/dl/web/weather/ic-w-04-scattered-clouds-full.svg,14.2 km/h,63%,aqi_nha-trang_2025_apr.csv
2025-04-04 14:01:53.942789+07:00,Nha Trang,79,/dl/web/weather/ic-w-04-scattered-clouds-full.svg,15.8 km/h,63%,aqi_nha-trang_2025_apr.csv
2025-04-04 15:02:07.306093+07:00,Nha Trang,79,/dl/web/weather/ic-w-04-scattered-clouds-full.svg,15.3 km/h,66%,aqi_nha-trang_2025_apr.csv
2025-04-04 16:02:01.796895+07:00,Nha Trang,79,/dl/web/weather/ic-w-04-scattered-clouds-full.svg,14.8 km/h,67%,aqi_nha-trang_2025_apr.csv
2025-04-04 17:02:08.114158+07:00,Nha Trang,73,/dl/web/weather/ic-w-04-scattered-clouds-full.svg,14.3 km/h,70%,aqi_nha-trang_2025_apr.csv
2025-04-04 18:02:09.396803+07:00,Nha Trang,73,/dl/web/weather/ic-w-04-scattered-clouds-full.svg,12.1 km/h,72%,aqi_nha-trang_2025_apr.csv
2025-04-04 19:02:16.833754+07:00,Nha Trang,73,/dl/web/weather/ic-w-04-scattered-clouds-full.svg,9.8 km/h,78%,aqi_nha-trang_2025_apr.csv
2025-04-04 20:08:01.070762+07:00,Nha Trang,75,/dl/web/weather/ic-w-04-scattered-clouds-full.svg,7.2 km/h,87%,aqi_nha-trang_2025_apr.csv
2025-04-04 21:02:01.448354+07:00,Nha Trang,75,/dl/web/weather/ic-w-04-scattered-clouds-full.svg,7.2 km/h,87%,aqi_nha-trang_2025_apr.csv
2025-04-04 22:02:12.667752+07:00,Nha Trang,75,/dl/web/weather/ic-w-04-scattered-clouds-full.svg,5.8 km/h,86%,aqi_nha-trang_2025_apr.csv
2025-04-04 23:01:54.443327+07:00,Nha Trang,80,/dl/web/weather/ic-w-04-scattered-clouds-full.svg,4.8 km/h,83%,aqi_nha-trang_2025_apr.csv
2025-04-05 00:01:55.692619+07:00,Nha Trang,80,/dl/web/weather/ic-w-04-scattered-clouds-full.svg,4.8 km/h,83%,aqi_nha-trang_2025_apr.csv
2025-04-05 01:02:14.748823+07:00,Nha Trang,80,/dl/web/weather/ic-w-04-scattered-clouds-full.svg,5.1 km/h,83%,aqi_nha-trang_2025_apr.csv
2025-04-05 02:01:55.160615+07:00,Nha Trang,76,/dl/web/weather/ic-w-04-scattered-clouds-full.svg,5.8 km/h,88%,aqi_nha-trang_2025_apr.csv
2025-04-05 03:01:58.148083+07:00,Nha Trang,76,/dl/web/weather/ic-w-04-scattered-clouds-full.svg,7.1 km/h,89%,aqi_nha-trang_2025_apr.csv
2025-04-05 04:01:47.546509+07:00,Nha Trang,76,/dl/web/weather/ic-w-04-scattered-clouds-full.svg,7.7 km/h,86%,aqi_nha-trang_2025_apr.csv
2025-04-05 05:01:50.768500+07:00,Nha Trang,79,/dl/web/weather/ic-w-04-scattered-clouds-full.svg,7.9 km/h,91%,aqi_nha-trang_2025_apr.csv
2025-04-05 06:01:48.612151+07:00,Nha Trang,79,/dl/web/weather/ic-w-04-scattered-clouds-full.svg,6.9 km/h,91%,aqi_nha-trang_2025_apr.csv
2025-04-05 07:04:44.268575+07:00,Nha Trang,79,/dl/web/weather/ic-w-04-scattered-clouds-full.svg,7.6 km/h,89%,aqi_nha-trang_2025_apr.csv
2025-04-05 08:29:05.154825+07:00,Nha Trang,76,/dl/web/weather/ic-w-04-scattered-clouds-full.svg,4.2 km/h,74%,aqi_nha-trang_2025_apr.csv
2025-04-05 09:27:12.305540+07:00,Nha Trang,76,/dl/web/weather/ic-w-04-scattered-clouds-full.svg,2.1 km/h,67%,aqi_nha-trang_2025_apr.csv
2025-04-05 10:12:09.021554+07:00,Nha Trang,76,/dl/web/weather/ic-w-04-scattered-clouds-full.svg,7.1 km/h,66%,aqi_nha-trang_2025_apr.csv
2025-04-05 11:02:06.172177+07:00,Nha Trang,70,/dl/web/weather/ic-w-04-scattered-clouds-full.svg,7.1 km/h,66%,aqi_nha-trang_2025_apr.csv
2025-04-05 12:02:02.451203+07:00,Nha Trang,70,/dl/web/weather/ic-w-04-scattered-clouds-full.svg,10.5 km/h,66%,aqi_nha-trang_2025_apr.csv
2025-04-05 13:01:57.861186+07:00,Nha Trang,70,/dl/web/weather/ic-w-04-scattered-clouds-full.svg,11.9 km/h,66%,aqi_nha-trang_2025_apr.csv
2025-04-05 14:01:45.695282+07:00,Nha Trang,67,/dl/web/weather/ic-w-04-scattered-clouds-full.svg,11.9 km/h,69%,aqi_nha-trang_2025_apr.csv
2025-04-05 15:01:52.203895+07:00,Nha Trang,67,/dl/web/weather/ic-w-04-scattered-clouds-full.svg,10.8 km/h,67%,aqi_nha-trang_2025_apr.csv
2025-04-05 16:01:48.432209+07:00,Nha Trang,67,/dl/web/weather/ic-w-04-scattered-clouds-full.svg,9.7 km/h,73%,aqi_nha-trang_2025_apr.csv
2025-04-05 17:01:49.926815+07:00,Nha Trang,59,/dl/web/weather/ic-w-04-scattered-clouds-full.svg,8.4 km/h,74%,aqi_nha-trang_2025_apr.csv
2025-04-05 18:01:54.249762+07:00,Nha Trang,59,/dl/web/weather/ic-w-04-scattered-clouds-full.svg,6.3 km/h,77%,aqi_nha-trang_2025_apr.csv
2025-04-05 19:02:09.112926+07:00,Nha Trang,59,/dl/web/weather/ic-w-04-scattered-clouds-full.svg,4.7 km/h,84%,aqi_nha-trang_2025_apr.csv
2025-04-05 20:05:33.099280+07:00,Nha Trang,59,/dl/web/weather/ic-w-04-scattered-clouds-full.svg,2.4 km/h,93%,aqi_nha-trang_2025_apr.csv
2025-04-05 21:01:43.633883+07:00,Nha Trang,59,/dl/web/weather/ic-w-04-scattered-clouds-full.svg,2.4 km/h,93%,aqi_nha-trang_2025_apr.csv
2025-04-05 22:01:45.416264+07:00,Nha Trang,59,/dl/web/weather/ic-w-04-scattered-clouds-full.svg,3.9 km/h,93%,aqi_nha-trang_2025_apr.csv
2025-04-05 23:01:45.055046+07:00,Nha Trang,63,/dl/web/weather/ic-w-04-scattered-clouds-full.svg,5.1 km/h,91%,aqi_nha-trang_2025_apr.csv
2025-04-06 00:01:54.151547+07:00,Nha Trang,63,/dl/web/weather/ic-w-04-scattered-clouds-full.svg,6.8 km/h,91%,aqi_nha-trang_2025_apr.csv
2025-04-06 01:02:03.758960+07:00,Nha Trang,63,/dl/web/weather/ic-w-04-scattered-clouds-full.svg,6.9 km/h,91%,aqi_nha-trang_2025_apr.csv
2025-04-06 03:01:53.163433+07:00,Nha Trang,67,/dl/web/weather/ic-w-04-scattered-clouds-full.svg,7.1 km/h,91%,aqi_nha-trang_2025_apr.csv
2025-04-06 04:01:52.319158+07:00,Nha Trang,67,/dl/web/weather/ic-w-04-scattered-clouds-full.svg,7.1 km/h,91%,aqi_nha-trang_2025_apr.csv
2025-04-06 05:02:09.711351+07:00,Nha Trang,67,/dl/web/weather/ic-w-04-scattered-clouds-full.svg,8.9 km/h,91%,aqi_nha-trang_2025_apr.csv
2025-04-06 06:02:02.884660+07:00,Nha Trang,67,/dl/web/weather/ic-w-04-scattered-clouds-full.svg,10.0 km/h,88%,aqi_nha-trang_2025_apr.csv
2025-04-06 07:05:17.667289+07:00,Nha Trang,67,/dl/web/weather/ic-w-04-scattered-clouds-full.svg,10.5 km/h,88%,aqi_nha-trang_2025_apr.csv
2025-04-06 08:29:19.606604+07:00,Nha Trang,62,/dl/web/weather/ic-w-04-scattered-clouds-full.svg,9.2 km/h,78%,aqi_nha-trang_2025_apr.csv
2025-04-06 09:29:28.882789+07:00,Nha Trang,62,/dl/web/weather/ic-w-04-scattered-clouds-full.svg,6.1 km/h,67%,aqi_nha-trang_2025_apr.csv
2025-04-06 10:15:11.979109+07:00,Nha Trang,62,/dl/web/weather/ic-w-04-scattered-clouds-full.svg,7.2 km/h,68%,aqi_nha-trang_2025_apr.csv
2025-04-06 11:01:59.684387+07:00,Nha Trang,60,/dl/web/weather/ic-w-04-scattered-clouds-full.svg,7.2 km/h,68%,aqi_nha-trang_2025_apr.csv
2025-04-06 12:01:46.026906+07:00,Nha Trang,60,/dl/web/weather/ic-w-04-scattered-clouds-full.svg,8.9 km/h,62%,aqi_nha-trang_2025_apr.csv
2025-04-06 13:02:09.055894+07:00,Nha Trang,60,/dl/web/weather/ic-w-04-scattered-clouds-full.svg,12.9 km/h,64%,aqi_nha-trang_2025_apr.csv
2025-04-06 14:01:52.149404+07:00,Nha Trang,61,/dl/web/weather/ic-w-04-scattered-clouds-full.svg,16.3 km/h,67%,aqi_nha-trang_2025_apr.csv
2025-04-06 15:01:54.863366+07:00,Nha Trang,61,/dl/web/weather/ic-w-04-scattered-clouds-full.svg,16.4 km/h,69%,aqi_nha-trang_2025_apr.csv
2025-04-06 16:01:51.630035+07:00,Nha Trang,61,/dl/web/weather/ic-w-04-scattered-clouds-full.svg,14.5 km/h,70%,aqi_nha-trang_2025_apr.csv
2025-04-06 17:02:00.599631+07:00,Nha Trang,63,/dl/web/weather/ic-w-04-scattered-clouds-full.svg,12.4 km/h,72%,aqi_nha-trang_2025_apr.csv
2025-04-06 18:01:41.121344+07:00,Nha Trang,63,/dl/web/weather/ic-w-04-scattered-clouds-full.svg,12.2 km/h,77%,aqi_nha-trang_2025_apr.csv
2025-04-06 19:02:00.787317+07:00,Nha Trang,63,/dl/web/weather/ic-w-04-scattered-clouds-full.svg,9.5 km/h,81%,aqi_nha-trang_2025_apr.csv
2025-04-06 20:05:26.931134+07:00,Nha Trang,63,/dl/web/weather/ic-w-04-scattered-clouds-full.svg,6.8 km/h,85%,aqi_nha-trang_2025_apr.csv
2025-04-06 21:01:55.689665+07:00,Nha Trang,63,/dl/web/weather/ic-w-04-scattered-clouds-full.svg,6.8 km/h,85%,aqi_nha-trang_2025_apr.csv
2025-04-06 22:01:48.427168+07:00,Nha Trang,63,/dl/web/weather/ic-w-04-scattered-clouds-full.svg,7.9 km/h,81%,aqi_nha-trang_2025_apr.csv
2025-04-06 23:01:47.239978+07:00,Nha Trang,66,/dl/web/weather/ic-w-04-scattered-clouds-full.svg,7.2 km/h,80%,aqi_nha-trang_2025_apr.csv
2025-04-07 00:01:47.898971+07:00,Nha Trang,66,/dl/web/weather/ic-w-04-scattered-clouds-full.svg,6.8 km/h,79%,aqi_nha-trang_2025_apr.csv
2025-04-07 01:02:01.181249+07:00,Nha Trang,66,/dl/web/weather/ic-w-04-scattered-clouds-full.svg,6.1 km/h,79%,aqi_nha-trang_2025_apr.csv
2025-04-07 02:01:37.868309+07:00,Nha Trang,72,/dl/web/weather/ic-w-04-scattered-clouds-full.svg,5.8 km/h,79%,aqi_nha-trang_2025_apr.csv
2025-04-07 03:01:52.336382+07:00,Nha Trang,72,/dl/web/weather/ic-w-04-scattered-clouds-full.svg,4.8 km/h,81%,aqi_nha-trang_2025_apr.csv
2025-04-07 04:02:01.224755+07:00,Nha Trang,72,/dl/web/weather/ic-w-04-scattered-clouds-full.svg,4.8 km/h,81%,aqi_nha-trang_2025_apr.csv
2025-04-07 05:01:48.437437+07:00,Nha Trang,74,/dl/web/weather/ic-w-04-scattered-clouds-full.svg,5.5 km/h,81%,aqi_nha-trang_2025_apr.csv
2025-04-07 06:01:45.123128+07:00,Nha Trang,74,/dl/web/weather/ic-w-04-scattered-clouds-full.svg,6.4 km/h,82%,aqi_nha-trang_2025_apr.csv
2025-04-07 07:04:45.192623+07:00,Nha Trang,74,/dl/web/weather/ic-w-04-scattered-clouds-full.svg,7.7 km/h,81%,aqi_nha-trang_2025_apr.csv
2025-04-07 08:29:11.339202+07:00,Nha Trang,73,/dl/web/weather/ic-w-04-scattered-clouds-full.svg,7.1 km/h,73%,aqi_nha-trang_2025_apr.csv
2025-04-07 09:29:39.829175+07:00,Nha Trang,73,/dl/web/weather/ic-w-04-scattered-clouds-full.svg,6.4 km/h,64%,aqi_nha-trang_2025_apr.csv
2025-04-07 10:15:48.774754+07:00,Nha Trang,73,/dl/web/weather/ic-w-04-scattered-clouds-full.svg,11.6 km/h,59%,aqi_nha-trang_2025_apr.csv
2025-04-07 11:01:56.837068+07:00,Nha Trang,72,/dl/web/weather/ic-w-04-scattered-clouds-full.svg,11.6 km/h,59%,aqi_nha-trang_2025_apr.csv
2025-04-07 12:02:00.392380+07:00,Nha Trang,72,/dl/web/weather/ic-w-04-scattered-clouds-full.svg,16.1 km/h,62%,aqi_nha-trang_2025_apr.csv
2025-04-07 13:02:00.790395+07:00,Nha Trang,72,/dl/web/weather/ic-w-04-scattered-clouds-full.svg,17.1 km/h,63%,aqi_nha-trang_2025_apr.csv
2025-04-07 14:02:04.551646+07:00,Nha Trang,72,/dl/web/weather/ic-w-04-scattered-clouds-full.svg,17.1 km/h,66%,aqi_nha-trang_2025_apr.csv
2025-04-07 15:02:17.773176+07:00,Nha Trang,72,/dl/web/weather/ic-w-04-scattered-clouds-full.svg,15.4 km/h,66%,aqi_nha-trang_2025_apr.csv
2025-04-07 16:02:00.050251+07:00,Nha Trang,72,/dl/web/weather/ic-w-04-scattered-clouds-full.svg,14.2 km/h,69%,aqi_nha-trang_2025_apr.csv
2025-04-07 17:02:05.784356+07:00,Nha Trang,72,/dl/web/weather/ic-w-04-scattered-clouds-full.svg,12.6 km/h,70%,aqi_nha-trang_2025_apr.csv
2025-04-07 18:01:50.487447+07:00,Nha Trang,72,/dl/web/weather/ic-w-04-scattered-clouds-full.svg,9.5 km/h,78%,aqi_nha-trang_2025_apr.csv
2025-04-07 19:02:16.179775+07:00,Nha Trang,72,/dl/web/weather/ic-w-04-scattered-clouds-full.svg,7.2 km/h,84%,aqi_nha-trang_2025_apr.csv
2025-04-07 20:09:23.045343+07:00,Nha Trang,76,/dl/web/weather/ic-w-10-night-clear-sky-full.svg,5.5 km/h,85%,aqi_nha-trang_2025_apr.csv
2025-04-07 21:01:56.560494+07:00,Nha Trang,76,/dl/web/weather/ic-w-10-night-clear-sky-full.svg,5.5 km/h,85%,aqi_nha-trang_2025_apr.csv
2025-04-07 22:01:56.585877+07:00,Nha Trang,76,/dl/web/weather/ic-w-10-night-clear-sky-full.svg,6.1 km/h,81%,aqi_nha-trang_2025_apr.csv
2025-04-07 23:02:02.193706+07:00,Nha Trang,77,/dl/web/weather/ic-w-10-night-clear-sky-full.svg,6.4 km/h,85%,aqi_nha-trang_2025_apr.csv
2025-04-08 00:02:10.697274+07:00,Nha Trang,77,/dl/web/weather/ic-w-10-night-clear-sky-full.svg,6.6 km/h,85%,aqi_nha-trang_2025_apr.csv
2025-04-08 01:02:05.605104+07:00,Nha Trang,77,/dl/web/weather/ic-w-04-scattered-clouds-full.svg,6.9 km/h,85%,aqi_nha-trang_2025_apr.csv
2025-04-08 02:01:46.990829+07:00,Nha Trang,78,/dl/web/weather/ic-w-04-scattered-clouds-full.svg,9.0 km/h,85%,aqi_nha-trang_2025_apr.csv
2025-04-08 03:02:03.432529+07:00,Nha Trang,78,/dl/web/weather/ic-w-04-scattered-clouds-full.svg,8.7 km/h,84%,aqi_nha-trang_2025_apr.csv
2025-04-08 04:01:52.476322+07:00,Nha Trang,78,/dl/web/weather/ic-w-04-scattered-clouds-full.svg,8.4 km/h,85%,aqi_nha-trang_2025_apr.csv
2025-04-08 05:01:57.786866+07:00,Nha Trang,76,/dl/web/weather/ic-w-04-scattered-clouds-full.svg,8.4 km/h,85%,aqi_nha-trang_2025_apr.csv
2025-04-08 06:01:57.477826+07:00,Nha Trang,76,/dl/web/weather/ic-w-04-scattered-clouds-full.svg,8.9 km/h,85%,aqi_nha-trang_2025_apr.csv
2025-04-08 07:04:46.990742+07:00,Nha Trang,76,/dl/web/weather/ic-w-04-scattered-clouds-full.svg,9.0 km/h,82%,aqi_nha-trang_2025_apr.csv
2025-04-08 08:29:17.049891+07:00,Nha Trang,73,/dl/web/weather/ic-w-04-scattered-clouds-full.svg,6.9 km/h,69%,aqi_nha-trang_2025_apr.csv
2025-04-08 09:28:15.493239+07:00,Nha Trang,73,/dl/web/weather/ic-w-04-scattered-clouds-full.svg,8.2 km/h,67%,aqi_nha-trang_2025_apr.csv
2025-04-08 10:13:45.794277+07:00,Nha Trang,73,/dl/web/weather/ic-w-04-scattered-clouds-full.svg,11.9 km/h,67%,aqi_nha-trang_2025_apr.csv
2025-04-08 11:02:17.480826+07:00,Nha Trang,72,/dl/web/weather/ic-w-04-scattered-clouds-full.svg,11.9 km/h,67%,aqi_nha-trang_2025_apr.csv
2025-04-08 12:01:57.080876+07:00,Nha Trang,72,/dl/web/weather/ic-w-04-scattered-clouds-full.svg,16.9 km/h,64%,aqi_nha-trang_2025_apr.csv
2025-04-08 13:02:08.488268+07:00,Nha Trang,72,/dl/web/weather/ic-w-04-scattered-clouds-full.svg,16.1 km/h,62%,aqi_nha-trang_2025_apr.csv
2025-04-08 14:01:55.844687+07:00,Nha Trang,73,/dl/web/weather/ic-w-04-scattered-clouds-full.svg,15.6 km/h,63%,aqi_nha-trang_2025_apr.csv
2025-04-08 15:02:00.096923+07:00,Nha Trang,73,/dl/web/weather/ic-w-04-scattered-clouds-full.svg,16.4 km/h,67%,aqi_nha-trang_2025_apr.csv
2025-04-08 16:02:00.990660+07:00,Nha Trang,73,/dl/web/weather/ic-w-04-scattered-clouds-full.svg,13.4 km/h,68%,aqi_nha-trang_2025_apr.csv
2025-04-08 17:01:56.759708+07:00,Nha Trang,73,/dl/web/weather/ic-w-04-scattered-clouds-full.svg,12.4 km/h,71%,aqi_nha-trang_2025_apr.csv
2025-04-08 18:01:56.741431+07:00,Nha Trang,73,/dl/web/weather/ic-w-04-scattered-clouds-full.svg,12.2 km/h,73%,aqi_nha-trang_2025_apr.csv
2025-04-08 19:02:38.237317+07:00,Nha Trang,73,/dl/web/weather/ic-w-04-scattered-clouds-full.svg,10.1 km/h,78%,aqi_nha-trang_2025_apr.csv
2025-04-08 20:09:19.371034+07:00,Nha Trang,75,/dl/web/weather/ic-w-11-night-few-clouds-full.svg,6.1 km/h,83%,aqi_nha-trang_2025_apr.csv
2025-04-08 21:02:41.360003+07:00,Nha Trang,75,/dl/web/weather/ic-w-11-night-few-clouds-full.svg,6.1 km/h,83%,aqi_nha-trang_2025_apr.csv
2025-04-08 22:02:04.620577+07:00,Nha Trang,75,/dl/web/weather/ic-w-11-night-few-clouds-full.svg,5.3 km/h,83%,aqi_nha-trang_2025_apr.csv
2025-04-08 23:01:58.737566+07:00,Nha Trang,78,/dl/web/weather/ic-w-04-scattered-clouds-full.svg,5.6 km/h,84%,aqi_nha-trang_2025_apr.csv
2025-04-09 00:01:59.701415+07:00,Nha Trang,78,/dl/web/weather/ic-w-04-scattered-clouds-full.svg,6.3 km/h,81%,aqi_nha-trang_2025_apr.csv
2025-04-09 01:02:08.803531+07:00,Nha Trang,78,/dl/web/weather/ic-w-04-scattered-clouds-full.svg,6.1 km/h,85%,aqi_nha-trang_2025_apr.csv
2025-04-09 02:01:55.093636+07:00,Nha Trang,80,/dl/web/weather/ic-w-04-scattered-clouds-full.svg,6.9 km/h,88%,aqi_nha-trang_2025_apr.csv
2025-04-09 03:01:53.370069+07:00,Nha Trang,80,/dl/web/weather/ic-w-04-scattered-clouds-full.svg,7.9 km/h,89%,aqi_nha-trang_2025_apr.csv
2025-04-09 04:02:02.363558+07:00,Nha Trang,80,/dl/web/weather/ic-w-04-scattered-clouds-full.svg,8.2 km/h,89%,aqi_nha-trang_2025_apr.csv
2025-04-09 05:01:53.875710+07:00,Nha Trang,79,/dl/web/weather/ic-w-04-scattered-clouds-full.svg,8.9 km/h,90%,aqi_nha-trang_2025_apr.csv
2025-04-09 06:01:48.150456+07:00,Nha Trang,79,/dl/web/weather/ic-w-04-scattered-clouds-full.svg,9.7 km/h,89%,aqi_nha-trang_2025_apr.csv
2025-04-09 07:05:00.291899+07:00,Nha Trang,79,/dl/web/weather/ic-w-04-scattered-clouds-full.svg,10.1 km/h,89%,aqi_nha-trang_2025_apr.csv
2025-04-09 08:29:25.669624+07:00,Nha Trang,74,/dl/web/weather/ic-w-04-scattered-clouds-full.svg,6.1 km/h,73%,aqi_nha-trang_2025_apr.csv
2025-04-09 09:29:19.770523+07:00,Nha Trang,74,/dl/web/weather/ic-w-04-scattered-clouds-full.svg,5.3 km/h,66%,aqi_nha-trang_2025_apr.csv
2025-04-09 10:14:33.519281+07:00,Nha Trang,74,/dl/web/weather/ic-w-04-scattered-clouds-full.svg,9.3 km/h,60%,aqi_nha-trang_2025_apr.csv
2025-04-09 11:02:05.104452+07:00,Nha Trang,71,/dl/web/weather/ic-w-04-scattered-clouds-full.svg,9.3 km/h,60%,aqi_nha-trang_2025_apr.csv
2025-04-09 12:02:01.594275+07:00,Nha Trang,71,/dl/web/weather/ic-w-04-scattered-clouds-full.svg,13.4 km/h,64%,aqi_nha-trang_2025_apr.csv
2025-04-09 13:02:13.652428+07:00,Nha Trang,71,/dl/web/weather/ic-w-04-scattered-clouds-full.svg,15.3 km/h,63%,aqi_nha-trang_2025_apr.csv
2025-04-09 14:01:57.515001+07:00,Nha Trang,71,/dl/web/weather/ic-w-04-scattered-clouds-full.svg,14.6 km/h,65%,aqi_nha-trang_2025_apr.csv
2025-04-09 15:02:10.992391+07:00,Nha Trang,71,/dl/web/weather/ic-w-02-new-clouds-full.svg,14.0 km/h,66%,aqi_nha-trang_2025_apr.csv
2025-04-09 16:02:03.676730+07:00,Nha Trang,71,/dl/web/weather/ic-w-01-clear-sky-full.svg,12.6 km/h,69%,aqi_nha-trang_2025_apr.csv
2025-04-09 17:02:37.960783+07:00,Nha Trang,66,/dl/web/weather/ic-w-04-scattered-clouds-full.svg,10.5 km/h,69%,aqi_nha-trang_2025_apr.csv
2025-04-09 18:02:04.327761+07:00,Nha Trang,66,/dl/web/weather/ic-w-04-scattered-clouds-full.svg,8.7 km/h,71%,aqi_nha-trang_2025_apr.csv
2025-04-09 19:02:21.976145+07:00,Nha Trang,66,/dl/web/weather/ic-w-04-scattered-clouds-full.svg,7.1 km/h,83%,aqi_nha-trang_2025_apr.csv
2025-04-09 20:09:11.485707+07:00,Nha Trang,60,/dl/web/weather/ic-w-10-night-clear-sky-full.svg,3.5 km/h,85%,aqi_nha-trang_2025_apr.csv
2025-04-09 22:02:37.011795+07:00,Nha Trang,60,/dl/web/weather/ic-w-11-night-few-clouds-full.svg,4.2 km/h,90%,aqi_nha-trang_2025_apr.csv
2025-04-09 23:02:02.929150+07:00,Nha Trang,63,/dl/web/weather/ic-w-04-scattered-clouds-full.svg,6.1 km/h,90%,aqi_nha-trang_2025_apr.csv
2025-04-10 00:02:05.884523+07:00,Nha Trang,63,/dl/web/weather/ic-w-04-scattered-clouds-full.svg,7.2 km/h,90%,aqi_nha-trang_2025_apr.csv
2025-04-10 01:02:08.020464+07:00,Nha Trang,63,/dl/web/weather/ic-w-04-scattered-clouds-full.svg,7.9 km/h,90%,aqi_nha-trang_2025_apr.csv
2025-04-10 02:01:57.135821+07:00,Nha Trang,63,/dl/web/weather/ic-w-04-scattered-clouds-full.svg,8.4 km/h,91%,aqi_nha-trang_2025_apr.csv
2025-04-10 03:01:53.729705+07:00,Nha Trang,63,/dl/web/weather/ic-w-04-scattered-clouds-full.svg,8.5 km/h,91%,aqi_nha-trang_2025_apr.csv
2025-04-10 04:01:52.067247+07:00,Nha Trang,63,/dl/web/weather/ic-w-04-scattered-clouds-full.svg,7.4 km/h,91%,aqi_nha-trang_2025_apr.csv
2025-04-10 05:01:59.691858+07:00,Nha Trang,64,/dl/web/weather/ic-w-04-scattered-clouds-full.svg,6.8 km/h,90%,aqi_nha-trang_2025_apr.csv
2025-04-10 06:01:45.520500+07:00,Nha Trang,64,/dl/web/weather/ic-w-04-scattered-clouds-full.svg,6.6 km/h,90%,aqi_nha-trang_2025_apr.csv
2025-04-10 07:04:51.215805+07:00,Nha Trang,64,/dl/web/weather/ic-w-04-scattered-clouds-full.svg,7.4 km/h,93%,aqi_nha-trang_2025_apr.csv
2025-04-10 08:29:07.284141+07:00,Nha Trang,64,/dl/web/weather/ic-w-04-scattered-clouds-full.svg,7.1 km/h,87%,aqi_nha-trang_2025_apr.csv
2025-04-10 09:28:17.423646+07:00,Nha Trang,64,/dl/web/weather/ic-w-04-scattered-clouds-full.svg,3.1 km/h,66%,aqi_nha-trang_2025_apr.csv
2025-04-10 10:14:49.173045+07:00,Nha Trang,64,/dl/web/weather/ic-w-04-scattered-clouds-full.svg,8.5 km/h,68%,aqi_nha-trang_2025_apr.csv
2025-04-10 11:02:01.916227+07:00,Nha Trang,61,/dl/web/weather/ic-w-04-scattered-clouds-full.svg,8.5 km/h,68%,aqi_nha-trang_2025_apr.csv
2025-04-10 12:02:02.046585+07:00,Nha Trang,61,/dl/web/weather/ic-w-04-scattered-clouds-full.svg,11.1 km/h,65%,aqi_nha-trang_2025_apr.csv
2025-04-10 14:01:53.833234+07:00,Nha Trang,61,/dl/web/weather/ic-w-04-scattered-clouds-full.svg,14.0 km/h,64%,aqi_nha-trang_2025_apr.csv
2025-04-10 15:02:01.487946+07:00,Nha Trang,61,/dl/web/weather/ic-w-04-scattered-clouds-full.svg,13.7 km/h,64%,aqi_nha-trang_2025_apr.csv
2025-04-10 16:01:55.221368+07:00,Nha Trang,61,/dl/web/weather/ic-w-04-scattered-clouds-full.svg,13.5 km/h,70%,aqi_nha-trang_2025_apr.csv
2025-04-10 17:02:15.605311+07:00,Nha Trang,61,/dl/web/weather/ic-w-04-scattered-clouds-full.svg,12.2 km/h,67%,aqi_nha-trang_2025_apr.csv
2025-04-10 18:01:47.734871+07:00,Nha Trang,61,/dl/web/weather/ic-w-04-scattered-clouds-full.svg,8.4 km/h,76%,aqi_nha-trang_2025_apr.csv
2025-04-10 19:02:29.775074+07:00,Nha Trang,61,/dl/web/weather/ic-w-04-scattered-clouds-full.svg,8.2 km/h,76%,aqi_nha-trang_2025_apr.csv
2025-04-10 20:09:08.119782+07:00,Nha Trang,69,/dl/web/weather/ic-w-04-scattered-clouds-full.svg,5.8 km/h,83%,aqi_nha-trang_2025_apr.csv
2025-04-10 21:02:05.915075+07:00,Nha Trang,69,/dl/web/weather/ic-w-04-scattered-clouds-full.svg,5.8 km/h,83%,aqi_nha-trang_2025_apr.csv
2025-04-10 22:02:15.233034+07:00,Nha Trang,69,/dl/web/weather/ic-w-04-scattered-clouds-full.svg,6.3 km/h,80%,aqi_nha-trang_2025_apr.csv
2025-04-10 23:02:03.177991+07:00,Nha Trang,69,/dl/web/weather/ic-w-04-scattered-clouds-full.svg,4.0 km/h,82%,aqi_nha-trang_2025_apr.csv
2025-04-11 00:01:53.995565+07:00,Nha Trang,69,/dl/web/weather/ic-w-04-scattered-clouds-full.svg,6.8 km/h,82%,aqi_nha-trang_2025_apr.csv
2025-04-11 01:02:13.684428+07:00,Nha Trang,69,/dl/web/weather/ic-w-04-scattered-clouds-full.svg,6.9 km/h,85%,aqi_nha-trang_2025_apr.csv
2025-04-11 02:01:51.767537+07:00,Nha Trang,69,/dl/web/weather/ic-w-04-scattered-clouds-full.svg,4.7 km/h,84%,aqi_nha-trang_2025_apr.csv
2025-04-11 03:02:00.348680+07:00,Nha Trang,69,/dl/web/weather/ic-w-04-scattered-clouds-full.svg,4.0 km/h,82%,aqi_nha-trang_2025_apr.csv
2025-04-11 04:02:01.182045+07:00,Nha Trang,69,/dl/web/weather/ic-w-04-scattered-clouds-full.svg,3.9 km/h,86%,aqi_nha-trang_2025_apr.csv
2025-04-11 05:01:53.794728+07:00,Nha Trang,66,/dl/web/weather/ic-w-04-scattered-clouds-full.svg,5.6 km/h,85%,aqi_nha-trang_2025_apr.csv
2025-04-11 06:02:04.373735+07:00,Nha Trang,66,/dl/web/weather/ic-w-04-scattered-clouds-full.svg,4.5 km/h,86%,aqi_nha-trang_2025_apr.csv
2025-04-11 07:04:51.894720+07:00,Nha Trang,66,/dl/web/weather/ic-w-04-scattered-clouds-full.svg,1.8 km/h,81%,aqi_nha-trang_2025_apr.csv
2025-04-11 08:29:10.847388+07:00,Nha Trang,67,/dl/web/weather/ic-w-04-scattered-clouds-full.svg,1.6 km/h,70%,aqi_nha-trang_2025_apr.csv
2025-04-11 09:28:42.990042+07:00,Nha Trang,67,/dl/web/weather/ic-w-04-scattered-clouds-full.svg,6.9 km/h,65%,aqi_nha-trang_2025_apr.csv
2025-04-11 10:14:51.615288+07:00,Nha Trang,67,/dl/web/weather/ic-w-04-scattered-clouds-full.svg,11.9 km/h,61%,aqi_nha-trang_2025_apr.csv
2025-04-11 11:01:59.944220+07:00,Nha Trang,63,/dl/web/weather/ic-w-04-scattered-clouds-full.svg,11.9 km/h,61%,aqi_nha-trang_2025_apr.csv
2025-04-11 12:01:56.123896+07:00,Nha Trang,63,/dl/web/weather/ic-w-04-scattered-clouds-full.svg,14.3 km/h,59%,aqi_nha-trang_2025_apr.csv
2025-04-11 13:02:04.168313+07:00,Nha Trang,63,/dl/web/weather/ic-w-04-scattered-clouds-full.svg,14.8 km/h,55%,aqi_nha-trang_2025_apr.csv
2025-04-11 14:01:53.144484+07:00,Nha Trang,69,/dl/web/weather/ic-w-04-scattered-clouds-full.svg,17.9 km/h,59%,aqi_nha-trang_2025_apr.csv
2025-04-11 15:01:59.388407+07:00,Nha Trang,69,/dl/web/weather/ic-w-04-scattered-clouds-full.svg,17.9 km/h,58%,aqi_nha-trang_2025_apr.csv
2025-04-11 16:02:04.703225+07:00,Nha Trang,69,/dl/web/weather/ic-w-04-scattered-clouds-full.svg,16.7 km/h,63%,aqi_nha-trang_2025_apr.csv
2025-04-11 17:01:49.717460+07:00,Nha Trang,68,/dl/web/weather/ic-w-04-scattered-clouds-full.svg,15.1 km/h,65%,aqi_nha-trang_2025_apr.csv
2025-04-11 18:01:57.128614+07:00,Nha Trang,68,/dl/web/weather/ic-w-04-scattered-clouds-full.svg,10.5 km/h,67%,aqi_nha-trang_2025_apr.csv
2025-04-11 19:02:07.249922+07:00,Nha Trang,68,/dl/web/weather/ic-w-04-scattered-clouds-full.svg,7.9 km/h,77%,aqi_nha-trang_2025_apr.csv
2025-04-11 20:08:17.830952+07:00,Nha Trang,68,/dl/web/weather/ic-w-04-scattered-clouds-full.svg,7.9 km/h,77%,aqi_nha-trang_2025_apr.csv
2025-04-11 21:01:53.733531+07:00,Nha Trang,68,/dl/web/weather/ic-w-04-scattered-clouds-full.svg,7.9 km/h,77%,aqi_nha-trang_2025_apr.csv
2025-04-11 22:02:32.401821+07:00,Nha Trang,68,/dl/web/weather/ic-w-04-scattered-clouds-full.svg,6.9 km/h,80%,aqi_nha-trang_2025_apr.csv
2025-04-11 23:01:58.654383+07:00,Nha Trang,70,/dl/web/weather/ic-w-04-scattered-clouds-full.svg,6.6 km/h,82%,aqi_nha-trang_2025_apr.csv
2025-04-12 00:01:59.559849+07:00,Nha Trang,70,/dl/web/weather/ic-w-04-scattered-clouds-full.svg,6.1 km/h,84%,aqi_nha-trang_2025_apr.csv
2025-04-12 01:02:12.474346+07:00,Nha Trang,70,/dl/web/weather/ic-w-04-scattered-clouds-full.svg,5.1 km/h,83%,aqi_nha-trang_2025_apr.csv
2025-04-12 02:01:52.499779+07:00,Nha Trang,70,/dl/web/weather/ic-w-04-scattered-clouds-full.svg,5.5 km/h,85%,aqi_nha-trang_2025_apr.csv
2025-04-12 03:02:05.592807+07:00,Nha Trang,70,/dl/web/weather/ic-w-11-night-few-clouds-full.svg,5.3 km/h,86%,aqi_nha-trang_2025_apr.csv
2025-04-12 04:01:53.315999+07:00,Nha Trang,70,/dl/web/weather/ic-w-04-scattered-clouds-full.svg,5.6 km/h,83%,aqi_nha-trang_2025_apr.csv
2025-04-12 05:01:51.395679+07:00,Nha Trang,70,/dl/web/weather/ic-w-04-scattered-clouds-full.svg,6.6 km/h,82%,aqi_nha-trang_2025_apr.csv
2025-04-12 06:01:46.247134+07:00,Nha Trang,70,/dl/web/weather/ic-w-04-scattered-clouds-full.svg,6.9 km/h,85%,aqi_nha-trang_2025_apr.csv
2025-04-12 07:04:47.792564+07:00,Nha Trang,70,/dl/web/weather/ic-w-04-scattered-clouds-full.svg,6.3 km/h,76%,aqi_nha-trang_2025_apr.csv
2025-04-12 08:29:05.863020+07:00,Nha Trang,70,/dl/web/weather/ic-w-04-scattered-clouds-full.svg,2.7 km/h,68%,aqi_nha-trang_2025_apr.csv
2025-04-12 09:27:37.218849+07:00,Nha Trang,70,/dl/web/weather/ic-w-04-scattered-clouds-full.svg,5.6 km/h,61%,aqi_nha-trang_2025_apr.csv
2025-04-12 10:12:48.046927+07:00,Nha Trang,70,/dl/web/weather/ic-w-04-scattered-clouds-full.svg,10.3 km/h,65%,aqi_nha-trang_2025_apr.csv
2025-04-12 11:02:07.603752+07:00,Nha Trang,68,/dl/web/weather/ic-w-04-scattered-clouds-full.svg,10.3 km/h,65%,aqi_nha-trang_2025_apr.csv
2025-04-12 12:01:52.104728+07:00,Nha Trang,68,/dl/web/weather/ic-w-04-scattered-clouds-full.svg,11.9 km/h,57%,aqi_nha-trang_2025_apr.csv
2025-04-12 13:01:59.651447+07:00,Nha Trang,68,/dl/web/weather/ic-w-04-scattered-clouds-full.svg,15.8 km/h,54%,aqi_nha-trang_2025_apr.csv
2025-04-12 14:01:56.187771+07:00,Nha Trang,67,/dl/web/weather/ic-w-04-scattered-clouds-full.svg,15.0 km/h,54%,aqi_nha-trang_2025_apr.csv
2025-04-12 15:01:54.788279+07:00,Nha Trang,67,/dl/web/weather/ic-w-04-scattered-clouds-full.svg,16.1 km/h,57%,aqi_nha-trang_2025_apr.csv
2025-04-12 16:02:02.597888+07:00,Nha Trang,67,/dl/web/weather/ic-w-04-scattered-clouds-full.svg,15.3 km/h,57%,aqi_nha-trang_2025_apr.csv
2025-04-12 17:01:42.387810+07:00,Nha Trang,64,/dl/web/weather/ic-w-04-scattered-clouds-full.svg,14.8 km/h,59%,aqi_nha-trang_2025_apr.csv
2025-04-12 18:01:37.764980+07:00,Nha Trang,64,/dl/web/weather/ic-w-04-scattered-clouds-full.svg,13.0 km/h,67%,aqi_nha-trang_2025_apr.csv
2025-04-12 19:02:01.692942+07:00,Nha Trang,64,/dl/web/weather/ic-w-04-scattered-clouds-full.svg,11.6 km/h,68%,aqi_nha-trang_2025_apr.csv
2025-04-12 20:05:18.718930+07:00,Nha Trang,65,/dl/web/weather/ic-w-10-night-clear-sky-full.svg,8.0 km/h,75%,aqi_nha-trang_2025_apr.csv
2025-04-12 21:01:46.307593+07:00,Nha Trang,65,/dl/web/weather/ic-w-10-night-clear-sky-full.svg,8.0 km/h,75%,aqi_nha-trang_2025_apr.csv
2025-04-12 22:01:42.693877+07:00,Nha Trang,65,/dl/web/weather/ic-w-10-night-clear-sky-full.svg,7.1 km/h,83%,aqi_nha-trang_2025_apr.csv
2025-04-12 23:01:59.567481+07:00,Nha Trang,66,/dl/web/weather/ic-w-10-night-clear-sky-full.svg,4.5 km/h,83%,aqi_nha-trang_2025_apr.csv
2025-04-13 00:01:58.862236+07:00,Nha Trang,66,/dl/web/weather/ic-w-10-night-clear-sky-full.svg,3.1 km/h,88%,aqi_nha-trang_2025_apr.csv
2025-04-13 01:01:51.820758+07:00,Nha Trang,66,/dl/web/weather/ic-w-10-night-clear-sky-full.svg,2.6 km/h,90%,aqi_nha-trang_2025_apr.csv
2025-04-13 02:01:51.765875+07:00,Nha Trang,69,/dl/web/weather/ic-w-04-scattered-clouds-full.svg,3.4 km/h,91%,aqi_nha-trang_2025_apr.csv
2025-04-13 03:01:47.229330+07:00,Nha Trang,69,/dl/web/weather/ic-w-04-scattered-clouds-full.svg,1.0 km/h,89%,aqi_nha-trang_2025_apr.csv
2025-04-13 04:01:52.587748+07:00,Nha Trang,69,/dl/web/weather/ic-w-04-scattered-clouds-full.svg,1.4 km/h,88%,aqi_nha-trang_2025_apr.csv
2025-04-13 05:01:46.662990+07:00,Nha Trang,68,/dl/web/weather/ic-w-04-scattered-clouds-full.svg,1.0 km/h,89%,aqi_nha-trang_2025_apr.csv
2025-04-13 06:01:59.266943+07:00,Nha Trang,68,/dl/web/weather/ic-w-04-scattered-clouds-full.svg,1.4 km/h,90%,aqi_nha-trang_2025_apr.csv
2025-04-13 07:28:57.717865+07:00,Nha Trang,68,/dl/web/weather/ic-w-04-scattered-clouds-full.svg,5.1 km/h,89%,aqi_nha-trang_2025_apr.csv
2025-04-13 08:48:19.708776+07:00,Nha Trang,64,/dl/web/weather/ic-w-04-scattered-clouds-full.svg,2.4 km/h,77%,aqi_nha-trang_2025_apr.csv
2025-04-13 09:59:00.567256+07:00,Nha Trang,64,/dl/web/weather/ic-w-04-scattered-clouds-full.svg,3.4 km/h,72%,aqi_nha-trang_2025_apr.csv
2025-04-13 10:54:05.006787+07:00,Nha Trang,63,/dl/web/weather/ic-w-04-scattered-clouds-full.svg,9.2 km/h,66%,aqi_nha-trang_2025_apr.csv
2025-04-13 11:28:23.322419+07:00,Nha Trang,63,/dl/web/weather/ic-w-04-scattered-clouds-full.svg,12.9 km/h,68%,aqi_nha-trang_2025_apr.csv
2025-04-13 12:07:52.306760+07:00,Nha Trang,63,/dl/web/weather/ic-w-04-scattered-clouds-full.svg,14.3 km/h,69%,aqi_nha-trang_2025_apr.csv
2025-04-13 13:01:54.014237+07:00,Nha Trang,63,/dl/web/weather/ic-w-04-scattered-clouds-full.svg,14.3 km/h,69%,aqi_nha-trang_2025_apr.csv
2025-04-13 14:01:52.915255+07:00,Nha Trang,64,/dl/web/weather/ic-w-04-scattered-clouds-full.svg,17.9 km/h,72%,aqi_nha-trang_2025_apr.csv
2025-04-13 15:02:03.645450+07:00,Nha Trang,64,/dl/web/weather/ic-w-04-scattered-clouds-full.svg,17.1 km/h,71%,aqi_nha-trang_2025_apr.csv
2025-04-13 16:02:02.382016+07:00,Nha Trang,64,/dl/web/weather/ic-w-04-scattered-clouds-full.svg,17.5 km/h,69%,aqi_nha-trang_2025_apr.csv
2025-04-13 17:01:52.353275+07:00,Nha Trang,57,/dl/web/weather/ic-w-04-scattered-clouds-full.svg,18.2 km/h,67%,aqi_nha-trang_2025_apr.csv
2025-04-13 18:01:41.375119+07:00,Nha Trang,57,/dl/web/weather/ic-w-04-scattered-clouds-full.svg,18.3 km/h,75%,aqi_nha-trang_2025_apr.csv
2025-04-13 19:02:11.200636+07:00,Nha Trang,57,/dl/web/weather/ic-w-04-scattered-clouds-full.svg,16.4 km/h,83%,aqi_nha-trang_2025_apr.csv
2025-04-13 20:06:04.702982+07:00,Nha Trang,61,/dl/web/weather/ic-w-04-scattered-clouds-full.svg,10.0 km/h,82%,aqi_nha-trang_2025_apr.csv
2025-04-13 21:01:45.227962+07:00,Nha Trang,61,/dl/web/weather/ic-w-04-scattered-clouds-full.svg,10.0 km/h,82%,aqi_nha-trang_2025_apr.csv
2025-04-13 22:01:48.917809+07:00,Nha Trang,61,/dl/web/weather/ic-w-04-scattered-clouds-full.svg,10.6 km/h,83%,aqi_nha-trang_2025_apr.csv
2025-04-13 23:01:53.975129+07:00,Nha Trang,60,/dl/web/weather/ic-w-04-scattered-clouds-full.svg,12.1 km/h,83%,aqi_nha-trang_2025_apr.csv
2025-04-14 00:01:41.745398+07:00,Nha Trang,60,/dl/web/weather/ic-w-04-scattered-clouds-full.svg,10.0 km/h,87%,aqi_nha-trang_2025_apr.csv
2025-04-14 01:02:03.981467+07:00,Nha Trang,60,/dl/web/weather/ic-w-04-scattered-clouds-full.svg,8.2 km/h,83%,aqi_nha-trang_2025_apr.csv
2025-04-14 02:01:36.421304+07:00,Nha Trang,59,/dl/web/weather/ic-w-04-scattered-clouds-full.svg,8.7 km/h,83%,aqi_nha-trang_2025_apr.csv
2025-04-14 03:01:48.505405+07:00,Nha Trang,59,/dl/web/weather/ic-w-04-scattered-clouds-full.svg,7.1 km/h,79%,aqi_nha-trang_2025_apr.csv
2025-04-14 04:01:45.066182+07:00,Nha Trang,59,/dl/web/weather/ic-w-04-scattered-clouds-full.svg,7.4 km/h,83%,aqi_nha-trang_2025_apr.csv
2025-04-14 05:01:50.689595+07:00,Nha Trang,59,/dl/web/weather/ic-w-04-scattered-clouds-full.svg,7.2 km/h,83%,aqi_nha-trang_2025_apr.csv
2025-04-14 06:01:57.987475+07:00,Nha Trang,59,/dl/web/weather/ic-w-04-scattered-clouds-full.svg,6.8 km/h,79%,aqi_nha-trang_2025_apr.csv
2025-04-14 07:05:08.483289+07:00,Nha Trang,59,/dl/web/weather/ic-w-04-scattered-clouds-full.svg,7.1 km/h,78%,aqi_nha-trang_2025_apr.csv
2025-04-14 08:29:21.896763+07:00,Nha Trang,58,/dl/web/weather/ic-w-04-scattered-clouds-full.svg,7.4 km/h,74%,aqi_nha-trang_2025_apr.csv
2025-04-14 09:29:55.451860+07:00,Nha Trang,58,/dl/web/weather/ic-w-04-scattered-clouds-full.svg,7.1 km/h,70%,aqi_nha-trang_2025_apr.csv
2025-04-14 10:17:07.192822+07:00,Nha Trang,58,/dl/web/weather/ic-w-04-scattered-clouds-full.svg,9.5 km/h,67%,aqi_nha-trang_2025_apr.csv
2025-04-14 11:02:05.851612+07:00,Nha Trang,58,/dl/web/weather/ic-w-04-scattered-clouds-full.svg,9.5 km/h,67%,aqi_nha-trang_2025_apr.csv
2025-04-14 12:02:05.506058+07:00,Nha Trang,58,/dl/web/weather/ic-w-04-scattered-clouds-full.svg,14.0 km/h,63%,aqi_nha-trang_2025_apr.csv
2025-04-14 13:02:07.446935+07:00,Nha Trang,58,/dl/web/weather/ic-w-04-scattered-clouds-full.svg,16.3 km/h,63%,aqi_nha-trang_2025_apr.csv
2025-04-14 14:01:55.630169+07:00,Nha Trang,60,/dl/web/weather/ic-w-04-scattered-clouds-full.svg,19.3 km/h,64%,aqi_nha-trang_2025_apr.csv
2025-04-14 15:02:05.655567+07:00,Nha Trang,60,/dl/web/weather/ic-w-04-scattered-clouds-full.svg,20.3 km/h,65%,aqi_nha-trang_2025_apr.csv
2025-04-14 16:01:59.129876+07:00,Nha Trang,60,/dl/web/weather/ic-w-04-scattered-clouds-full.svg,20.1 km/h,68%,aqi_nha-trang_2025_apr.csv
2025-04-14 17:02:04.083840+07:00,Nha Trang,66,/dl/web/weather/ic-w-04-scattered-clouds-full.svg,20.8 km/h,70%,aqi_nha-trang_2025_apr.csv
2025-04-14 18:01:54.976266+07:00,Nha Trang,66,/dl/web/weather/ic-w-04-scattered-clouds-full.svg,18.3 km/h,76%,aqi_nha-trang_2025_apr.csv
2025-04-14 19:02:26.971632+07:00,Nha Trang,66,/dl/web/weather/ic-w-04-scattered-clouds-full.svg,13.5 km/h,81%,aqi_nha-trang_2025_apr.csv
2025-04-14 20:09:16.713001+07:00,Nha Trang,64,/dl/web/weather/ic-w-04-scattered-clouds-full.svg,10.5 km/h,83%,aqi_nha-trang_2025_apr.csv
2025-04-14 21:01:54.663018+07:00,Nha Trang,64,/dl/web/weather/ic-w-04-scattered-clouds-full.svg,10.5 km/h,83%,aqi_nha-trang_2025_apr.csv
2025-04-14 22:01:55.568915+07:00,Nha Trang,64,/dl/web/weather/ic-w-04-scattered-clouds-full.svg,8.7 km/h,78%,aqi_nha-trang_2025_apr.csv
2025-04-14 23:02:08.746402+07:00,Nha Trang,63,/dl/web/weather/ic-w-04-scattered-clouds-full.svg,8.7 km/h,79%,aqi_nha-trang_2025_apr.csv
2025-04-15 01:02:18.956632+07:00,Nha Trang,63,/dl/web/weather/ic-w-04-scattered-clouds-full.svg,8.7 km/h,80%,aqi_nha-trang_2025_apr.csv
2025-04-15 02:02:01.484749+07:00,Nha Trang,64,/dl/web/weather/ic-w-04-scattered-clouds-full.svg,7.1 km/h,82%,aqi_nha-trang_2025_apr.csv
2025-04-15 03:01:52.057830+07:00,Nha Trang,64,/dl/web/weather/ic-w-11-night-few-clouds-full.svg,9.2 km/h,81%,aqi_nha-trang_2025_apr.csv
2025-04-15 04:01:56.214848+07:00,Nha Trang,64,/dl/web/weather/ic-w-11-night-few-clouds-full.svg,7.2 km/h,83%,aqi_nha-trang_2025_apr.csv
2025-04-15 05:01:54.082856+07:00,Nha Trang,63,/dl/web/weather/ic-w-04-scattered-clouds-full.svg,7.4 km/h,83%,aqi_nha-trang_2025_apr.csv
2025-04-15 06:01:55.797389+07:00,Nha Trang,63,/dl/web/weather/ic-w-04-scattered-clouds-full.svg,7.2 km/h,85%,aqi_nha-trang_2025_apr.csv
2025-04-15 07:04:55.312104+07:00,Nha Trang,63,/dl/web/weather/ic-w-04-scattered-clouds-full.svg,7.9 km/h,79%,aqi_nha-trang_2025_apr.csv
2025-04-15 08:29:18.399477+07:00,Nha Trang,64,/dl/web/weather/ic-w-04-scattered-clouds-full.svg,6.1 km/h,72%,aqi_nha-trang_2025_apr.csv
2025-04-15 09:29:44.822884+07:00,Nha Trang,64,/dl/web/weather/ic-w-04-scattered-clouds-full.svg,7.7 km/h,65%,aqi_nha-trang_2025_apr.csv
2025-04-15 10:16:39.642231+07:00,Nha Trang,64,/dl/web/weather/ic-w-04-scattered-clouds-full.svg,11.3 km/h,61%,aqi_nha-trang_2025_apr.csv
2025-04-15 11:02:01.383429+07:00,Nha Trang,63,/dl/web/weather/ic-w-04-scattered-clouds-full.svg,11.3 km/h,61%,aqi_nha-trang_2025_apr.csv
2025-04-15 12:01:49.764717+07:00,Nha Trang,63,/dl/web/weather/ic-w-04-scattered-clouds-full.svg,15.6 km/h,64%,aqi_nha-trang_2025_apr.csv
2025-04-15 13:02:09.444032+07:00,Nha Trang,63,/dl/web/weather/ic-w-04-scattered-clouds-full.svg,19.3 km/h,67%,aqi_nha-trang_2025_apr.csv
2025-04-15 14:02:04.031759+07:00,Nha Trang,63,/dl/web/weather/ic-w-04-scattered-clouds-full.svg,20.8 km/h,65%,aqi_nha-trang_2025_apr.csv
2025-04-15 15:02:08.814793+07:00,Nha Trang,63,/dl/web/weather/ic-w-04-scattered-clouds-full.svg,19.8 km/h,67%,aqi_nha-trang_2025_apr.csv
2025-04-15 16:02:00.516735+07:00,Nha Trang,63,/dl/web/weather/ic-w-04-scattered-clouds-full.svg,18.8 km/h,70%,aqi_nha-trang_2025_apr.csv
2025-04-15 17:01:56.324368+07:00,Nha Trang,62,/dl/web/weather/ic-w-04-scattered-clouds-full.svg,17.1 km/h,74%,aqi_nha-trang_2025_apr.csv
2025-04-15 18:01:47.967274+07:00,Nha Trang,62,/dl/web/weather/ic-w-04-scattered-clouds-full.svg,13.5 km/h,77%,aqi_nha-trang_2025_apr.csv
2025-04-15 19:02:43.721384+07:00,Nha Trang,62,/dl/web/weather/ic-w-04-scattered-clouds-full.svg,12.1 km/h,81%,aqi_nha-trang_2025_apr.csv
2025-04-15 20:09:23.400692+07:00,Nha Trang,63,/dl/web/weather/ic-w-04-scattered-clouds-full.svg,7.2 km/h,83%,aqi_nha-trang_2025_apr.csv
2025-04-15 21:02:14.946958+07:00,Nha Trang,63,/dl/web/weather/ic-w-04-scattered-clouds-full.svg,7.2 km/h,83%,aqi_nha-trang_2025_apr.csv
2025-04-15 22:02:02.642759+07:00,Nha Trang,63,/dl/web/weather/ic-w-04-scattered-clouds-full.svg,7.6 km/h,78%,aqi_nha-trang_2025_apr.csv
2025-04-15 23:02:00.196102+07:00,Nha Trang,64,/dl/web/weather/ic-w-04-scattered-clouds-full.svg,7.1 km/h,80%,aqi_nha-trang_2025_apr.csv
2025-04-16 00:01:55.610967+07:00,Nha Trang,64,/dl/web/weather/ic-w-04-scattered-clouds-full.svg,4.7 km/h,81%,aqi_nha-trang_2025_apr.csv
2025-04-16 01:02:06.293914+07:00,Nha Trang,64,/dl/web/weather/ic-w-04-scattered-clouds-full.svg,5.1 km/h,80%,aqi_nha-trang_2025_apr.csv
2025-04-16 02:01:46.950751+07:00,Nha Trang,66,/dl/web/weather/ic-w-04-scattered-clouds-full.svg,6.3 km/h,82%,aqi_nha-trang_2025_apr.csv
2025-04-16 03:01:59.272657+07:00,Nha Trang,66,/dl/web/weather/ic-w-04-scattered-clouds-full.svg,5.8 km/h,86%,aqi_nha-trang_2025_apr.csv
2025-04-16 04:01:59.419315+07:00,Nha Trang,66,/dl/web/weather/ic-w-04-scattered-clouds-full.svg,5.3 km/h,86%,aqi_nha-trang_2025_apr.csv
2025-04-16 05:01:55.108999+07:00,Nha Trang,67,/dl/web/weather/ic-w-04-scattered-clouds-full.svg,5.0 km/h,87%,aqi_nha-trang_2025_apr.csv
2025-04-16 06:01:59.287814+07:00,Nha Trang,67,/dl/web/weather/ic-w-04-scattered-clouds-full.svg,5.6 km/h,81%,aqi_nha-trang_2025_apr.csv
2025-04-16 07:04:55.347776+07:00,Nha Trang,67,/dl/web/weather/ic-w-04-scattered-clouds-full.svg,4.8 km/h,78%,aqi_nha-trang_2025_apr.csv
2025-04-16 08:29:27.866972+07:00,Nha Trang,64,/dl/web/weather/ic-w-04-scattered-clouds-full.svg,3.7 km/h,69%,aqi_nha-trang_2025_apr.csv
2025-04-16 09:29:35.249797+07:00,Nha Trang,64,/dl/web/weather/ic-w-04-scattered-clouds-full.svg,6.3 km/h,66%,aqi_nha-trang_2025_apr.csv
2025-04-16 10:16:12.726791+07:00,Nha Trang,64,/dl/web/weather/ic-w-04-scattered-clouds-full.svg,10.3 km/h,66%,aqi_nha-trang_2025_apr.csv
2025-04-16 11:01:51.926876+07:00,Nha Trang,62,/dl/web/weather/ic-w-04-scattered-clouds-full.svg,10.3 km/h,66%,aqi_nha-trang_2025_apr.csv
2025-04-16 12:01:59.087478+07:00,Nha Trang,62,/dl/web/weather/ic-w-04-scattered-clouds-full.svg,13.0 km/h,63%,aqi_nha-trang_2025_apr.csv
2025-04-16 13:02:22.269848+07:00,Nha Trang,62,/dl/web/weather/ic-w-04-scattered-clouds-full.svg,15.4 km/h,65%,aqi_nha-trang_2025_apr.csv
2025-04-16 14:01:57.488333+07:00,Nha Trang,62,/dl/web/weather/ic-w-04-scattered-clouds-full.svg,15.4 km/h,66%,aqi_nha-trang_2025_apr.csv
2025-04-16 15:02:05.907396+07:00,Nha Trang,62,/dl/web/weather/ic-w-04-scattered-clouds-full.svg,14.3 km/h,69%,aqi_nha-trang_2025_apr.csv
2025-04-16 16:02:04.887109+07:00,Nha Trang,62,/dl/web/weather/ic-w-04-scattered-clouds-full.svg,12.6 km/h,72%,aqi_nha-trang_2025_apr.csv
2025-04-16 17:02:06.352693+07:00,Nha Trang,61,/dl/web/weather/ic-w-04-scattered-clouds-full.svg,9.3 km/h,73%,aqi_nha-trang_2025_apr.csv
2025-04-16 18:01:48.220231+07:00,Nha Trang,61,/dl/web/weather/ic-w-04-scattered-clouds-full.svg,8.0 km/h,77%,aqi_nha-trang_2025_apr.csv
2025-04-16 19:02:18.857126+07:00,Nha Trang,61,/dl/web/weather/ic-w-04-scattered-clouds-full.svg,5.5 km/h,83%,aqi_nha-trang_2025_apr.csv
2025-04-16 20:09:06.410613+07:00,Nha Trang,61,/dl/web/weather/ic-w-10-night-clear-sky-full.svg,1.3 km/h,85%,aqi_nha-trang_2025_apr.csv
2025-04-16 21:02:07.866946+07:00,Nha Trang,61,/dl/web/weather/ic-w-10-night-clear-sky-full.svg,1.3 km/h,85%,aqi_nha-trang_2025_apr.csv
2025-04-16 22:02:04.994943+07:00,Nha Trang,61,/dl/web/weather/ic-w-11-night-few-clouds-full.svg,2.3 km/h,84%,aqi_nha-trang_2025_apr.csv
2025-04-16 23:02:15.828265+07:00,Nha Trang,63,/dl/web/weather/ic-w-04-scattered-clouds-full.svg,3.1 km/h,84%,aqi_nha-trang_2025_apr.csv
2025-04-17 00:01:48.210387+07:00,Nha Trang,63,/dl/web/weather/ic-w-04-scattered-clouds-full.svg,3.5 km/h,88%,aqi_nha-trang_2025_apr.csv
2025-04-17 01:02:11.251421+07:00,Nha Trang,63,/dl/web/weather/ic-w-11-night-few-clouds-full.svg,3.5 km/h,88%,aqi_nha-trang_2025_apr.csv
2025-04-17 02:01:50.804547+07:00,Nha Trang,66,/dl/web/weather/ic-w-11-night-few-clouds-full.svg,4.3 km/h,88%,aqi_nha-trang_2025_apr.csv
2025-04-17 03:02:01.160250+07:00,Nha Trang,66,/dl/web/weather/ic-w-04-scattered-clouds-full.svg,5.0 km/h,86%,aqi_nha-trang_2025_apr.csv
2025-04-17 04:01:52.289044+07:00,Nha Trang,66,/dl/web/weather/ic-w-04-scattered-clouds-full.svg,5.1 km/h,88%,aqi_nha-trang_2025_apr.csv
2025-04-17 05:01:52.788037+07:00,Nha Trang,68,/dl/web/weather/ic-w-04-scattered-clouds-full.svg,4.5 km/h,89%,aqi_nha-trang_2025_apr.csv
2025-04-17 06:01:46.173837+07:00,Nha Trang,68,/dl/web/weather/ic-w-04-scattered-clouds-full.svg,4.8 km/h,88%,aqi_nha-trang_2025_apr.csv
2025-04-17 07:05:08.196819+07:00,Nha Trang,68,/dl/web/weather/ic-w-04-scattered-clouds-full.svg,2.9 km/h,82%,aqi_nha-trang_2025_apr.csv
2025-04-17 08:29:19.119724+07:00,Nha Trang,66,/dl/web/weather/ic-w-04-scattered-clouds-full.svg,3.2 km/h,75%,aqi_nha-trang_2025_apr.csv
2025-04-17 09:29:00.905680+07:00,Nha Trang,66,/dl/web/weather/ic-w-04-scattered-clouds-full.svg,7.6 km/h,69%,aqi_nha-trang_2025_apr.csv
2025-04-17 10:15:48.014887+07:00,Nha Trang,66,/dl/web/weather/ic-w-04-scattered-clouds-full.svg,11.3 km/h,68%,aqi_nha-trang_2025_apr.csv
2025-04-17 11:01:56.877298+07:00,Nha Trang,64,/dl/web/weather/ic-w-04-scattered-clouds-full.svg,11.3 km/h,68%,aqi_nha-trang_2025_apr.csv
2025-04-17 12:01:56.472300+07:00,Nha Trang,64,/dl/web/weather/ic-w-04-scattered-clouds-full.svg,15.3 km/h,63%,aqi_nha-trang_2025_apr.csv
2025-04-17 13:02:10.912334+07:00,Nha Trang,64,/dl/web/weather/ic-w-04-scattered-clouds-full.svg,16.1 km/h,62%,aqi_nha-trang_2025_apr.csv
2025-04-17 14:02:10.134312+07:00,Nha Trang,62,/dl/web/weather/ic-w-04-scattered-clouds-full.svg,16.6 km/h,64%,aqi_nha-trang_2025_apr.csv
2025-04-17 15:01:55.856586+07:00,Nha Trang,62,/dl/web/weather/ic-w-04-scattered-clouds-full.svg,17.4 km/h,66%,aqi_nha-trang_2025_apr.csv
2025-04-17 16:01:55.653612+07:00,Nha Trang,62,/dl/web/weather/ic-w-04-scattered-clouds-full.svg,17.4 km/h,69%,aqi_nha-trang_2025_apr.csv
2025-04-17 18:01:45.474792+07:00,Nha Trang,60,/dl/web/weather/ic-w-04-scattered-clouds-full.svg,13.5 km/h,68%,aqi_nha-trang_2025_apr.csv
2025-04-17 19:02:09.816512+07:00,Nha Trang,60,/dl/web/weather/ic-w-04-scattered-clouds-full.svg,9.5 km/h,77%,aqi_nha-trang_2025_apr.csv
2025-04-17 20:08:30.577742+07:00,Nha Trang,63,/dl/web/weather/ic-w-10-night-clear-sky-full.svg,8.2 km/h,86%,aqi_nha-trang_2025_apr.csv
2025-04-17 21:02:01.428141+07:00,Nha Trang,63,/dl/web/weather/ic-w-10-night-clear-sky-full.svg,8.2 km/h,86%,aqi_nha-trang_2025_apr.csv
2025-04-17 22:02:06.717276+07:00,Nha Trang,63,/dl/web/weather/ic-w-11-night-few-clouds-full.svg,6.4 km/h,84%,aqi_nha-trang_2025_apr.csv
2025-04-17 23:01:55.071353+07:00,Nha Trang,67,/dl/web/weather/ic-w-11-night-few-clouds-full.svg,4.5 km/h,87%,aqi_nha-trang_2025_apr.csv
2025-04-18 00:01:57.582903+07:00,Nha Trang,67,/dl/web/weather/ic-w-04-scattered-clouds-full.svg,4.3 km/h,84%,aqi_nha-trang_2025_apr.csv
2025-04-18 01:02:15.862757+07:00,Nha Trang,67,/dl/web/weather/ic-w-04-scattered-clouds-full.svg,4.3 km/h,84%,aqi_nha-trang_2025_apr.csv
2025-04-18 02:01:43.117513+07:00,Nha Trang,66,/dl/web/weather/ic-w-04-scattered-clouds-full.svg,3.7 km/h,86%,aqi_nha-trang_2025_apr.csv
2025-04-18 03:02:04.615263+07:00,Nha Trang,66,/dl/web/weather/ic-w-04-scattered-clouds-full.svg,3.9 km/h,86%,aqi_nha-trang_2025_apr.csv
2025-04-18 04:02:00.935057+07:00,Nha Trang,66,/dl/web/weather/ic-w-04-scattered-clouds-full.svg,4.8 km/h,88%,aqi_nha-trang_2025_apr.csv
2025-04-18 05:01:48.041260+07:00,Nha Trang,65,/dl/web/weather/ic-w-04-scattered-clouds-full.svg,4.3 km/h,86%,aqi_nha-trang_2025_apr.csv
2025-04-18 06:01:56.114215+07:00,Nha Trang,65,/dl/web/weather/ic-w-04-scattered-clouds-full.svg,3.9 km/h,89%,aqi_nha-trang_2025_apr.csv
2025-04-18 07:04:53.694642+07:00,Nha Trang,65,/dl/web/weather/ic-w-04-scattered-clouds-full.svg,2.9 km/h,84%,aqi_nha-trang_2025_apr.csv
2025-04-18 08:29:09.709639+07:00,Nha Trang,67,/dl/web/weather/ic-w-04-scattered-clouds-full.svg,2.4 km/h,74%,aqi_nha-trang_2025_apr.csv
2025-04-18 09:28:14.097927+07:00,Nha Trang,67,/dl/web/weather/ic-w-04-scattered-clouds-full.svg,6.9 km/h,67%,aqi_nha-trang_2025_apr.csv
2025-04-18 10:14:22.461947+07:00,Nha Trang,67,/dl/web/weather/ic-w-04-scattered-clouds-full.svg,10.9 km/h,64%,aqi_nha-trang_2025_apr.csv
2025-04-18 11:02:08.289215+07:00,Nha Trang,63,/dl/web/weather/ic-w-04-scattered-clouds-full.svg,10.9 km/h,64%,aqi_nha-trang_2025_apr.csv
2025-04-18 12:01:51.268212+07:00,Nha Trang,63,/dl/web/weather/ic-w-04-scattered-clouds-full.svg,15.9 km/h,61%,aqi_nha-trang_2025_apr.csv
2025-04-18 13:02:07.613947+07:00,Nha Trang,63,/dl/web/weather/ic-w-04-scattered-clouds-full.svg,18.2 km/h,58%,aqi_nha-trang_2025_apr.csv
2025-04-18 14:02:06.296627+07:00,Nha Trang,63,/dl/web/weather/ic-w-04-scattered-clouds-full.svg,15.4 km/h,60%,aqi_nha-trang_2025_apr.csv
2025-04-18 15:01:57.635595+07:00,Nha Trang,63,/dl/web/weather/ic-w-04-scattered-clouds-full.svg,16.1 km/h,58%,aqi_nha-trang_2025_apr.csv
2025-04-18 16:01:51.789387+07:00,Nha Trang,63,/dl/web/weather/ic-w-04-scattered-clouds-full.svg,16.1 km/h,59%,aqi_nha-trang_2025_apr.csv
2025-04-18 17:01:50.231825+07:00,Nha Trang,67,/dl/web/weather/ic-w-04-scattered-clouds-full.svg,14.6 km/h,61%,aqi_nha-trang_2025_apr.csv
2025-04-18 19:02:12.135414+07:00,Nha Trang,67,/dl/web/weather/ic-w-04-scattered-clouds-full.svg,12.4 km/h,70%,aqi_nha-trang_2025_apr.csv
2025-04-18 20:07:22.468270+07:00,Nha Trang,67,/dl/web/weather/ic-w-10-night-clear-sky-full.svg,8.5 km/h,74%,aqi_nha-trang_2025_apr.csv
2025-04-18 21:01:42.148176+07:00,Nha Trang,67,/dl/web/weather/ic-w-10-night-clear-sky-full.svg,8.5 km/h,74%,aqi_nha-trang_2025_apr.csv
2025-04-18 22:01:57.819131+07:00,Nha Trang,67,/dl/web/weather/ic-w-10-night-clear-sky-full.svg,7.1 km/h,82%,aqi_nha-trang_2025_apr.csv
2025-04-18 23:01:58.077813+07:00,Nha Trang,69,/dl/web/weather/ic-w-10-night-clear-sky-full.svg,5.6 km/h,86%,aqi_nha-trang_2025_apr.csv
2025-04-19 00:02:00.847008+07:00,Nha Trang,69,/dl/web/weather/ic-w-11-night-few-clouds-full.svg,5.5 km/h,83%,aqi_nha-trang_2025_apr.csv
2025-04-19 01:02:05.544857+07:00,Nha Trang,69,/dl/web/weather/ic-w-11-night-few-clouds-full.svg,4.3 km/h,86%,aqi_nha-trang_2025_apr.csv
2025-04-19 02:01:44.137301+07:00,Nha Trang,69,/dl/web/weather/ic-w-04-scattered-clouds-full.svg,4.2 km/h,87%,aqi_nha-trang_2025_apr.csv
2025-04-19 03:01:50.932379+07:00,Nha Trang,69,/dl/web/weather/ic-w-04-scattered-clouds-full.svg,3.9 km/h,89%,aqi_nha-trang_2025_apr.csv
2025-04-19 04:01:54.296905+07:00,Nha Trang,69,/dl/web/weather/ic-w-04-scattered-clouds-full.svg,4.0 km/h,88%,aqi_nha-trang_2025_apr.csv
2025-04-19 05:01:59.814760+07:00,Nha Trang,66,/dl/web/weather/ic-w-04-scattered-clouds-full.svg,4.2 km/h,92%,aqi_nha-trang_2025_apr.csv
2025-04-19 06:01:54.523684+07:00,Nha Trang,66,/dl/web/weather/ic-w-04-scattered-clouds-full.svg,3.9 km/h,88%,aqi_nha-trang_2025_apr.csv
2025-04-19 07:04:38.686230+07:00,Nha Trang,66,/dl/web/weather/ic-w-04-scattered-clouds-full.svg,2.9 km/h,85%,aqi_nha-trang_2025_apr.csv
2025-04-19 08:28:59.185762+07:00,Nha Trang,66,/dl/web/weather/ic-w-04-scattered-clouds-full.svg,1.9 km/h,76%,aqi_nha-trang_2025_apr.csv
2025-04-19 09:26:50.776615+07:00,Nha Trang,66,/dl/web/weather/ic-w-04-scattered-clouds-full.svg,6.0 km/h,77%,aqi_nha-trang_2025_apr.csv
2025-04-19 10:11:43.611920+07:00,Nha Trang,66,/dl/web/weather/ic-w-02-new-clouds-full.svg,10.6 km/h,77%,aqi_nha-trang_2025_apr.csv
2025-04-19 11:01:53.649019+07:00,Nha Trang,68,/dl/web/weather/ic-w-02-new-clouds-full.svg,10.6 km/h,77%,aqi_nha-trang_2025_apr.csv
2025-04-19 12:02:02.355611+07:00,Nha Trang,68,/dl/web/weather/ic-w-02-new-clouds-full.svg,14.5 km/h,57%,aqi_nha-trang_2025_apr.csv
2025-04-19 13:02:02.872735+07:00,Nha Trang,68,/dl/web/weather/ic-w-02-new-clouds-full.svg,17.1 km/h,55%,aqi_nha-trang_2025_apr.csv
2025-04-19 14:01:44.612296+07:00,Nha Trang,67,/dl/web/weather/ic-w-02-new-clouds-full.svg,16.7 km/h,58%,aqi_nha-trang_2025_apr.csv
2025-04-19 15:01:53.160096+07:00,Nha Trang,67,/dl/web/weather/ic-w-01-clear-sky-full.svg,16.4 km/h,61%,aqi_nha-trang_2025_apr.csv
2025-04-19 16:01:48.529163+07:00,Nha Trang,67,/dl/web/weather/ic-w-02-new-clouds-full.svg,17.1 km/h,60%,aqi_nha-trang_2025_apr.csv
2025-04-19 17:01:59.576497+07:00,Nha Trang,67,/dl/web/weather/ic-w-01-clear-sky-full.svg,16.7 km/h,66%,aqi_nha-trang_2025_apr.csv
2025-04-19 18:02:01.715357+07:00,Nha Trang,67,/dl/web/weather/ic-w-02-new-clouds-full.svg,15.1 km/h,68%,aqi_nha-trang_2025_apr.csv
2025-04-19 19:01:58.345455+07:00,Nha Trang,67,/dl/web/weather/ic-w-10-night-clear-sky-full.svg,10.0 km/h,77%,aqi_nha-trang_2025_apr.csv
2025-04-19 20:05:37.458774+07:00,Nha Trang,66,/dl/web/weather/ic-w-10-night-clear-sky-full.svg,7.4 km/h,82%,aqi_nha-trang_2025_apr.csv
2025-04-19 21:01:53.888390+07:00,Nha Trang,66,/dl/web/weather/ic-w-10-night-clear-sky-full.svg,7.4 km/h,82%,aqi_nha-trang_2025_apr.csv
2025-04-19 22:01:45.697041+07:00,Nha Trang,66,/dl/web/weather/ic-w-04-scattered-clouds-full.svg,6.4 km/h,84%,aqi_nha-trang_2025_apr.csv
2025-04-19 23:01:54.772561+07:00,Nha Trang,68,/dl/web/weather/ic-w-04-scattered-clouds-full.svg,5.1 km/h,84%,aqi_nha-trang_2025_apr.csv
2025-04-20 00:01:52.699180+07:00,Nha Trang,68,/dl/web/weather/ic-w-04-scattered-clouds-full.svg,4.5 km/h,91%,aqi_nha-trang_2025_apr.csv
2025-04-20 01:01:55.853313+07:00,Nha Trang,68,/dl/web/weather/ic-w-04-scattered-clouds-full.svg,4.5 km/h,91%,aqi_nha-trang_2025_apr.csv
2025-04-20 02:01:48.283437+07:00,Nha Trang,69,/dl/web/weather/ic-w-04-scattered-clouds-full.svg,5.8 km/h,92%,aqi_nha-trang_2025_apr.csv
2025-04-20 03:02:03.293035+07:00,Nha Trang,69,/dl/web/weather/ic-w-04-scattered-clouds-full.svg,6.3 km/h,88%,aqi_nha-trang_2025_apr.csv
2025-04-20 04:01:44.717673+07:00,Nha Trang,69,/dl/web/weather/ic-w-04-scattered-clouds-full.svg,6.0 km/h,90%,aqi_nha-trang_2025_apr.csv
2025-04-20 05:01:49.561071+07:00,Nha Trang,69,/dl/web/weather/ic-w-04-scattered-clouds-full.svg,5.3 km/h,91%,aqi_nha-trang_2025_apr.csv
2025-04-20 06:01:44.233092+07:00,Nha Trang,69,/dl/web/weather/ic-w-04-scattered-clouds-full.svg,5.6 km/h,90%,aqi_nha-trang_2025_apr.csv
2025-04-20 08:29:34.083036+07:00,Nha Trang,69,/dl/web/weather/ic-w-04-scattered-clouds-full.svg,2.3 km/h,72%,aqi_nha-trang_2025_apr.csv
2025-04-20 09:30:32.146027+07:00,Nha Trang,69,/dl/web/weather/ic-w-04-scattered-clouds-full.svg,5.1 km/h,61%,aqi_nha-trang_2025_apr.csv
2025-04-20 10:16:53.231940+07:00,Nha Trang,69,/dl/web/weather/ic-w-04-scattered-clouds-full.svg,10.8 km/h,58%,aqi_nha-trang_2025_apr.csv
2025-04-20 11:01:55.206870+07:00,Nha Trang,66,/dl/web/weather/ic-w-04-scattered-clouds-full.svg,10.8 km/h,58%,aqi_nha-trang_2025_apr.csv
2025-04-20 12:01:51.809504+07:00,Nha Trang,66,/dl/web/weather/ic-w-04-scattered-clouds-full.svg,14.8 km/h,59%,aqi_nha-trang_2025_apr.csv
2025-04-20 13:01:55.237743+07:00,Nha Trang,66,/dl/web/weather/ic-w-04-scattered-clouds-full.svg,15.4 km/h,59%,aqi_nha-trang_2025_apr.csv
2025-04-20 14:02:01.612492+07:00,Nha Trang,67,/dl/web/weather/ic-w-04-scattered-clouds-full.svg,15.1 km/h,62%,aqi_nha-trang_2025_apr.csv
2025-04-20 15:01:57.997830+07:00,Nha Trang,67,/dl/web/weather/ic-w-04-scattered-clouds-full.svg,14.6 km/h,61%,aqi_nha-trang_2025_apr.csv
2025-04-20 16:01:40.494539+07:00,Nha Trang,67,/dl/web/weather/ic-w-04-scattered-clouds-full.svg,11.9 km/h,62%,aqi_nha-trang_2025_apr.csv
2025-04-20 17:02:02.105371+07:00,Nha Trang,56,/dl/web/weather/ic-w-04-scattered-clouds-full.svg,10.3 km/h,65%,aqi_nha-trang_2025_apr.csv
2025-04-20 18:01:44.955110+07:00,Nha Trang,56,/dl/web/weather/ic-w-04-scattered-clouds-full.svg,8.9 km/h,65%,aqi_nha-trang_2025_apr.csv
2025-04-20 19:02:04.075288+07:00,Nha Trang,56,/dl/web/weather/ic-w-04-scattered-clouds-full.svg,5.5 km/h,74%,aqi_nha-trang_2025_apr.csv
2025-04-20 20:06:51.267750+07:00,Nha Trang,62,/dl/web/weather/ic-w-10-night-clear-sky-full.svg,4.2 km/h,79%,aqi_nha-trang_2025_apr.csv
2025-04-20 21:01:45.474795+07:00,Nha Trang,62,/dl/web/weather/ic-w-10-night-clear-sky-full.svg,4.2 km/h,79%,aqi_nha-trang_2025_apr.csv
2025-04-20 22:01:43.607350+07:00,Nha Trang,62,/dl/web/weather/ic-w-12-night-rain-full.svg,4.0 km/h,82%,aqi_nha-trang_2025_apr.csv
2025-04-20 23:02:03.200502+07:00,Nha Trang,70,/dl/web/weather/ic-w-04-scattered-clouds-full.svg,4.0 km/h,86%,aqi_nha-trang_2025_apr.csv
2025-04-21 00:01:58.367389+07:00,Nha Trang,70,/dl/web/weather/ic-w-11-night-few-clouds-full.svg,5.1 km/h,82%,aqi_nha-trang_2025_apr.csv
2025-04-21 02:01:49.861274+07:00,Nha Trang,69,/dl/web/weather/ic-w-11-night-few-clouds-full.svg,8.4 km/h,86%,aqi_nha-trang_2025_apr.csv
2025-04-21 03:01:52.424464+07:00,Nha Trang,69,/dl/web/weather/ic-w-04-scattered-clouds-full.svg,8.4 km/h,87%,aqi_nha-trang_2025_apr.csv
2025-04-21 04:01:53.442911+07:00,Nha Trang,69,/dl/web/weather/ic-w-04-scattered-clouds-full.svg,8.2 km/h,82%,aqi_nha-trang_2025_apr.csv
2025-04-21 05:01:44.594129+07:00,Nha Trang,64,/dl/web/weather/ic-w-04-scattered-clouds-full.svg,8.0 km/h,84%,aqi_nha-trang_2025_apr.csv
2025-04-21 06:01:47.695663+07:00,Nha Trang,64,/dl/web/weather/ic-w-04-scattered-clouds-full.svg,8.4 km/h,84%,aqi_nha-trang_2025_apr.csv
2025-04-21 07:05:05.037243+07:00,Nha Trang,64,/dl/web/weather/ic-w-04-scattered-clouds-full.svg,7.6 km/h,77%,aqi_nha-trang_2025_apr.csv
2025-04-21 08:29:29.460121+07:00,Nha Trang,64,/dl/web/weather/ic-w-01-clear-sky-full.svg,4.5 km/h,67%,aqi_nha-trang_2025_apr.csv
2025-04-21 09:30:46.104508+07:00,Nha Trang,64,/dl/web/weather/ic-w-01-clear-sky-full.svg,3.1 km/h,62%,aqi_nha-trang_2025_apr.csv
2025-04-21 10:18:15.564118+07:00,Nha Trang,64,/dl/web/weather/ic-w-01-clear-sky-full.svg,10.0 km/h,58%,aqi_nha-trang_2025_apr.csv
2025-04-21 11:02:58.237556+07:00,Nha Trang,60,/dl/web/weather/ic-w-01-clear-sky-full.svg,10.0 km/h,58%,aqi_nha-trang_2025_apr.csv
2025-04-21 12:01:54.393872+07:00,Nha Trang,60,/dl/web/weather/ic-w-01-clear-sky-full.svg,13.5 km/h,58%,aqi_nha-trang_2025_apr.csv
2025-04-21 13:02:03.100418+07:00,Nha Trang,60,/dl/web/weather/ic-w-01-clear-sky-full.svg,15.6 km/h,59%,aqi_nha-trang_2025_apr.csv
2025-04-21 14:01:53.810257+07:00,Nha Trang,52,/dl/web/weather/ic-w-04-scattered-clouds-full.svg,15.6 km/h,60%,aqi_nha-trang_2025_apr.csv
2025-04-21 15:02:08.131865+07:00,Nha Trang,52,/dl/web/weather/ic-w-04-scattered-clouds-full.svg,13.7 km/h,61%,aqi_nha-trang_2025_apr.csv
2025-04-21 16:01:56.300711+07:00,Nha Trang,52,/dl/web/weather/ic-w-02-new-clouds-full.svg,12.4 km/h,63%,aqi_nha-trang_2025_apr.csv
2025-04-21 17:02:01.241261+07:00,Nha Trang,41,/dl/web/weather/ic-w-02-new-clouds-full.svg,10.1 km/h,63%,aqi_nha-trang_2025_apr.csv
2025-04-21 18:01:53.365000+07:00,Nha Trang,41,/dl/web/weather/ic-w-02-new-clouds-full.svg,8.9 km/h,70%,aqi_nha-trang_2025_apr.csv
2025-04-21 19:02:09.126477+07:00,Nha Trang,41,/dl/web/weather/ic-w-11-night-few-clouds-full.svg,5.3 km/h,76%,aqi_nha-trang_2025_apr.csv
2025-04-21 20:08:01.528282+07:00,Nha Trang,43,/dl/web/weather/ic-w-10-night-clear-sky-full.svg,4.7 km/h,85%,aqi_nha-trang_2025_apr.csv
2025-04-21 21:02:05.377953+07:00,Nha Trang,43,/dl/web/weather/ic-w-10-night-clear-sky-full.svg,4.7 km/h,85%,aqi_nha-trang_2025_apr.csv
2025-04-21 22:01:58.333221+07:00,Nha Trang,43,/dl/web/weather/ic-w-10-night-clear-sky-full.svg,4.7 km/h,85%,aqi_nha-trang_2025_apr.csv
2025-04-21 23:01:56.823239+07:00,Nha Trang,55,/dl/web/weather/ic-w-10-night-clear-sky-full.svg,5.5 km/h,85%,aqi_nha-trang_2025_apr.csv
2025-04-22 00:01:55.067032+07:00,Nha Trang,55,/dl/web/weather/ic-w-11-night-few-clouds-full.svg,5.8 km/h,89%,aqi_nha-trang_2025_apr.csv
2025-04-22 01:02:15.986316+07:00,Nha Trang,55,/dl/web/weather/ic-w-11-night-few-clouds-full.svg,6.3 km/h,87%,aqi_nha-trang_2025_apr.csv
2025-04-22 02:01:58.095775+07:00,Nha Trang,67,/dl/web/weather/ic-w-11-night-few-clouds-full.svg,7.1 km/h,85%,aqi_nha-trang_2025_apr.csv
2025-04-22 03:02:18.707768+07:00,Nha Trang,67,/dl/web/weather/ic-w-04-scattered-clouds-full.svg,8.4 km/h,89%,aqi_nha-trang_2025_apr.csv
2025-04-22 04:01:53.409442+07:00,Nha Trang,67,/dl/web/weather/ic-w-04-scattered-clouds-full.svg,8.4 km/h,87%,aqi_nha-trang_2025_apr.csv
2025-04-22 05:01:58.814364+07:00,Nha Trang,69,/dl/web/weather/ic-w-04-scattered-clouds-full.svg,7.6 km/h,86%,aqi_nha-trang_2025_apr.csv
2025-04-22 06:01:56.948076+07:00,Nha Trang,69,/dl/web/weather/ic-w-04-scattered-clouds-full.svg,8.0 km/h,85%,aqi_nha-trang_2025_apr.csv
2025-04-22 07:05:22.183992+07:00,Nha Trang,69,/dl/web/weather/ic-w-04-scattered-clouds-full.svg,4.7 km/h,79%,aqi_nha-trang_2025_apr.csv
2025-04-22 08:29:27.095312+07:00,Nha Trang,66,/dl/web/weather/ic-w-04-scattered-clouds-full.svg,1.9 km/h,70%,aqi_nha-trang_2025_apr.csv
2025-04-22 09:29:02.404579+07:00,Nha Trang,66,/dl/web/weather/ic-w-04-scattered-clouds-full.svg,5.6 km/h,67%,aqi_nha-trang_2025_apr.csv
2025-04-22 10:15:56.334066+07:00,Nha Trang,66,/dl/web/weather/ic-w-04-scattered-clouds-full.svg,11.6 km/h,64%,aqi_nha-trang_2025_apr.csv
2025-04-22 11:02:06.509867+07:00,Nha Trang,55,/dl/web/weather/ic-w-04-scattered-clouds-full.svg,11.6 km/h,64%,aqi_nha-trang_2025_apr.csv
2025-04-22 12:02:07.820728+07:00,Nha Trang,55,/dl/web/weather/ic-w-04-scattered-clouds-full.svg,13.7 km/h,62%,aqi_nha-trang_2025_apr.csv
2025-04-22 13:02:06.453801+07:00,Nha Trang,55,/dl/web/weather/ic-w-04-scattered-clouds-full.svg,13.4 km/h,60%,aqi_nha-trang_2025_apr.csv
2025-04-22 14:01:54.638649+07:00,Nha Trang,39,/dl/web/weather/ic-w-04-scattered-clouds-full.svg,14.8 km/h,61%,aqi_nha-trang_2025_apr.csv
2025-04-22 15:02:19.697059+07:00,Nha Trang,39,/dl/web/weather/ic-w-04-scattered-clouds-full.svg,14.6 km/h,60%,aqi_nha-trang_2025_apr.csv
2025-04-22 16:01:56.039512+07:00,Nha Trang,39,/dl/web/weather/ic-w-04-scattered-clouds-full.svg,12.2 km/h,64%,aqi_nha-trang_2025_apr.csv
2025-04-22 17:01:54.180386+07:00,Nha Trang,38,/dl/web/weather/ic-w-04-scattered-clouds-full.svg,10.9 km/h,67%,aqi_nha-trang_2025_apr.csv
2025-04-22 18:02:13.490680+07:00,Nha Trang,38,/dl/web/weather/ic-w-04-scattered-clouds-full.svg,10.0 km/h,70%,aqi_nha-trang_2025_apr.csv
2025-04-22 19:02:20.593083+07:00,Nha Trang,38,/dl/web/weather/ic-w-04-scattered-clouds-full.svg,10.8 km/h,74%,aqi_nha-trang_2025_apr.csv
2025-04-22 20:09:02.517866+07:00,Nha Trang,26,/dl/web/weather/ic-w-04-scattered-clouds-full.svg,9.5 km/h,75%,aqi_nha-trang_2025_apr.csv
2025-04-22 21:01:56.504341+07:00,Nha Trang,26,/dl/web/weather/ic-w-04-scattered-clouds-full.svg,9.5 km/h,75%,aqi_nha-trang_2025_apr.csv
2025-04-22 22:01:55.103532+07:00,Nha Trang,26,/dl/web/weather/ic-w-04-scattered-clouds-full.svg,7.7 km/h,80%,aqi_nha-trang_2025_apr.csv
2025-04-22 23:02:12.215012+07:00,Nha Trang,50,/dl/web/weather/ic-w-04-scattered-clouds-full.svg,5.5 km/h,80%,aqi_nha-trang_2025_apr.csv
2025-04-23 00:01:47.351376+07:00,Nha Trang,50,/dl/web/weather/ic-w-04-scattered-clouds-full.svg,5.3 km/h,82%,aqi_nha-trang_2025_apr.csv
2025-04-23 01:02:00.173171+07:00,Nha Trang,50,/dl/web/weather/ic-w-04-scattered-clouds-full.svg,6.3 km/h,79%,aqi_nha-trang_2025_apr.csv
2025-04-23 02:01:58.403222+07:00,Nha Trang,66,/dl/web/weather/ic-w-04-scattered-clouds-full.svg,6.4 km/h,82%,aqi_nha-trang_2025_apr.csv
2025-04-23 03:01:57.689348+07:00,Nha Trang,66,/dl/web/weather/ic-w-04-scattered-clouds-full.svg,6.3 km/h,83%,aqi_nha-trang_2025_apr.csv
2025-04-23 04:01:50.957185+07:00,Nha Trang,66,/dl/web/weather/ic-w-04-scattered-clouds-full.svg,6.0 km/h,80%,aqi_nha-trang_2025_apr.csv
2025-04-23 05:02:09.284264+07:00,Nha Trang,67,/dl/web/weather/ic-w-04-scattered-clouds-full.svg,6.1 km/h,80%,aqi_nha-trang_2025_apr.csv
2025-04-23 06:01:58.728668+07:00,Nha Trang,67,/dl/web/weather/ic-w-04-scattered-clouds-full.svg,5.5 km/h,82%,aqi_nha-trang_2025_apr.csv
2025-04-23 07:04:51.858784+07:00,Nha Trang,67,/dl/web/weather/ic-w-04-scattered-clouds-full.svg,3.9 km/h,70%,aqi_nha-trang_2025_apr.csv
2025-04-23 08:29:20.985291+07:00,Nha Trang,67,/dl/web/weather/ic-w-04-scattered-clouds-full.svg,1.9 km/h,70%,aqi_nha-trang_2025_apr.csv
2025-04-23 09:29:17.568543+07:00,Nha Trang,67,/dl/web/weather/ic-w-04-scattered-clouds-full.svg,7.4 km/h,62%,aqi_nha-trang_2025_apr.csv
2025-04-23 10:16:17.683514+07:00,Nha Trang,67,/dl/web/weather/ic-w-04-scattered-clouds-full.svg,11.3 km/h,62%,aqi_nha-trang_2025_apr.csv
2025-04-23 11:02:00.114449+07:00,Nha Trang,65,/dl/web/weather/ic-w-04-scattered-clouds-full.svg,11.3 km/h,62%,aqi_nha-trang_2025_apr.csv
2025-04-23 12:01:47.352056+07:00,Nha Trang,65,/dl/web/weather/ic-w-04-scattered-clouds-full.svg,13.2 km/h,65%,aqi_nha-trang_2025_apr.csv
2025-04-23 13:02:31.471923+07:00,Nha Trang,65,/dl/web/weather/ic-w-04-scattered-clouds-full.svg,17.2 km/h,57%,aqi_nha-trang_2025_apr.csv
2025-04-23 14:01:55.902311+07:00,Nha Trang,64,/dl/web/weather/ic-w-04-scattered-clouds-full.svg,20.4 km/h,55%,aqi_nha-trang_2025_apr.csv
2025-04-23 15:02:09.712788+07:00,Nha Trang,64,/dl/web/weather/ic-w-04-scattered-clouds-full.svg,21.1 km/h,60%,aqi_nha-trang_2025_apr.csv
2025-04-23 16:02:14.377808+07:00,Nha Trang,64,/dl/web/weather/ic-w-04-scattered-clouds-full.svg,19.8 km/h,60%,aqi_nha-trang_2025_apr.csv
2025-04-23 17:02:06.141044+07:00,Nha Trang,60,/dl/web/weather/ic-w-04-scattered-clouds-full.svg,18.0 km/h,65%,aqi_nha-trang_2025_apr.csv
2025-04-23 18:01:56.032786+07:00,Nha Trang,60,/dl/web/weather/ic-w-04-scattered-clouds-full.svg,15.0 km/h,74%,aqi_nha-trang_2025_apr.csv
2025-04-23 19:02:21.976282+07:00,Nha Trang,60,/dl/web/weather/ic-w-04-scattered-clouds-full.svg,11.3 km/h,79%,aqi_nha-trang_2025_apr.csv
2025-04-23 20:09:38.572779+07:00,Nha Trang,60,/dl/web/weather/ic-w-04-scattered-clouds-full.svg,9.2 km/h,80%,aqi_nha-trang_2025_apr.csv
2025-04-23 21:02:06.323460+07:00,Nha Trang,60,/dl/web/weather/ic-w-04-scattered-clouds-full.svg,9.2 km/h,80%,aqi_nha-trang_2025_apr.csv
2025-04-23 22:02:04.737917+07:00,Nha Trang,60,/dl/web/weather/ic-w-04-scattered-clouds-full.svg,7.9 km/h,77%,aqi_nha-trang_2025_apr.csv
2025-04-23 23:02:21.026943+07:00,Nha Trang,64,/dl/web/weather/ic-w-04-scattered-clouds-full.svg,6.1 km/h,81%,aqi_nha-trang_2025_apr.csv
2025-04-24 00:02:11.390928+07:00,Nha Trang,64,/dl/web/weather/ic-w-04-scattered-clouds-full.svg,6.3 km/h,82%,aqi_nha-trang_2025_apr.csv
2025-04-24 01:02:27.043082+07:00,Nha Trang,64,/dl/web/weather/ic-w-04-scattered-clouds-full.svg,5.5 km/h,85%,aqi_nha-trang_2025_apr.csv
2025-04-24 02:01:43.299265+07:00,Nha Trang,65,/dl/web/weather/ic-w-04-scattered-clouds-full.svg,5.6 km/h,84%,aqi_nha-trang_2025_apr.csv
2025-04-24 03:01:53.503328+07:00,Nha Trang,65,/dl/web/weather/ic-w-04-scattered-clouds-full.svg,4.5 km/h,82%,aqi_nha-trang_2025_apr.csv
2025-04-24 04:01:56.229218+07:00,Nha Trang,65,/dl/web/weather/ic-w-04-scattered-clouds-full.svg,5.1 km/h,85%,aqi_nha-trang_2025_apr.csv
2025-04-24 05:01:57.049054+07:00,Nha Trang,63,/dl/web/weather/ic-w-04-scattered-clouds-full.svg,4.5 km/h,84%,aqi_nha-trang_2025_apr.csv
2025-04-24 06:02:03.364701+07:00,Nha Trang,63,/dl/web/weather/ic-w-04-scattered-clouds-full.svg,5.5 km/h,84%,aqi_nha-trang_2025_apr.csv
2025-04-24 07:04:48.423912+07:00,Nha Trang,63,/dl/web/weather/ic-w-04-scattered-clouds-full.svg,3.2 km/h,73%,aqi_nha-trang_2025_apr.csv
2025-04-24 08:29:36.297159+07:00,Nha Trang,63,/dl/web/weather/ic-w-04-scattered-clouds-full.svg,0.8 km/h,66%,aqi_nha-trang_2025_apr.csv
2025-04-24 09:29:50.784366+07:00,Nha Trang,63,/dl/web/weather/ic-w-04-scattered-clouds-full.svg,4.5 km/h,61%,aqi_nha-trang_2025_apr.csv
2025-04-24 10:17:03.139580+07:00,Nha Trang,63,/dl/web/weather/ic-w-04-scattered-clouds-full.svg,9.7 km/h,60%,aqi_nha-trang_2025_apr.csv
2025-04-24 11:02:01.938716+07:00,Nha Trang,62,/dl/web/weather/ic-w-04-scattered-clouds-full.svg,9.7 km/h,60%,aqi_nha-trang_2025_apr.csv
2025-04-24 12:01:57.538599+07:00,Nha Trang,62,/dl/web/weather/ic-w-04-scattered-clouds-full.svg,12.9 km/h,58%,aqi_nha-trang_2025_apr.csv
2025-04-24 13:02:08.126767+07:00,Nha Trang,62,/dl/web/weather/ic-w-04-scattered-clouds-full.svg,15.0 km/h,58%,aqi_nha-trang_2025_apr.csv
2025-04-24 14:02:18.390306+07:00,Nha Trang,66,/dl/web/weather/ic-w-04-scattered-clouds-full.svg,19.5 km/h,57%,aqi_nha-trang_2025_apr.csv
2025-04-24 15:02:09.967075+07:00,Nha Trang,66,/dl/web/weather/ic-w-04-scattered-clouds-full.svg,19.5 km/h,58%,aqi_nha-trang_2025_apr.csv
2025-04-24 16:02:03.992727+07:00,Nha Trang,66,/dl/web/weather/ic-w-04-scattered-clouds-full.svg,22.9 km/h,56%,aqi_nha-trang_2025_apr.csv
2025-04-24 17:02:08.918875+07:00,Nha Trang,64,/dl/web/weather/ic-w-04-scattered-clouds-full.svg,19.3 km/h,63%,aqi_nha-trang_2025_apr.csv
2025-04-24 18:01:54.114921+07:00,Nha Trang,64,/dl/web/weather/ic-w-04-scattered-clouds-full.svg,15.9 km/h,70%,aqi_nha-trang_2025_apr.csv
2025-04-24 19:02:17.155987+07:00,Nha Trang,64,/dl/web/weather/ic-w-04-scattered-clouds-full.svg,11.6 km/h,75%,aqi_nha-trang_2025_apr.csv
2025-04-24 20:09:47.379747+07:00,Nha Trang,62,/dl/web/weather/ic-w-04-scattered-clouds-full.svg,8.7 km/h,77%,aqi_nha-trang_2025_apr.csv
2025-04-24 21:02:06.035149+07:00,Nha Trang,62,/dl/web/weather/ic-w-04-scattered-clouds-full.svg,8.7 km/h,77%,aqi_nha-trang_2025_apr.csv
2025-04-24 22:02:05.777088+07:00,Nha Trang,62,/dl/web/weather/ic-w-04-scattered-clouds-full.svg,5.0 km/h,78%,aqi_nha-trang_2025_apr.csv
2025-04-24 23:02:13.807704+07:00,Nha Trang,65,/dl/web/weather/ic-w-04-scattered-clouds-full.svg,2.3 km/h,80%,aqi_nha-trang_2025_apr.csv
2025-04-25 00:01:54.784710+07:00,Nha Trang,65,/dl/web/weather/ic-w-04-scattered-clouds-full.svg,1.8 km/h,78%,aqi_nha-trang_2025_apr.csv
2025-04-25 01:02:00.253208+07:00,Nha Trang,65,/dl/web/weather/ic-w-04-scattered-clouds-full.svg,2.4 km/h,80%,aqi_nha-trang_2025_apr.csv
2025-04-25 02:01:53.609956+07:00,Nha Trang,66,/dl/web/weather/ic-w-04-scattered-clouds-full.svg,2.4 km/h,80%,aqi_nha-trang_2025_apr.csv
2025-04-25 03:02:07.239850+07:00,Nha Trang,66,/dl/web/weather/ic-w-04-scattered-clouds-full.svg,4.2 km/h,78%,aqi_nha-trang_2025_apr.csv
2025-04-25 04:01:57.204854+07:00,Nha Trang,66,/dl/web/weather/ic-w-04-scattered-clouds-full.svg,6.3 km/h,78%,aqi_nha-trang_2025_apr.csv
2025-04-25 06:01:50.967866+07:00,Nha Trang,65,/dl/web/weather/ic-w-04-scattered-clouds-full.svg,7.2 km/h,83%,aqi_nha-trang_2025_apr.csv
2025-04-25 07:04:47.480859+07:00,Nha Trang,65,/dl/web/weather/ic-w-02-new-clouds-full.svg,6.0 km/h,75%,aqi_nha-trang_2025_apr.csv
2025-04-25 08:29:28.516705+07:00,Nha Trang,64,/dl/web/weather/ic-w-04-scattered-clouds-full.svg,1.8 km/h,67%,aqi_nha-trang_2025_apr.csv
2025-04-25 09:29:56.564465+07:00,Nha Trang,64,/dl/web/weather/ic-w-04-scattered-clouds-full.svg,6.4 km/h,58%,aqi_nha-trang_2025_apr.csv
2025-04-25 10:16:37.899429+07:00,Nha Trang,64,/dl/web/weather/ic-w-02-new-clouds-full.svg,11.4 km/h,56%,aqi_nha-trang_2025_apr.csv
2025-04-25 11:02:10.595121+07:00,Nha Trang,64,/dl/web/weather/ic-w-02-new-clouds-full.svg,11.4 km/h,56%,aqi_nha-trang_2025_apr.csv
2025-04-25 12:01:47.409744+07:00,Nha Trang,64,/dl/web/weather/ic-w-02-new-clouds-full.svg,12.9 km/h,62%,aqi_nha-trang_2025_apr.csv
2025-04-25 13:02:06.030867+07:00,Nha Trang,64,/dl/web/weather/ic-w-02-new-clouds-full.svg,16.4 km/h,56%,aqi_nha-trang_2025_apr.csv
2025-04-25 14:01:59.516322+07:00,Nha Trang,65,/dl/web/weather/ic-w-02-new-clouds-full.svg,17.5 km/h,53%,aqi_nha-trang_2025_apr.csv
2025-04-25 15:02:11.800902+07:00,Nha Trang,65,/dl/web/weather/ic-w-04-scattered-clouds-full.svg,15.9 km/h,56%,aqi_nha-trang_2025_apr.csv
2025-04-25 16:02:08.407301+07:00,Nha Trang,65,/dl/web/weather/ic-w-04-scattered-clouds-full.svg,12.9 km/h,57%,aqi_nha-trang_2025_apr.csv
2025-04-25 17:01:51.081291+07:00,Nha Trang,68,/dl/web/weather/ic-w-04-scattered-clouds-full.svg,11.7 km/h,74%,aqi_nha-trang_2025_apr.csv
2025-04-25 18:01:50.910898+07:00,Nha Trang,68,/dl/web/weather/ic-w-04-scattered-clouds-full.svg,11.3 km/h,72%,aqi_nha-trang_2025_apr.csv
2025-04-25 19:02:10.499461+07:00,Nha Trang,68,/dl/web/weather/ic-w-04-scattered-clouds-full.svg,10.8 km/h,76%,aqi_nha-trang_2025_apr.csv
2025-04-25 20:08:46.013407+07:00,Nha Trang,72,/dl/web/weather/ic-w-10-night-clear-sky-full.svg,7.1 km/h,77%,aqi_nha-trang_2025_apr.csv
2025-04-25 21:01:49.686604+07:00,Nha Trang,72,/dl/web/weather/ic-w-10-night-clear-sky-full.svg,7.1 km/h,77%,aqi_nha-trang_2025_apr.csv
2025-04-25 22:01:58.344147+07:00,Nha Trang,72,/dl/web/weather/ic-w-10-night-clear-sky-full.svg,4.7 km/h,80%,aqi_nha-trang_2025_apr.csv
2025-04-25 23:02:01.078722+07:00,Nha Trang,68,/dl/web/weather/ic-w-10-night-clear-sky-full.svg,5.8 km/h,84%,aqi_nha-trang_2025_apr.csv
2025-04-26 00:01:48.311861+07:00,Nha Trang,68,/dl/web/weather/ic-w-10-night-clear-sky-full.svg,5.3 km/h,80%,aqi_nha-trang_2025_apr.csv
2025-04-26 01:02:05.279073+07:00,Nha Trang,68,/dl/web/weather/ic-w-10-night-clear-sky-full.svg,6.1 km/h,82%,aqi_nha-trang_2025_apr.csv
2025-04-26 02:01:47.267786+07:00,Nha Trang,69,/dl/web/weather/ic-w-10-night-clear-sky-full.svg,5.5 km/h,84%,aqi_nha-trang_2025_apr.csv
2025-04-26 03:01:52.857814+07:00,Nha Trang,69,/dl/web/weather/ic-w-04-scattered-clouds-full.svg,5.0 km/h,81%,aqi_nha-trang_2025_apr.csv
2025-04-26 04:01:58.108758+07:00,Nha Trang,69,/dl/web/weather/ic-w-11-night-few-clouds-full.svg,4.8 km/h,84%,aqi_nha-trang_2025_apr.csv
2025-04-26 05:01:56.284179+07:00,Nha Trang,70,/dl/web/weather/ic-w-11-night-few-clouds-full.svg,5.3 km/h,84%,aqi_nha-trang_2025_apr.csv
2025-04-26 06:01:52.999023+07:00,Nha Trang,70,/dl/web/weather/ic-w-11-night-few-clouds-full.svg,5.1 km/h,83%,aqi_nha-trang_2025_apr.csv
2025-04-26 07:04:52.501083+07:00,Nha Trang,70,/dl/web/weather/ic-w-02-new-clouds-full.svg,4.7 km/h,77%,aqi_nha-trang_2025_apr.csv
2025-04-26 08:29:15.891073+07:00,Nha Trang,69,/dl/web/weather/ic-w-01-clear-sky-full.svg,3.2 km/h,71%,aqi_nha-trang_2025_apr.csv
2025-04-26 09:27:58.034280+07:00,Nha Trang,69,/dl/web/weather/ic-w-01-clear-sky-full.svg,5.8 km/h,71%,aqi_nha-trang_2025_apr.csv
2025-04-26 10:13:53.537733+07:00,Nha Trang,69,/dl/web/weather/ic-w-04-scattered-clouds-full.svg,11.4 km/h,70%,aqi_nha-trang_2025_apr.csv
2025-04-26 11:01:53.178639+07:00,Nha Trang,68,/dl/web/weather/ic-w-04-scattered-clouds-full.svg,11.4 km/h,70%,aqi_nha-trang_2025_apr.csv
2025-04-26 12:01:51.599420+07:00,Nha Trang,68,/dl/web/weather/ic-w-04-scattered-clouds-full.svg,11.9 km/h,66%,aqi_nha-trang_2025_apr.csv
2025-04-26 13:02:05.805320+07:00,Nha Trang,68,/dl/web/weather/ic-w-04-scattered-clouds-full.svg,15.3 km/h,60%,aqi_nha-trang_2025_apr.csv
2025-04-26 14:01:45.376301+07:00,Nha Trang,70,/dl/web/weather/ic-w-04-scattered-clouds-full.svg,17.4 km/h,61%,aqi_nha-trang_2025_apr.csv
2025-04-26 15:01:58.788926+07:00,Nha Trang,70,/dl/web/weather/ic-w-04-scattered-clouds-full.svg,16.4 km/h,64%,aqi_nha-trang_2025_apr.csv
2025-04-26 16:01:48.105383+07:00,Nha Trang,70,/dl/web/weather/ic-w-04-scattered-clouds-full.svg,14.6 km/h,66%,aqi_nha-trang_2025_apr.csv
2025-04-26 17:01:41.753258+07:00,Nha Trang,66,/dl/web/weather/ic-w-04-scattered-clouds-full.svg,13.8 km/h,66%,aqi_nha-trang_2025_apr.csv
2025-04-26 18:01:49.869147+07:00,Nha Trang,66,/dl/web/weather/ic-w-04-scattered-clouds-full.svg,10.9 km/h,72%,aqi_nha-trang_2025_apr.csv
2025-04-26 19:02:05.744828+07:00,Nha Trang,66,/dl/web/weather/ic-w-04-scattered-clouds-full.svg,6.1 km/h,78%,aqi_nha-trang_2025_apr.csv
2025-04-26 20:06:15.125063+07:00,Nha Trang,65,/dl/web/weather/ic-w-04-scattered-clouds-full.svg,3.7 km/h,87%,aqi_nha-trang_2025_apr.csv
2025-04-26 21:01:41.958846+07:00,Nha Trang,65,/dl/web/weather/ic-w-04-scattered-clouds-full.svg,3.7 km/h,87%,aqi_nha-trang_2025_apr.csv
2025-04-26 22:01:51.597448+07:00,Nha Trang,65,/dl/web/weather/ic-w-04-scattered-clouds-full.svg,3.1 km/h,86%,aqi_nha-trang_2025_apr.csv
2025-04-26 23:01:56.660792+07:00,Nha Trang,65,/dl/web/weather/ic-w-04-scattered-clouds-full.svg,3.1 km/h,86%,aqi_nha-trang_2025_apr.csv
2025-04-27 00:01:50.001396+07:00,Nha Trang,65,/dl/web/weather/ic-w-04-scattered-clouds-full.svg,4.8 km/h,84%,aqi_nha-trang_2025_apr.csv
2025-04-27 01:01:50.036036+07:00,Nha Trang,65,/dl/web/weather/ic-w-04-scattered-clouds-full.svg,6.6 km/h,87%,aqi_nha-trang_2025_apr.csv
2025-04-27 02:01:53.106310+07:00,Nha Trang,75,/dl/web/weather/ic-w-04-scattered-clouds-full.svg,6.9 km/h,89%,aqi_nha-trang_2025_apr.csv
2025-04-27 03:01:56.638273+07:00,Nha Trang,75,/dl/web/weather/ic-w-11-night-few-clouds-full.svg,8.2 km/h,87%,aqi_nha-trang_2025_apr.csv
2025-04-27 04:01:51.310643+07:00,Nha Trang,75,/dl/web/weather/ic-w-11-night-few-clouds-full.svg,8.5 km/h,87%,aqi_nha-trang_2025_apr.csv
2025-04-27 05:01:40.791741+07:00,Nha Trang,71,/dl/web/weather/ic-w-11-night-few-clouds-full.svg,7.6 km/h,86%,aqi_nha-trang_2025_apr.csv
2025-04-27 06:01:54.347383+07:00,Nha Trang,71,/dl/web/weather/ic-w-11-night-few-clouds-full.svg,8.4 km/h,88%,aqi_nha-trang_2025_apr.csv
2025-04-27 07:05:24.670720+07:00,Nha Trang,71,/dl/web/weather/ic-w-04-scattered-clouds-full.svg,7.4 km/h,80%,aqi_nha-trang_2025_apr.csv
2025-04-27 08:29:36.824943+07:00,Nha Trang,70,/dl/web/weather/ic-w-04-scattered-clouds-full.svg,4.3 km/h,65%,aqi_nha-trang_2025_apr.csv
2025-04-27 09:30:50.705651+07:00,Nha Trang,70,/dl/web/weather/ic-w-04-scattered-clouds-full.svg,4.5 km/h,60%,aqi_nha-trang_2025_apr.csv
2025-04-27 10:17:16.267734+07:00,Nha Trang,70,/dl/web/weather/ic-w-04-scattered-clouds-full.svg,9.8 km/h,55%,aqi_nha-trang_2025_apr.csv
2025-04-27 11:01:52.318263+07:00,Nha Trang,63,/dl/web/weather/ic-w-04-scattered-clouds-full.svg,9.8 km/h,55%,aqi_nha-trang_2025_apr.csv
2025-04-27 12:02:00.734695+07:00,Nha Trang,63,/dl/web/weather/ic-w-04-scattered-clouds-full.svg,13.0 km/h,51%,aqi_nha-trang_2025_apr.csv
2025-04-27 13:01:56.077177+07:00,Nha Trang,63,/dl/web/weather/ic-w-04-scattered-clouds-full.svg,15.0 km/h,57%,aqi_nha-trang_2025_apr.csv
2025-04-27 14:01:48.059221+07:00,Nha Trang,60,/dl/web/weather/ic-w-04-scattered-clouds-full.svg,15.4 km/h,58%,aqi_nha-trang_2025_apr.csv
2025-04-27 15:01:55.978697+07:00,Nha Trang,60,/dl/web/weather/ic-w-04-scattered-clouds-full.svg,15.6 km/h,61%,aqi_nha-trang_2025_apr.csv
2025-04-27 16:01:48.496282+07:00,Nha Trang,60,/dl/web/weather/ic-w-04-scattered-clouds-full.svg,14.8 km/h,65%,aqi_nha-trang_2025_apr.csv
2025-04-27 17:01:45.738408+07:00,Nha Trang,63,/dl/web/weather/ic-w-04-scattered-clouds-full.svg,12.6 km/h,69%,aqi_nha-trang_2025_apr.csv
2025-04-27 18:01:57.888140+07:00,Nha Trang,63,/dl/web/weather/ic-w-04-scattered-clouds-full.svg,4.8 km/h,83%,aqi_nha-trang_2025_apr.csv
2025-04-27 19:02:08.286112+07:00,Nha Trang,63,/dl/web/weather/ic-w-04-scattered-clouds-full.svg,1.8 km/h,88%,aqi_nha-trang_2025_apr.csv
2025-04-27 20:06:15.959920+07:00,Nha Trang,67,/dl/web/weather/ic-w-04-scattered-clouds-full.svg,1.9 km/h,89%,aqi_nha-trang_2025_apr.csv
2025-04-27 21:01:34.206228+07:00,Nha Trang,67,/dl/web/weather/ic-w-04-scattered-clouds-full.svg,1.9 km/h,89%,aqi_nha-trang_2025_apr.csv
2025-04-27 22:01:52.829030+07:00,Nha Trang,67,/dl/web/weather/ic-w-04-scattered-clouds-full.svg,1.8 km/h,87%,aqi_nha-trang_2025_apr.csv
2025-04-27 23:01:59.182576+07:00,Nha Trang,72,/dl/web/weather/ic-w-04-scattered-clouds-full.svg,6.0 km/h,86%,aqi_nha-trang_2025_apr.csv
2025-04-28 00:01:46.017207+07:00,Nha Trang,72,/dl/web/weather/ic-w-04-scattered-clouds-full.svg,6.0 km/h,86%,aqi_nha-trang_2025_apr.csv
2025-04-28 01:01:56.824964+07:00,Nha Trang,72,/dl/web/weather/ic-w-04-scattered-clouds-full.svg,8.0 km/h,83%,aqi_nha-trang_2025_apr.csv
2025-04-28 02:01:52.916425+07:00,Nha Trang,73,/dl/web/weather/ic-w-04-scattered-clouds-full.svg,7.4 km/h,88%,aqi_nha-trang_2025_apr.csv
2025-04-28 03:02:01.919444+07:00,Nha Trang,73,/dl/web/weather/ic-w-04-scattered-clouds-full.svg,10.1 km/h,86%,aqi_nha-trang_2025_apr.csv
2025-04-28 04:01:43.039885+07:00,Nha Trang,73,/dl/web/weather/ic-w-04-scattered-clouds-full.svg,10.1 km/h,86%,aqi_nha-trang_2025_apr.csv
2025-04-28 05:01:47.249662+07:00,Nha Trang,71,/dl/web/weather/ic-w-04-scattered-clouds-full.svg,9.7 km/h,86%,aqi_nha-trang_2025_apr.csv
2025-04-28 06:02:01.798720+07:00,Nha Trang,71,/dl/web/weather/ic-w-04-scattered-clouds-full.svg,10.1 km/h,86%,aqi_nha-trang_2025_apr.csv
2025-04-28 07:05:21.190848+07:00,Nha Trang,71,/dl/web/weather/ic-w-04-scattered-clouds-full.svg,9.2 km/h,77%,aqi_nha-trang_2025_apr.csv
2025-04-28 08:29:38.280537+07:00,Nha Trang,69,/dl/web/weather/ic-w-04-scattered-clouds-full.svg,6.8 km/h,65%,aqi_nha-trang_2025_apr.csv
2025-04-28 09:30:56.044174+07:00,Nha Trang,69,/dl/web/weather/ic-w-04-scattered-clouds-full.svg,4.7 km/h,61%,aqi_nha-trang_2025_apr.csv
2025-04-28 10:18:35.025683+07:00,Nha Trang,69,/dl/web/weather/ic-w-04-scattered-clouds-full.svg,9.3 km/h,57%,aqi_nha-trang_2025_apr.csv
2025-04-28 11:02:20.937154+07:00,Nha Trang,68,/dl/web/weather/ic-w-04-scattered-clouds-full.svg,14.6 km/h,56%,aqi_nha-trang_2025_apr.csv
2025-04-28 12:03:09.864758+07:00,Nha Trang,68,/dl/web/weather/ic-w-04-scattered-clouds-full.svg,17.2 km/h,57%,aqi_nha-trang_2025_apr.csv
2025-04-28 13:04:20.317606+07:00,Nha Trang,68,/dl/web/weather/ic-w-04-scattered-clouds-full.svg,17.5 km/h,60%,aqi_nha-trang_2025_apr.csv
2025-04-28 14:07:44.269957+07:00,Nha Trang,71,/dl/web/weather/ic-w-04-scattered-clouds-full.svg,17.2 km/h,64%,aqi_nha-trang_2025_apr.csv
2025-04-28 15:09:32.318688+07:00,Nha Trang,71,/dl/web/weather/ic-w-04-scattered-clouds-full.svg,15.0 km/h,64%,aqi_nha-trang_2025_apr.csv
2025-04-28 16:32:37.668444+07:00,Nha Trang,71,/dl/web/weather/ic-w-04-scattered-clouds-full.svg,12.7 km/h,67%,aqi_nha-trang_2025_apr.csv
2025-04-28 16:34:43.897072+07:00,Nha Trang,71,/dl/web/weather/ic-w-04-scattered-clouds-full.svg,12.7 km/h,67%,aqi_nha-trang_2025_apr.csv
2025-04-28 17:35:30.387675+07:00,Nha Trang,71,/dl/web/weather/ic-w-04-scattered-clouds-full.svg,10.1 km/h,70%,aqi_nha-trang_2025_apr.csv
2025-04-28 18:18:52.361085+07:00,Nha Trang,71,/dl/web/weather/ic-w-04-scattered-clouds-full.svg,6.4 km/h,78%,aqi_nha-trang_2025_apr.csv
2025-04-28 19:02:15.703970+07:00,Nha Trang,71,/dl/web/weather/ic-w-04-scattered-clouds-full.svg,3.1 km/h,83%,aqi_nha-trang_2025_apr.csv
2025-04-28 20:16:09.036218+07:00,Nha Trang,71,/dl/web/weather/ic-w-04-scattered-clouds-full.svg,5.5 km/h,83%,aqi_nha-trang_2025_apr.csv
2025-04-28 21:02:10.902179+07:00,Nha Trang,71,/dl/web/weather/ic-w-04-scattered-clouds-full.svg,5.5 km/h,83%,aqi_nha-trang_2025_apr.csv
2025-04-28 22:02:04.612557+07:00,Nha Trang,71,/dl/web/weather/ic-w-04-scattered-clouds-full.svg,8.9 km/h,84%,aqi_nha-trang_2025_apr.csv
2025-04-28 23:02:02.850237+07:00,Nha Trang,73,/dl/web/weather/ic-w-04-scattered-clouds-full.svg,10.0 km/h,80%,aqi_nha-trang_2025_apr.csv
2025-04-29 01:02:06.798348+07:00,Nha Trang,73,/dl/web/weather/ic-w-04-scattered-clouds-full.svg,10.3 km/h,85%,aqi_nha-trang_2025_apr.csv
2025-04-29 02:01:43.956311+07:00,Nha Trang,73,/dl/web/weather/ic-w-04-scattered-clouds-full.svg,10.3 km/h,85%,aqi_nha-trang_2025_apr.csv
2025-04-29 03:02:05.123159+07:00,Nha Trang,73,/dl/web/weather/ic-w-04-scattered-clouds-full.svg,10.0 km/h,83%,aqi_nha-trang_2025_apr.csv
2025-04-29 04:01:47.848390+07:00,Nha Trang,73,/dl/web/weather/ic-w-04-scattered-clouds-full.svg,10.0 km/h,83%,aqi_nha-trang_2025_apr.csv
2025-04-29 05:02:20.744287+07:00,Nha Trang,71,/dl/web/weather/ic-w-04-scattered-clouds-full.svg,10.5 km/h,85%,aqi_nha-trang_2025_apr.csv
2025-04-29 06:01:54.442613+07:00,Nha Trang,71,/dl/web/weather/ic-w-04-scattered-clouds-full.svg,10.9 km/h,86%,aqi_nha-trang_2025_apr.csv
2025-04-29 07:05:10.655910+07:00,Nha Trang,71,/dl/web/weather/ic-w-04-scattered-clouds-full.svg,10.1 km/h,77%,aqi_nha-trang_2025_apr.csv
2025-04-29 08:29:21.988779+07:00,Nha Trang,68,/dl/web/weather/ic-w-04-scattered-clouds-full.svg,9.0 km/h,65%,aqi_nha-trang_2025_apr.csv
2025-04-29 09:29:51.684056+07:00,Nha Trang,68,/dl/web/weather/ic-w-04-scattered-clouds-full.svg,7.4 km/h,61%,aqi_nha-trang_2025_apr.csv
2025-04-29 10:16:47.839198+07:00,Nha Trang,68,/dl/web/weather/ic-w-04-scattered-clouds-full.svg,10.0 km/h,53%,aqi_nha-trang_2025_apr.csv
2025-04-29 11:01:54.561772+07:00,Nha Trang,67,/dl/web/weather/ic-w-04-scattered-clouds-full.svg,16.1 km/h,52%,aqi_nha-trang_2025_apr.csv
2025-04-29 12:01:53.046308+07:00,Nha Trang,67,/dl/web/weather/ic-w-04-scattered-clouds-full.svg,19.3 km/h,57%,aqi_nha-trang_2025_apr.csv
2025-04-29 13:02:13.012182+07:00,Nha Trang,67,/dl/web/weather/ic-w-04-scattered-clouds-full.svg,20.4 km/h,57%,aqi_nha-trang_2025_apr.csv
2025-04-29 14:01:57.247306+07:00,Nha Trang,68,/dl/web/weather/ic-w-04-scattered-clouds-full.svg,19.2 km/h,61%,aqi_nha-trang_2025_apr.csv
2025-04-29 15:02:14.839790+07:00,Nha Trang,68,/dl/web/weather/ic-w-04-scattered-clouds-full.svg,15.1 km/h,62%,aqi_nha-trang_2025_apr.csv
2025-04-29 16:02:11.397497+07:00,Nha Trang,68,/dl/web/weather/ic-w-04-scattered-clouds-full.svg,13.8 km/h,67%,aqi_nha-trang_2025_apr.csv
2025-04-29 17:02:14.271370+07:00,Nha Trang,69,/dl/web/weather/ic-w-04-scattered-clouds-full.svg,11.9 km/h,70%,aqi_nha-trang_2025_apr.csv
2025-04-29 18:01:56.017452+07:00,Nha Trang,69,/dl/web/weather/ic-w-04-scattered-clouds-full.svg,9.0 km/h,78%,aqi_nha-trang_2025_apr.csv
2025-04-29 19:02:24.594324+07:00,Nha Trang,69,/dl/web/weather/ic-w-04-scattered-clouds-full.svg,6.9 km/h,81%,aqi_nha-trang_2025_apr.csv
2025-04-29 20:11:52.828095+07:00,Nha Trang,69,/dl/web/weather/ic-w-04-scattered-clouds-full.svg,5.0 km/h,80%,aqi_nha-trang_2025_apr.csv
2025-04-29 21:02:06.825478+07:00,Nha Trang,69,/dl/web/weather/ic-w-04-scattered-clouds-full.svg,5.0 km/h,80%,aqi_nha-trang_2025_apr.csv
2025-04-29 22:02:02.586685+07:00,Nha Trang,69,/dl/web/weather/ic-w-04-scattered-clouds-full.svg,7.9 km/h,83%,aqi_nha-trang_2025_apr.csv
2025-04-29 23:02:17.719170+07:00,Nha Trang,70,/dl/web/weather/ic-w-04-scattered-clouds-full.svg,9.2 km/h,78%,aqi_nha-trang_2025_apr.csv
2025-04-30 00:02:00.563400+07:00,Nha Trang,70,/dl/web/weather/ic-w-04-scattered-clouds-full.svg,9.2 km/h,81%,aqi_nha-trang_2025_apr.csv
2025-04-30 01:02:09.641259+07:00,Nha Trang,70,/dl/web/weather/ic-w-04-scattered-clouds-full.svg,10.0 km/h,81%,aqi_nha-trang_2025_apr.csv
2025-04-30 02:01:52.104770+07:00,Nha Trang,71,/dl/web/weather/ic-w-04-scattered-clouds-full.svg,10.0 km/h,81%,aqi_nha-trang_2025_apr.csv
2025-04-30 03:02:01.340744+07:00,Nha Trang,71,/dl/web/weather/ic-w-04-scattered-clouds-full.svg,11.6 km/h,76%,aqi_nha-trang_2025_apr.csv
2025-04-30 04:02:03.483862+07:00,Nha Trang,71,/dl/web/weather/ic-w-04-scattered-clouds-full.svg,10.0 km/h,80%,aqi_nha-trang_2025_apr.csv
2025-04-30 05:01:50.061597+07:00,Nha Trang,69,/dl/web/weather/ic-w-04-scattered-clouds-full.svg,10.0 km/h,80%,aqi_nha-trang_2025_apr.csv
2025-04-30 06:01:53.718146+07:00,Nha Trang,69,/dl/web/weather/ic-w-04-scattered-clouds-full.svg,10.1 km/h,81%,aqi_nha-trang_2025_apr.csv
2025-04-30 07:04:59.231126+07:00,Nha Trang,69,/dl/web/weather/ic-w-04-scattered-clouds-full.svg,10.0 km/h,70%,aqi_nha-trang_2025_apr.csv
2025-04-30 08:29:21.380114+07:00,Nha Trang,66,/dl/web/weather/ic-w-02-new-clouds-full.svg,6.4 km/h,62%,aqi_nha-trang_2025_apr.csv
2025-04-30 09:29:44.416885+07:00,Nha Trang,66,/dl/web/weather/ic-w-04-scattered-clouds-full.svg,6.9 km/h,58%,aqi_nha-trang_2025_apr.csv
2025-04-30 10:16:47.013271+07:00,Nha Trang,66,/dl/web/weather/ic-w-04-scattered-clouds-full.svg,13.4 km/h,56%,aqi_nha-trang_2025_apr.csv
2025-04-30 11:02:07.276560+07:00,Nha Trang,67,/dl/web/weather/ic-w-04-scattered-clouds-full.svg,15.1 km/h,57%,aqi_nha-trang_2025_apr.csv
2025-04-30 12:02:00.733096+07:00,Nha Trang,67,/dl/web/weather/ic-w-04-scattered-clouds-full.svg,16.1 km/h,57%,aqi_nha-trang_2025_apr.csv
2025-04-30 13:02:03.046956+07:00,Nha Trang,67,/dl/web/weather/ic-w-04-scattered-clouds-full.svg,17.7 km/h,62%,aqi_nha-trang_2025_apr.csv
2025-04-30 14:01:52.279098+07:00,Nha Trang,67,/dl/web/weather/ic-w-04-scattered-clouds-full.svg,17.7 km/h,62%,aqi_nha-trang_2025_apr.csv
2025-04-30 15:02:09.284404+07:00,Nha Trang,67,/dl/web/weather/ic-w-04-scattered-clouds-full.svg,15.0 km/h,64%,aqi_nha-trang_2025_apr.csv
2025-04-30 16:01:59.422256+07:00,Nha Trang,67,/dl/web/weather/ic-w-04-scattered-clouds-full.svg,14.3 km/h,69%,aqi_nha-trang_2025_apr.csv
2025-04-30 17:02:17.195429+07:00,Nha Trang,66,/dl/web/weather/ic-w-04-scattered-clouds-full.svg,14.3 km/h,71%,aqi_nha-trang_2025_apr.csv
2025-04-30 18:01:46.782562+07:00,Nha Trang,66,/dl/web/weather/ic-w-04-scattered-clouds-full.svg,14.3 km/h,71%,aqi_nha-trang_2025_apr.csv
2025-04-30 19:02:32.490683+07:00,Nha Trang,66,/dl/web/weather/ic-w-11-night-few-clouds-full.svg,8.5 km/h,85%,aqi_nha-trang_2025_apr.csv
2025-04-30 20:09:07.252662+07:00,Nha Trang,68,/dl/web/weather/ic-w-11-night-few-clouds-full.svg,6.1 km/h,86%,aqi_nha-trang_2025_apr.csv
2025-04-30 21:01:59.565726+07:00,Nha Trang,68,/dl/web/weather/ic-w-11-night-few-clouds-full.svg,6.1 km/h,86%,aqi_nha-trang_2025_apr.csv
2025-04-30 22:02:15.491245+07:00,Nha Trang,68,/dl/web/weather/ic-w-11-night-few-clouds-full.svg,7.1 km/h,83%,aqi_nha-trang_2025_apr.csv
2025-04-30 23:02:13.249570+07:00,Nha Trang,70,/dl/web/weather/ic-w-11-night-few-clouds-full.svg,8.7 km/h,85%,aqi_nha-trang_2025_apr.csv
2025-05-01 00:02:09.028194+07:00,Nha Trang,70,/dl/web/weather/ic-w-11-night-few-clouds-full.svg,8.7 km/h,85%,aqi_nha-trang_2025_may.csv
2025-05-01 01:02:16.577821+07:00,Nha Trang,70,/dl/web/weather/ic-w-04-scattered-clouds-full.svg,8.2 km/h,85%,aqi_nha-trang_2025_may.csv
2025-05-01 02:01:59.715613+07:00,Nha Trang,68,/dl/web/weather/ic-w-04-scattered-clouds-full.svg,8.2 km/h,85%,aqi_nha-trang_2025_may.csv
2025-05-01 03:02:08.980196+07:00,Nha Trang,68,/dl/web/weather/ic-w-10-night-clear-sky-full.svg,8.2 km/h,85%,aqi_nha-trang_2025_may.csv
2025-05-01 04:02:08.990733+07:00,Nha Trang,68,/dl/web/weather/ic-w-10-night-clear-sky-full.svg,8.2 km/h,85%,aqi_nha-trang_2025_may.csv
2025-05-01 05:01:57.856040+07:00,Nha Trang,65,/dl/web/weather/ic-w-04-scattered-clouds-full.svg,7.2 km/h,82%,aqi_nha-trang_2025_may.csv
2025-05-01 06:02:03.464478+07:00,Nha Trang,65,/dl/web/weather/ic-w-04-scattered-clouds-full.svg,7.2 km/h,82%,aqi_nha-trang_2025_may.csv
2025-05-01 07:05:36.052981+07:00,Nha Trang,65,/dl/web/weather/ic-w-04-scattered-clouds-full.svg,8.2 km/h,76%,aqi_nha-trang_2025_may.csv
2025-05-01 08:29:47.156847+07:00,Nha Trang,62,/dl/web/weather/ic-w-04-scattered-clouds-full.svg,5.5 km/h,64%,aqi_nha-trang_2025_may.csv
2025-05-01 09:32:40.533957+07:00,Nha Trang,62,/dl/web/weather/ic-w-06-rain-full.svg,8.9 km/h,64%,aqi_nha-trang_2025_may.csv
2025-05-01 10:22:02.328438+07:00,Nha Trang,62,/dl/web/weather/ic-w-04-scattered-clouds-full.svg,13.4 km/h,65%,aqi_nha-trang_2025_may.csv
2025-05-01 11:04:55.622219+07:00,Nha Trang,64,/dl/web/weather/ic-w-06-rain-full.svg,17.5 km/h,62%,aqi_nha-trang_2025_may.csv
2025-05-01 12:01:57.604145+07:00,Nha Trang,64,/dl/web/weather/ic-w-06-rain-full.svg,17.5 km/h,62%,aqi_nha-trang_2025_may.csv
2025-05-01 13:02:06.280442+07:00,Nha Trang,64,/dl/web/weather/ic-w-06-rain-full.svg,8.5 km/h,67%,aqi_nha-trang_2025_may.csv
2025-05-01 14:01:55.639435+07:00,Nha Trang,65,/dl/web/weather/ic-w-06-rain-full.svg,7.2 km/h,78%,aqi_nha-trang_2025_may.csv
2025-05-01 15:02:05.970600+07:00,Nha Trang,65,/dl/web/weather/ic-w-04-scattered-clouds-full.svg,7.7 km/h,77%,aqi_nha-trang_2025_may.csv
2025-05-01 16:02:03.828468+07:00,Nha Trang,65,/dl/web/weather/ic-w-04-scattered-clouds-full.svg,6.6 km/h,78%,aqi_nha-trang_2025_may.csv
2025-05-01 17:01:55.884228+07:00,Nha Trang,67,/dl/web/weather/ic-w-04-scattered-clouds-full.svg,9.0 km/h,78%,aqi_nha-trang_2025_may.csv
2025-05-01 18:01:50.396524+07:00,Nha Trang,67,/dl/web/weather/ic-w-04-scattered-clouds-full.svg,9.0 km/h,78%,aqi_nha-trang_2025_may.csv
2025-05-01 19:02:15.130626+07:00,Nha Trang,67,/dl/web/weather/ic-w-04-scattered-clouds-full.svg,7.1 km/h,85%,aqi_nha-trang_2025_may.csv
2025-05-01 20:08:19.029774+07:00,Nha Trang,68,/dl/web/weather/ic-w-04-scattered-clouds-full.svg,8.2 km/h,87%,aqi_nha-trang_2025_may.csv
2025-05-01 21:02:13.481472+07:00,Nha Trang,68,/dl/web/weather/ic-w-04-scattered-clouds-full.svg,7.9 km/h,88%,aqi_nha-trang_2025_may.csv
2025-05-01 22:01:56.058428+07:00,Nha Trang,68,/dl/web/weather/ic-w-04-scattered-clouds-full.svg,7.9 km/h,88%,aqi_nha-trang_2025_may.csv
2025-05-01 23:02:16.655655+07:00,Nha Trang,70,/dl/web/weather/ic-w-04-scattered-clouds-full.svg,7.9 km/h,83%,aqi_nha-trang_2025_may.csv
2025-05-02 00:01:57.027960+07:00,Nha Trang,70,/dl/web/weather/ic-w-04-scattered-clouds-full.svg,7.9 km/h,88%,aqi_nha-trang_2025_may.csv
2025-05-02 01:02:05.759972+07:00,Nha Trang,70,/dl/web/weather/ic-w-04-scattered-clouds-full.svg,6.9 km/h,88%,aqi_nha-trang_2025_may.csv
2025-05-02 02:01:47.432136+07:00,Nha Trang,69,/dl/web/weather/ic-w-04-scattered-clouds-full.svg,6.9 km/h,88%,aqi_nha-trang_2025_may.csv
2025-05-02 03:01:57.474656+07:00,Nha Trang,69,/dl/web/weather/ic-w-04-scattered-clouds-full.svg,7.2 km/h,88%,aqi_nha-trang_2025_may.csv
2025-05-02 04:01:52.136718+07:00,Nha Trang,69,/dl/web/weather/ic-w-04-scattered-clouds-full.svg,7.4 km/h,86%,aqi_nha-trang_2025_may.csv
2025-05-02 05:02:25.692776+07:00,Nha Trang,68,/dl/web/weather/ic-w-04-scattered-clouds-full.svg,8.0 km/h,88%,aqi_nha-trang_2025_may.csv
2025-05-02 06:01:45.209723+07:00,Nha Trang,68,/dl/web/weather/ic-w-04-scattered-clouds-full.svg,8.0 km/h,88%,aqi_nha-trang_2025_may.csv
2025-05-02 07:04:54.715773+07:00,Nha Trang,68,/dl/web/weather/ic-w-04-scattered-clouds-full.svg,7.4 km/h,82%,aqi_nha-trang_2025_may.csv
2025-05-02 08:29:17.338045+07:00,Nha Trang,61,/dl/web/weather/ic-w-04-scattered-clouds-full.svg,6.4 km/h,75%,aqi_nha-trang_2025_may.csv
2025-05-02 09:29:59.605468+07:00,Nha Trang,61,/dl/web/weather/ic-w-04-scattered-clouds-full.svg,5.0 km/h,66%,aqi_nha-trang_2025_may.csv
2025-05-02 10:17:57.498556+07:00,Nha Trang,61,/dl/web/weather/ic-w-04-scattered-clouds-full.svg,10.8 km/h,64%,aqi_nha-trang_2025_may.csv
2025-05-02 11:01:56.964606+07:00,Nha Trang,65,/dl/web/weather/ic-w-04-scattered-clouds-full.svg,10.8 km/h,64%,aqi_nha-trang_2025_may.csv
2025-05-02 12:02:10.254159+07:00,Nha Trang,65,/dl/web/weather/ic-w-04-scattered-clouds-full.svg,16.4 km/h,68%,aqi_nha-trang_2025_may.csv
2025-05-02 13:02:20.707514+07:00,Nha Trang,65,/dl/web/weather/ic-w-04-scattered-clouds-full.svg,16.4 km/h,68%,aqi_nha-trang_2025_may.csv
2025-05-02 14:01:55.402470+07:00,Nha Trang,66,/dl/web/weather/ic-w-04-scattered-clouds-full.svg,17.7 km/h,73%,aqi_nha-trang_2025_may.csv
2025-05-02 15:02:09.895975+07:00,Nha Trang,66,/dl/web/weather/ic-w-04-scattered-clouds-full.svg,15.1 km/h,72%,aqi_nha-trang_2025_may.csv
2025-05-02 16:01:59.483769+07:00,Nha Trang,66,/dl/web/weather/ic-w-04-scattered-clouds-full.svg,15.1 km/h,72%,aqi_nha-trang_2025_may.csv
2025-05-02 17:02:02.032187+07:00,Nha Trang,66,/dl/web/weather/ic-w-04-scattered-clouds-full.svg,10.5 km/h,78%,aqi_nha-trang_2025_may.csv
2025-05-02 18:01:56.349815+07:00,Nha Trang,66,/dl/web/weather/ic-w-04-scattered-clouds-full.svg,10.5 km/h,78%,aqi_nha-trang_2025_may.csv
2025-05-02 19:02:25.867371+07:00,Nha Trang,66,/dl/web/weather/ic-w-04-scattered-clouds-full.svg,9.7 km/h,84%,aqi_nha-trang_2025_may.csv
2025-05-02 20:08:44.016720+07:00,Nha Trang,67,/dl/web/weather/ic-w-04-scattered-clouds-full.svg,4.7 km/h,85%,aqi_nha-trang_2025_may.csv
2025-05-02 21:01:52.089133+07:00,Nha Trang,67,/dl/web/weather/ic-w-04-scattered-clouds-full.svg,4.7 km/h,85%,aqi_nha-trang_2025_may.csv
2025-05-02 22:01:57.280891+07:00,Nha Trang,67,/dl/web/weather/ic-w-04-scattered-clouds-full.svg,3.7 km/h,87%,aqi_nha-trang_2025_may.csv
2025-05-02 23:02:13.530653+07:00,Nha Trang,69,/dl/web/weather/ic-w-04-scattered-clouds-full.svg,6.9 km/h,86%,aqi_nha-trang_2025_may.csv
2025-05-03 00:02:04.098103+07:00,Nha Trang,69,/dl/web/weather/ic-w-04-scattered-clouds-full.svg,6.9 km/h,86%,aqi_nha-trang_2025_may.csv
2025-05-03 01:02:11.442047+07:00,Nha Trang,69,/dl/web/weather/ic-w-04-scattered-clouds-full.svg,6.9 km/h,88%,aqi_nha-trang_2025_may.csv
2025-05-03 02:01:58.893119+07:00,Nha Trang,66,/dl/web/weather/ic-w-04-scattered-clouds-full.svg,6.9 km/h,88%,aqi_nha-trang_2025_may.csv
2025-05-03 03:01:50.293035+07:00,Nha Trang,66,/dl/web/weather/ic-w-04-scattered-clouds-full.svg,7.6 km/h,84%,aqi_nha-trang_2025_may.csv
2025-05-03 04:02:01.770750+07:00,Nha Trang,66,/dl/web/weather/ic-w-12-night-rain-full.svg,8.4 km/h,89%,aqi_nha-trang_2025_may.csv
2025-05-03 05:02:17.322415+07:00,Nha Trang,64,/dl/web/weather/ic-w-04-scattered-clouds-full.svg,8.0 km/h,88%,aqi_nha-trang_2025_may.csv
2025-05-03 06:01:45.745629+07:00,Nha Trang,64,/dl/web/weather/ic-w-04-scattered-clouds-full.svg,8.0 km/h,88%,aqi_nha-trang_2025_may.csv
2025-05-03 07:04:36.601483+07:00,Nha Trang,64,/dl/web/weather/ic-w-04-scattered-clouds-full.svg,6.6 km/h,88%,aqi_nha-trang_2025_may.csv
2025-05-03 08:29:20.931081+07:00,Nha Trang,66,/dl/web/weather/ic-w-06-rain-full.svg,5.0 km/h,85%,aqi_nha-trang_2025_may.csv
2025-05-03 09:28:55.635852+07:00,Nha Trang,66,/dl/web/weather/ic-w-06-rain-full.svg,4.0 km/h,82%,aqi_nha-trang_2025_may.csv
2025-05-03 10:16:39.953409+07:00,Nha Trang,66,/dl/web/weather/ic-w-04-scattered-clouds-full.svg,2.4 km/h,67%,aqi_nha-trang_2025_may.csv
2025-05-03 11:02:10.117155+07:00,Nha Trang,65,/dl/web/weather/ic-w-04-scattered-clouds-full.svg,11.1 km/h,63%,aqi_nha-trang_2025_may.csv
2025-05-03 12:02:09.368910+07:00,Nha Trang,65,/dl/web/weather/ic-w-04-scattered-clouds-full.svg,15.4 km/h,61%,aqi_nha-trang_2025_may.csv
2025-05-03 13:02:03.289233+07:00,Nha Trang,65,/dl/web/weather/ic-w-04-scattered-clouds-full.svg,15.6 km/h,61%,aqi_nha-trang_2025_may.csv
2025-05-03 14:01:55.738408+07:00,Nha Trang,66,/dl/web/weather/ic-w-04-scattered-clouds-full.svg,15.6 km/h,61%,aqi_nha-trang_2025_may.csv
2025-05-03 15:01:52.903008+07:00,Nha Trang,66,/dl/web/weather/ic-w-04-scattered-clouds-full.svg,13.2 km/h,60%,aqi_nha-trang_2025_may.csv
2025-05-03 16:01:48.533589+07:00,Nha Trang,66,/dl/web/weather/ic-w-04-scattered-clouds-full.svg,9.7 km/h,69%,aqi_nha-trang_2025_may.csv
2025-05-03 17:01:49.668943+07:00,Nha Trang,67,/dl/web/weather/ic-w-04-scattered-clouds-full.svg,9.7 km/h,69%,aqi_nha-trang_2025_may.csv
2025-05-03 18:01:45.793523+07:00,Nha Trang,67,/dl/web/weather/ic-w-04-scattered-clouds-full.svg,7.9 km/h,72%,aqi_nha-trang_2025_may.csv
2025-05-03 19:02:13.342297+07:00,Nha Trang,67,/dl/web/weather/ic-w-04-scattered-clouds-full.svg,3.7 km/h,84%,aqi_nha-trang_2025_may.csv
2025-05-03 20:06:54.622748+07:00,Nha Trang,67,/dl/web/weather/ic-w-04-scattered-clouds-full.svg,2.6 km/h,84%,aqi_nha-trang_2025_may.csv
2025-05-03 21:01:54.015450+07:00,Nha Trang,67,/dl/web/weather/ic-w-04-scattered-clouds-full.svg,2.6 km/h,84%,aqi_nha-trang_2025_may.csv
2025-05-03 22:01:50.163765+07:00,Nha Trang,67,/dl/web/weather/ic-w-04-scattered-clouds-full.svg,5.8 km/h,86%,aqi_nha-trang_2025_may.csv
2025-05-03 23:01:52.509012+07:00,Nha Trang,69,/dl/web/weather/ic-w-04-scattered-clouds-full.svg,5.8 km/h,86%,aqi_nha-trang_2025_may.csv
2025-05-04 00:01:46.325922+07:00,Nha Trang,69,/dl/web/weather/ic-w-04-scattered-clouds-full.svg,6.0 km/h,87%,aqi_nha-trang_2025_may.csv
2025-05-04 01:02:03.708100+07:00,Nha Trang,69,/dl/web/weather/ic-w-04-scattered-clouds-full.svg,6.6 km/h,90%,aqi_nha-trang_2025_may.csv
2025-05-04 02:01:54.589939+07:00,Nha Trang,69,/dl/web/weather/ic-w-04-scattered-clouds-full.svg,6.6 km/h,90%,aqi_nha-trang_2025_may.csv
2025-05-04 03:01:49.772377+07:00,Nha Trang,69,/dl/web/weather/ic-w-04-scattered-clouds-full.svg,6.9 km/h,91%,aqi_nha-trang_2025_may.csv
2025-05-04 04:01:47.447331+07:00,Nha Trang,69,/dl/web/weather/ic-w-04-scattered-clouds-full.svg,6.3 km/h,90%,aqi_nha-trang_2025_may.csv
2025-05-04 05:01:47.975137+07:00,Nha Trang,66,/dl/web/weather/ic-w-04-scattered-clouds-full.svg,6.3 km/h,90%,aqi_nha-trang_2025_may.csv
2025-05-04 06:01:53.329769+07:00,Nha Trang,66,/dl/web/weather/ic-w-04-scattered-clouds-full.svg,6.3 km/h,90%,aqi_nha-trang_2025_may.csv
2025-05-04 07:05:41.116901+07:00,Nha Trang,66,/dl/web/weather/ic-w-04-scattered-clouds-full.svg,3.2 km/h,81%,aqi_nha-trang_2025_may.csv
2025-05-04 08:29:44.460737+07:00,Nha Trang,62,/dl/web/weather/ic-w-01-clear-sky-full.svg,1.6 km/h,72%,aqi_nha-trang_2025_may.csv
2025-05-04 09:32:59.684682+07:00,Nha Trang,62,/dl/web/weather/ic-w-02-new-clouds-full.svg,6.3 km/h,65%,aqi_nha-trang_2025_may.csv
2025-05-04 10:21:50.334172+07:00,Nha Trang,62,/dl/web/weather/ic-w-02-new-clouds-full.svg,11.7 km/h,66%,aqi_nha-trang_2025_may.csv
2025-05-04 11:03:45.926942+07:00,Nha Trang,63,/dl/web/weather/ic-w-02-new-clouds-full.svg,14.2 km/h,62%,aqi_nha-trang_2025_may.csv
2025-05-04 12:02:08.857718+07:00,Nha Trang,63,/dl/web/weather/ic-w-04-scattered-clouds-full.svg,17.1 km/h,65%,aqi_nha-trang_2025_may.csv
2025-05-04 13:02:06.095897+07:00,Nha Trang,63,/dl/web/weather/ic-w-04-scattered-clouds-full.svg,15.6 km/h,64%,aqi_nha-trang_2025_may.csv
2025-05-04 14:01:44.969385+07:00,Nha Trang,66,/dl/web/weather/ic-w-04-scattered-clouds-full.svg,15.6 km/h,64%,aqi_nha-trang_2025_may.csv
2025-05-04 15:01:53.584125+07:00,Nha Trang,66,/dl/web/weather/ic-w-04-scattered-clouds-full.svg,15.0 km/h,63%,aqi_nha-trang_2025_may.csv
2025-05-04 16:02:00.865026+07:00,Nha Trang,66,/dl/web/weather/ic-w-04-scattered-clouds-full.svg,14.0 km/h,62%,aqi_nha-trang_2025_may.csv
2025-05-04 17:01:53.873053+07:00,Nha Trang,67,/dl/web/weather/ic-w-04-scattered-clouds-full.svg,8.2 km/h,74%,aqi_nha-trang_2025_may.csv
2025-05-04 19:02:16.106850+07:00,Nha Trang,67,/dl/web/weather/ic-w-04-scattered-clouds-full.svg,7.4 km/h,83%,aqi_nha-trang_2025_may.csv
2025-05-04 20:08:14.041831+07:00,Nha Trang,67,/dl/web/weather/ic-w-04-scattered-clouds-full.svg,6.3 km/h,82%,aqi_nha-trang_2025_may.csv
2025-05-04 21:02:01.344789+07:00,Nha Trang,67,/dl/web/weather/ic-w-04-scattered-clouds-full.svg,6.3 km/h,82%,aqi_nha-trang_2025_may.csv
2025-05-04 22:01:58.822659+07:00,Nha Trang,67,/dl/web/weather/ic-w-04-scattered-clouds-full.svg,3.9 km/h,83%,aqi_nha-trang_2025_may.csv
2025-05-04 23:01:58.806894+07:00,Nha Trang,70,/dl/web/weather/ic-w-04-scattered-clouds-full.svg,4.2 km/h,82%,aqi_nha-trang_2025_may.csv
2025-05-05 00:01:40.391183+07:00,Nha Trang,70,/dl/web/weather/ic-w-04-scattered-clouds-full.svg,6.4 km/h,88%,aqi_nha-trang_2025_may.csv
2025-05-05 01:01:59.666498+07:00,Nha Trang,70,/dl/web/weather/ic-w-04-scattered-clouds-full.svg,4.5 km/h,88%,aqi_nha-trang_2025_may.csv
2025-05-05 02:01:55.813008+07:00,Nha Trang,72,/dl/web/weather/ic-w-04-scattered-clouds-full.svg,4.3 km/h,86%,aqi_nha-trang_2025_may.csv
2025-05-05 03:01:56.808402+07:00,Nha Trang,72,/dl/web/weather/ic-w-04-scattered-clouds-full.svg,4.3 km/h,86%,aqi_nha-trang_2025_may.csv
2025-05-05 04:02:07.387995+07:00,Nha Trang,72,/dl/web/weather/ic-w-04-scattered-clouds-full.svg,5.0 km/h,86%,aqi_nha-trang_2025_may.csv
2025-05-05 05:01:53.640620+07:00,Nha Trang,69,/dl/web/weather/ic-w-04-scattered-clouds-full.svg,6.1 km/h,91%,aqi_nha-trang_2025_may.csv
2025-05-05 06:01:52.222731+07:00,Nha Trang,69,/dl/web/weather/ic-w-04-scattered-clouds-full.svg,6.0 km/h,88%,aqi_nha-trang_2025_may.csv
2025-05-05 07:05:34.958539+07:00,Nha Trang,69,/dl/web/weather/ic-w-04-scattered-clouds-full.svg,3.5 km/h,77%,aqi_nha-trang_2025_may.csv
2025-05-05 08:29:37.086234+07:00,Nha Trang,69,/dl/web/weather/ic-w-02-new-clouds-full.svg,1.9 km/h,71%,aqi_nha-trang_2025_may.csv
2025-05-05 09:31:38.630333+07:00,Nha Trang,69,/dl/web/weather/ic-w-02-new-clouds-full.svg,8.0 km/h,62%,aqi_nha-trang_2025_may.csv
2025-05-05 10:20:19.875175+07:00,Nha Trang,69,/dl/web/weather/ic-w-04-scattered-clouds-full.svg,13.5 km/h,56%,aqi_nha-trang_2025_may.csv
2025-05-05 11:03:04.197982+07:00,Nha Trang,66,/dl/web/weather/ic-w-04-scattered-clouds-full.svg,16.1 km/h,57%,aqi_nha-trang_2025_may.csv
2025-05-05 12:02:02.362067+07:00,Nha Trang,66,/dl/web/weather/ic-w-04-scattered-clouds-full.svg,16.1 km/h,57%,aqi_nha-trang_2025_may.csv
2025-05-05 13:02:17.584744+07:00,Nha Trang,66,/dl/web/weather/ic-w-04-scattered-clouds-full.svg,18.7 km/h,55%,aqi_nha-trang_2025_may.csv
2025-05-05 14:02:00.665935+07:00,Nha Trang,67,/dl/web/weather/ic-w-04-scattered-clouds-full.svg,18.7 km/h,55%,aqi_nha-trang_2025_may.csv
2025-05-05 15:02:09.241738+07:00,Nha Trang,67,/dl/web/weather/ic-w-04-scattered-clouds-full.svg,19.5 km/h,62%,aqi_nha-trang_2025_may.csv
2025-05-05 16:02:10.305530+07:00,Nha Trang,67,/dl/web/weather/ic-w-04-scattered-clouds-full.svg,17.9 km/h,62%,aqi_nha-trang_2025_may.csv
2025-05-05 17:02:14.899011+07:00,Nha Trang,28,/dl/web/weather/ic-w-04-scattered-clouds-full.svg,15.1 km/h,67%,aqi_nha-trang_2025_may.csv
2025-05-05 18:01:54.871569+07:00,Nha Trang,28,/dl/web/weather/ic-w-04-scattered-clouds-full.svg,15.1 km/h,67%,aqi_nha-trang_2025_may.csv
2025-05-05 19:02:14.225538+07:00,Nha Trang,28,/dl/web/weather/ic-w-04-scattered-clouds-full.svg,7.6 km/h,79%,aqi_nha-trang_2025_may.csv
2025-05-05 20:09:39.575250+07:00,Nha Trang,28,/dl/web/weather/ic-w-04-scattered-clouds-full.svg,7.1 km/h,80%,aqi_nha-trang_2025_may.csv
2025-05-05 21:02:04.385540+07:00,Nha Trang,28,/dl/web/weather/ic-w-04-scattered-clouds-full.svg,5.1 km/h,80%,aqi_nha-trang_2025_may.csv
2025-05-05 22:02:02.334737+07:00,Nha Trang,28,/dl/web/weather/ic-w-04-scattered-clouds-full.svg,4.7 km/h,84%,aqi_nha-trang_2025_may.csv
2025-05-05 23:02:09.291395+07:00,Nha Trang,40,/dl/web/weather/ic-w-04-scattered-clouds-full.svg,4.8 km/h,79%,aqi_nha-trang_2025_may.csv
2025-05-06 00:02:01.634268+07:00,Nha Trang,40,/dl/web/weather/ic-w-04-scattered-clouds-full.svg,4.8 km/h,79%,aqi_nha-trang_2025_may.csv
2025-05-06 01:02:06.865426+07:00,Nha Trang,40,/dl/web/weather/ic-w-04-scattered-clouds-full.svg,5.8 km/h,87%,aqi_nha-trang_2025_may.csv
2025-05-06 02:01:55.477773+07:00,Nha Trang,67,/dl/web/weather/ic-w-04-scattered-clouds-full.svg,4.7 km/h,86%,aqi_nha-trang_2025_may.csv
2025-05-06 03:02:12.576779+07:00,Nha Trang,67,/dl/web/weather/ic-w-04-scattered-clouds-full.svg,3.7 km/h,85%,aqi_nha-trang_2025_may.csv
2025-05-06 04:01:54.237235+07:00,Nha Trang,67,/dl/web/weather/ic-w-04-scattered-clouds-full.svg,6.1 km/h,84%,aqi_nha-trang_2025_may.csv
2025-05-06 05:01:48.002610+07:00,Nha Trang,68,/dl/web/weather/ic-w-04-scattered-clouds-full.svg,7.1 km/h,81%,aqi_nha-trang_2025_may.csv
2025-05-06 06:01:55.606777+07:00,Nha Trang,68,/dl/web/weather/ic-w-04-scattered-clouds-full.svg,7.1 km/h,81%,aqi_nha-trang_2025_may.csv
2025-05-06 07:05:02.006459+07:00,Nha Trang,68,/dl/web/weather/ic-w-02-new-clouds-full.svg,7.2 km/h,74%,aqi_nha-trang_2025_may.csv
2025-05-06 08:29:24.047689+07:00,Nha Trang,63,/dl/web/weather/ic-w-02-new-clouds-full.svg,3.1 km/h,65%,aqi_nha-trang_2025_may.csv
2025-05-06 09:30:19.511214+07:00,Nha Trang,63,/dl/web/weather/ic-w-04-scattered-clouds-full.svg,5.6 km/h,58%,aqi_nha-trang_2025_may.csv
2025-05-06 10:18:05.458185+07:00,Nha Trang,63,/dl/web/weather/ic-w-04-scattered-clouds-full.svg,11.4 km/h,61%,aqi_nha-trang_2025_may.csv
2025-05-06 11:02:02.556780+07:00,Nha Trang,63,/dl/web/weather/ic-w-04-scattered-clouds-full.svg,15.1 km/h,57%,aqi_nha-trang_2025_may.csv
2025-05-06 12:01:50.242996+07:00,Nha Trang,63,/dl/web/weather/ic-w-04-scattered-clouds-full.svg,19.0 km/h,50%,aqi_nha-trang_2025_may.csv
2025-05-06 13:02:09.585737+07:00,Nha Trang,63,/dl/web/weather/ic-w-04-scattered-clouds-full.svg,19.3 km/h,54%,aqi_nha-trang_2025_may.csv
2025-05-06 14:01:59.781150+07:00,Nha Trang,68,/dl/web/weather/ic-w-04-scattered-clouds-full.svg,19.3 km/h,54%,aqi_nha-trang_2025_may.csv
2025-05-06 15:02:08.711421+07:00,Nha Trang,68,/dl/web/weather/ic-w-04-scattered-clouds-full.svg,18.3 km/h,58%,aqi_nha-trang_2025_may.csv
2025-05-06 16:02:05.940604+07:00,Nha Trang,68,/dl/web/weather/ic-w-04-scattered-clouds-full.svg,15.1 km/h,54%,aqi_nha-trang_2025_may.csv
2025-05-06 17:02:14.069366+07:00,Nha Trang,68,/dl/web/weather/ic-w-04-scattered-clouds-full.svg,14.3 km/h,64%,aqi_nha-trang_2025_may.csv
2025-05-06 18:01:57.900342+07:00,Nha Trang,68,/dl/web/weather/ic-w-04-scattered-clouds-full.svg,11.9 km/h,72%,aqi_nha-trang_2025_may.csv
2025-05-06 19:02:26.210448+07:00,Nha Trang,68,/dl/web/weather/ic-w-04-scattered-clouds-full.svg,10.6 km/h,79%,aqi_nha-trang_2025_may.csv
2025-05-06 20:11:05.313436+07:00,Nha Trang,68,/dl/web/weather/ic-w-04-scattered-clouds-full.svg,8.7 km/h,80%,aqi_nha-trang_2025_may.csv
2025-05-06 21:02:13.392229+07:00,Nha Trang,68,/dl/web/weather/ic-w-04-scattered-clouds-full.svg,6.3 km/h,75%,aqi_nha-trang_2025_may.csv
2025-05-06 22:02:23.007397+07:00,Nha Trang,68,/dl/web/weather/ic-w-04-scattered-clouds-full.svg,4.0 km/h,82%,aqi_nha-trang_2025_may.csv
2025-05-06 23:02:09.655820+07:00,Nha Trang,70,/dl/web/weather/ic-w-04-scattered-clouds-full.svg,5.6 km/h,84%,aqi_nha-trang_2025_may.csv
2025-05-07 00:02:04.292411+07:00,Nha Trang,70,/dl/web/weather/ic-w-04-scattered-clouds-full.svg,5.8 km/h,86%,aqi_nha-trang_2025_may.csv
2025-05-07 01:02:10.136555+07:00,Nha Trang,70,/dl/web/weather/ic-w-04-scattered-clouds-full.svg,5.3 km/h,85%,aqi_nha-trang_2025_may.csv
2025-05-07 02:02:01.128359+07:00,Nha Trang,70,/dl/web/weather/ic-w-04-scattered-clouds-full.svg,5.3 km/h,85%,aqi_nha-trang_2025_may.csv
2025-05-07 03:02:07.546045+07:00,Nha Trang,70,/dl/web/weather/ic-w-04-scattered-clouds-full.svg,7.6 km/h,85%,aqi_nha-trang_2025_may.csv
2025-05-07 04:02:09.716435+07:00,Nha Trang,70,/dl/web/weather/ic-w-04-scattered-clouds-full.svg,7.9 km/h,84%,aqi_nha-trang_2025_may.csv
2025-05-07 05:01:50.725000+07:00,Nha Trang,69,/dl/web/weather/ic-w-04-scattered-clouds-full.svg,7.4 km/h,85%,aqi_nha-trang_2025_may.csv
2025-05-07 06:02:01.548971+07:00,Nha Trang,69,/dl/web/weather/ic-w-04-scattered-clouds-full.svg,7.9 km/h,83%,aqi_nha-trang_2025_may.csv
2025-05-07 07:05:02.067891+07:00,Nha Trang,69,/dl/web/weather/ic-w-04-scattered-clouds-full.svg,5.8 km/h,77%,aqi_nha-trang_2025_may.csv
2025-05-07 08:29:30.993257+07:00,Nha Trang,66,/dl/web/weather/ic-w-04-scattered-clouds-full.svg,4.5 km/h,65%,aqi_nha-trang_2025_may.csv
2025-05-07 09:30:41.395906+07:00,Nha Trang,66,/dl/web/weather/ic-w-04-scattered-clouds-full.svg,0.8 km/h,60%,aqi_nha-trang_2025_may.csv
2025-05-07 10:18:54.587021+07:00,Nha Trang,66,/dl/web/weather/ic-w-04-scattered-clouds-full.svg,6.6 km/h,54%,aqi_nha-trang_2025_may.csv
2025-05-07 11:02:24.380645+07:00,Nha Trang,60,/dl/web/weather/ic-w-04-scattered-clouds-full.svg,13.4 km/h,56%,aqi_nha-trang_2025_may.csv
2025-05-07 12:01:57.939550+07:00,Nha Trang,60,/dl/web/weather/ic-w-04-scattered-clouds-full.svg,19.2 km/h,55%,aqi_nha-trang_2025_may.csv
2025-05-07 13:02:18.114292+07:00,Nha Trang,60,/dl/web/weather/ic-w-04-scattered-clouds-full.svg,18.3 km/h,55%,aqi_nha-trang_2025_may.csv
2025-05-07 14:02:09.450564+07:00,Nha Trang,60,/dl/web/weather/ic-w-04-scattered-clouds-full.svg,14.6 km/h,55%,aqi_nha-trang_2025_may.csv
2025-05-07 15:02:11.826555+07:00,Nha Trang,60,/dl/web/weather/ic-w-04-scattered-clouds-full.svg,11.6 km/h,64%,aqi_nha-trang_2025_may.csv
2025-05-07 16:02:09.706235+07:00,Nha Trang,60,/dl/web/weather/ic-w-06-rain-full.svg,10.5 km/h,65%,aqi_nha-trang_2025_may.csv
2025-05-07 17:01:59.870386+07:00,Nha Trang,61,/dl/web/weather/ic-w-06-rain-full.svg,12.1 km/h,77%,aqi_nha-trang_2025_may.csv
2025-05-07 18:02:00.882953+07:00,Nha Trang,61,/dl/web/weather/ic-w-06-rain-full.svg,8.2 km/h,77%,aqi_nha-trang_2025_may.csv
2025-05-07 19:02:28.725949+07:00,Nha Trang,61,/dl/web/weather/ic-w-12-night-rain-full.svg,6.4 km/h,79%,aqi_nha-trang_2025_may.csv
2025-05-07 20:11:12.371657+07:00,Nha Trang,68,/dl/web/weather/ic-w-12-night-rain-full.svg,10.3 km/h,80%,aqi_nha-trang_2025_may.csv
2025-05-07 21:02:05.399886+07:00,Nha Trang,68,/dl/web/weather/ic-w-12-night-rain-full.svg,11.9 km/h,79%,aqi_nha-trang_2025_may.csv
2025-05-07 22:02:05.637959+07:00,Nha Trang,68,/dl/web/weather/ic-w-12-night-rain-full.svg,10.6 km/h,82%,aqi_nha-trang_2025_may.csv
2025-05-07 23:02:04.767300+07:00,Nha Trang,72,/dl/web/weather/ic-w-12-night-rain-full.svg,8.7 km/h,85%,aqi_nha-trang_2025_may.csv
2025-05-08 00:01:44.995775+07:00,Nha Trang,72,/dl/web/weather/ic-w-12-night-rain-full.svg,7.9 km/h,85%,aqi_nha-trang_2025_may.csv
2025-05-08 01:02:12.810525+07:00,Nha Trang,72,/dl/web/weather/ic-w-12-night-rain-full.svg,7.4 km/h,85%,aqi_nha-trang_2025_may.csv
2025-05-08 02:02:13.032926+07:00,Nha Trang,69,/dl/web/weather/ic-w-12-night-rain-full.svg,6.6 km/h,83%,aqi_nha-trang_2025_may.csv
2025-05-08 03:02:04.727148+07:00,Nha Trang,69,/dl/web/weather/ic-w-12-night-rain-full.svg,6.1 km/h,79%,aqi_nha-trang_2025_may.csv
2025-05-08 04:02:00.875818+07:00,Nha Trang,69,/dl/web/weather/ic-w-12-night-rain-full.svg,6.1 km/h,79%,aqi_nha-trang_2025_may.csv
2025-05-08 05:01:59.561960+07:00,Nha Trang,67,/dl/web/weather/ic-w-12-night-rain-full.svg,7.2 km/h,82%,aqi_nha-trang_2025_may.csv
2025-05-08 06:02:00.814692+07:00,Nha Trang,67,/dl/web/weather/ic-w-06-rain-full.svg,6.3 km/h,81%,aqi_nha-trang_2025_may.csv
2025-05-08 07:05:10.754771+07:00,Nha Trang,67,/dl/web/weather/ic-w-06-rain-full.svg,5.6 km/h,76%,aqi_nha-trang_2025_may.csv
2025-05-08 08:29:24.725336+07:00,Nha Trang,68,/dl/web/weather/ic-w-06-rain-full.svg,2.7 km/h,64%,aqi_nha-trang_2025_may.csv
2025-05-08 09:31:05.373516+07:00,Nha Trang,68,/dl/web/weather/ic-w-04-scattered-clouds-full.svg,3.7 km/h,58%,aqi_nha-trang_2025_may.csv
2025-05-08 10:19:30.460937+07:00,Nha Trang,68,/dl/web/weather/ic-w-04-scattered-clouds-full.svg,8.5 km/h,57%,aqi_nha-trang_2025_may.csv
2025-05-08 11:02:55.163187+07:00,Nha Trang,64,/dl/web/weather/ic-w-04-scattered-clouds-full.svg,11.3 km/h,56%,aqi_nha-trang_2025_may.csv
2025-05-08 12:01:57.281937+07:00,Nha Trang,64,/dl/web/weather/ic-w-04-scattered-clouds-full.svg,11.3 km/h,56%,aqi_nha-trang_2025_may.csv
2025-05-08 13:02:15.788747+07:00,Nha Trang,64,/dl/web/weather/ic-w-04-scattered-clouds-full.svg,19.2 km/h,52%,aqi_nha-trang_2025_may.csv
2025-05-08 14:01:59.975363+07:00,Nha Trang,71,/dl/web/weather/ic-w-04-scattered-clouds-full.svg,19.2 km/h,52%,aqi_nha-trang_2025_may.csv
2025-05-08 15:02:05.897695+07:00,Nha Trang,71,/dl/web/weather/ic-w-04-scattered-clouds-full.svg,15.1 km/h,57%,aqi_nha-trang_2025_may.csv
2025-05-08 16:01:59.593579+07:00,Nha Trang,71,/dl/web/weather/ic-w-04-scattered-clouds-full.svg,15.1 km/h,57%,aqi_nha-trang_2025_may.csv
2025-05-08 17:02:08.040957+07:00,Nha Trang,72,/dl/web/weather/ic-w-04-scattered-clouds-full.svg,12.9 km/h,68%,aqi_nha-trang_2025_may.csv
2025-05-08 18:01:55.297945+07:00,Nha Trang,72,/dl/web/weather/ic-w-04-scattered-clouds-full.svg,12.9 km/h,68%,aqi_nha-trang_2025_may.csv
2025-05-08 19:02:22.253454+07:00,Nha Trang,72,/dl/web/weather/ic-w-04-scattered-clouds-full.svg,6.9 km/h,78%,aqi_nha-trang_2025_may.csv
2025-05-08 20:10:16.905328+07:00,Nha Trang,72,/dl/web/weather/ic-w-04-scattered-clouds-full.svg,10.3 km/h,75%,aqi_nha-trang_2025_may.csv
2025-05-08 21:01:57.366457+07:00,Nha Trang,72,/dl/web/weather/ic-w-04-scattered-clouds-full.svg,10.3 km/h,75%,aqi_nha-trang_2025_may.csv
2025-05-08 22:02:00.776744+07:00,Nha Trang,72,/dl/web/weather/ic-w-04-scattered-clouds-full.svg,8.9 km/h,77%,aqi_nha-trang_2025_may.csv
2025-05-08 23:02:11.965892+07:00,Nha Trang,74,/dl/web/weather/ic-w-04-scattered-clouds-full.svg,6.4 km/h,76%,aqi_nha-trang_2025_may.csv
2025-05-09 00:02:03.278109+07:00,Nha Trang,74,/dl/web/weather/ic-w-04-scattered-clouds-full.svg,4.5 km/h,78%,aqi_nha-trang_2025_may.csv
2025-05-09 01:02:08.571842+07:00,Nha Trang,74,/dl/web/weather/ic-w-04-scattered-clouds-full.svg,7.6 km/h,80%,aqi_nha-trang_2025_may.csv
2025-05-09 02:02:05.841671+07:00,Nha Trang,70,/dl/web/weather/ic-w-04-scattered-clouds-full.svg,7.6 km/h,79%,aqi_nha-trang_2025_may.csv
2025-05-09 03:02:10.942304+07:00,Nha Trang,70,/dl/web/weather/ic-w-04-scattered-clouds-full.svg,5.3 km/h,79%,aqi_nha-trang_2025_may.csv
2025-05-09 04:02:10.105588+07:00,Nha Trang,70,/dl/web/weather/ic-w-04-scattered-clouds-full.svg,4.8 km/h,80%,aqi_nha-trang_2025_may.csv
2025-05-09 05:02:01.731669+07:00,Nha Trang,64,/dl/web/weather/ic-w-04-scattered-clouds-full.svg,5.0 km/h,79%,aqi_nha-trang_2025_may.csv
2025-05-09 06:02:08.886673+07:00,Nha Trang,64,/dl/web/weather/ic-w-04-scattered-clouds-full.svg,5.1 km/h,77%,aqi_nha-trang_2025_may.csv
2025-05-09 07:05:03.548451+07:00,Nha Trang,64,/dl/web/weather/ic-w-04-scattered-clouds-full.svg,4.5 km/h,72%,aqi_nha-trang_2025_may.csv
2025-05-09 08:29:32.339782+07:00,Nha Trang,65,/dl/web/weather/ic-w-04-scattered-clouds-full.svg,4.2 km/h,67%,aqi_nha-trang_2025_may.csv
2025-05-09 09:30:51.269219+07:00,Nha Trang,65,/dl/web/weather/ic-w-04-scattered-clouds-full.svg,1.8 km/h,59%,aqi_nha-trang_2025_may.csv
2025-05-09 10:18:45.678245+07:00,Nha Trang,65,/dl/web/weather/ic-w-04-scattered-clouds-full.svg,5.8 km/h,59%,aqi_nha-trang_2025_may.csv
2025-05-09 11:03:12.365560+07:00,Nha Trang,67,/dl/web/weather/ic-w-04-scattered-clouds-full.svg,12.2 km/h,59%,aqi_nha-trang_2025_may.csv
2025-05-09 12:02:05.202720+07:00,Nha Trang,67,/dl/web/weather/ic-w-04-scattered-clouds-full.svg,15.0 km/h,52%,aqi_nha-trang_2025_may.csv
2025-05-09 13:02:17.703852+07:00,Nha Trang,67,/dl/web/weather/ic-w-04-scattered-clouds-full.svg,15.1 km/h,53%,aqi_nha-trang_2025_may.csv
2025-05-09 14:02:10.551645+07:00,Nha Trang,74,/dl/web/weather/ic-w-04-scattered-clouds-full.svg,15.1 km/h,56%,aqi_nha-trang_2025_may.csv
2025-05-09 15:02:22.763327+07:00,Nha Trang,74,/dl/web/weather/ic-w-04-scattered-clouds-full.svg,13.0 km/h,52%,aqi_nha-trang_2025_may.csv
2025-05-09 16:02:04.893136+07:00,Nha Trang,74,/dl/web/weather/ic-w-04-scattered-clouds-full.svg,12.1 km/h,61%,aqi_nha-trang_2025_may.csv
2025-05-09 17:02:22.253051+07:00,Nha Trang,72,/dl/web/weather/ic-w-04-scattered-clouds-full.svg,10.3 km/h,69%,aqi_nha-trang_2025_may.csv
2025-05-09 18:01:59.427045+07:00,Nha Trang,72,/dl/web/weather/ic-w-04-scattered-clouds-full.svg,10.3 km/h,75%,aqi_nha-trang_2025_may.csv
2025-05-09 19:02:11.464143+07:00,Nha Trang,72,/dl/web/weather/ic-w-04-scattered-clouds-full.svg,8.0 km/h,78%,aqi_nha-trang_2025_may.csv
2025-05-09 20:09:24.552563+07:00,Nha Trang,70,/dl/web/weather/ic-w-04-scattered-clouds-full.svg,6.8 km/h,73%,aqi_nha-trang_2025_may.csv
2025-05-09 21:01:50.869744+07:00,Nha Trang,70,/dl/web/weather/ic-w-04-scattered-clouds-full.svg,6.8 km/h,73%,aqi_nha-trang_2025_may.csv
2025-05-09 22:02:05.728112+07:00,Nha Trang,70,/dl/web/weather/ic-w-04-scattered-clouds-full.svg,6.1 km/h,80%,aqi_nha-trang_2025_may.csv
2025-05-09 23:02:16.390036+07:00,Nha Trang,69,/dl/web/weather/ic-w-04-scattered-clouds-full.svg,6.4 km/h,74%,aqi_nha-trang_2025_may.csv
2025-05-10 00:02:03.788089+07:00,Nha Trang,69,/dl/web/weather/ic-w-04-scattered-clouds-full.svg,3.9 km/h,81%,aqi_nha-trang_2025_may.csv
2025-05-10 01:02:22.017403+07:00,Nha Trang,69,/dl/web/weather/ic-w-04-scattered-clouds-full.svg,6.1 km/h,82%,aqi_nha-trang_2025_may.csv
2025-05-10 02:02:21.612740+07:00,Nha Trang,69,/dl/web/weather/ic-w-04-scattered-clouds-full.svg,6.1 km/h,82%,aqi_nha-trang_2025_may.csv
2025-05-10 03:02:11.916228+07:00,Nha Trang,69,/dl/web/weather/ic-w-04-scattered-clouds-full.svg,6.4 km/h,84%,aqi_nha-trang_2025_may.csv
2025-05-10 04:01:53.964100+07:00,Nha Trang,69,/dl/web/weather/ic-w-04-scattered-clouds-full.svg,6.4 km/h,84%,aqi_nha-trang_2025_may.csv
2025-05-10 05:02:05.494480+07:00,Nha Trang,69,/dl/web/weather/ic-w-04-scattered-clouds-full.svg,6.1 km/h,82%,aqi_nha-trang_2025_may.csv
2025-05-10 06:01:57.835546+07:00,Nha Trang,69,/dl/web/weather/ic-w-04-scattered-clouds-full.svg,6.1 km/h,82%,aqi_nha-trang_2025_may.csv
2025-05-10 07:04:49.058724+07:00,Nha Trang,69,/dl/web/weather/ic-w-04-scattered-clouds-full.svg,3.9 km/h,78%,aqi_nha-trang_2025_may.csv
2025-05-10 08:29:19.026465+07:00,Nha Trang,69,/dl/web/weather/ic-w-04-scattered-clouds-full.svg,0.3 km/h,68%,aqi_nha-trang_2025_may.csv
2025-05-10 09:29:11.040722+07:00,Nha Trang,69,/dl/web/weather/ic-w-04-scattered-clouds-full.svg,5.5 km/h,62%,aqi_nha-trang_2025_may.csv
2025-05-10 10:16:33.626278+07:00,Nha Trang,69,/dl/web/weather/ic-w-04-scattered-clouds-full.svg,9.8 km/h,58%,aqi_nha-trang_2025_may.csv
2025-05-10 11:02:03.758970+07:00,Nha Trang,64,/dl/web/weather/ic-w-04-scattered-clouds-full.svg,13.4 km/h,60%,aqi_nha-trang_2025_may.csv
2025-05-10 12:01:58.120919+07:00,Nha Trang,64,/dl/web/weather/ic-w-04-scattered-clouds-full.svg,13.4 km/h,60%,aqi_nha-trang_2025_may.csv
2025-05-10 13:01:59.729582+07:00,Nha Trang,64,/dl/web/weather/ic-w-04-scattered-clouds-full.svg,15.9 km/h,69%,aqi_nha-trang_2025_may.csv
2025-05-10 14:01:53.515393+07:00,Nha Trang,66,/dl/web/weather/ic-w-04-scattered-clouds-full.svg,19.0 km/h,63%,aqi_nha-trang_2025_may.csv
2025-05-10 15:02:15.003869+07:00,Nha Trang,66,/dl/web/weather/ic-w-04-scattered-clouds-full.svg,16.6 km/h,71%,aqi_nha-trang_2025_may.csv
2025-05-10 16:01:51.682772+07:00,Nha Trang,66,/dl/web/weather/ic-w-04-scattered-clouds-full.svg,16.6 km/h,71%,aqi_nha-trang_2025_may.csv
2025-05-10 17:01:55.921090+07:00,Nha Trang,68,/dl/web/weather/ic-w-06-rain-full.svg,15.4 km/h,73%,aqi_nha-trang_2025_may.csv
2025-05-10 18:01:50.580886+07:00,Nha Trang,68,/dl/web/weather/ic-w-04-scattered-clouds-full.svg,14.3 km/h,78%,aqi_nha-trang_2025_may.csv
2025-05-10 19:02:08.661861+07:00,Nha Trang,68,/dl/web/weather/ic-w-04-scattered-clouds-full.svg,8.2 km/h,82%,aqi_nha-trang_2025_may.csv
2025-05-10 20:07:06.387203+07:00,Nha Trang,70,/dl/web/weather/ic-w-04-scattered-clouds-full.svg,6.8 km/h,86%,aqi_nha-trang_2025_may.csv
2025-05-10 21:01:55.245199+07:00,Nha Trang,70,/dl/web/weather/ic-w-04-scattered-clouds-full.svg,4.5 km/h,86%,aqi_nha-trang_2025_may.csv
2025-05-10 22:01:57.445980+07:00,Nha Trang,70,/dl/web/weather/ic-w-04-scattered-clouds-full.svg,4.5 km/h,86%,aqi_nha-trang_2025_may.csv
2025-05-10 23:02:11.972634+07:00,Nha Trang,69,/dl/web/weather/ic-w-04-scattered-clouds-full.svg,5.0 km/h,90%,aqi_nha-trang_2025_may.csv
2025-05-11 00:01:49.160571+07:00,Nha Trang,69,/dl/web/weather/ic-w-04-scattered-clouds-full.svg,5.0 km/h,90%,aqi_nha-trang_2025_may.csv
2025-05-11 01:02:00.894324+07:00,Nha Trang,69,/dl/web/weather/ic-w-04-scattered-clouds-full.svg,7.2 km/h,89%,aqi_nha-trang_2025_may.csv
2025-05-11 02:01:43.593655+07:00,Nha Trang,67,/dl/web/weather/ic-w-04-scattered-clouds-full.svg,7.1 km/h,89%,aqi_nha-trang_2025_may.csv
2025-05-11 03:02:00.816974+07:00,Nha Trang,67,/dl/web/weather/ic-w-04-scattered-clouds-full.svg,7.1 km/h,89%,aqi_nha-trang_2025_may.csv
2025-05-11 04:01:57.753166+07:00,Nha Trang,67,/dl/web/weather/ic-w-04-scattered-clouds-full.svg,7.2 km/h,86%,aqi_nha-trang_2025_may.csv
2025-05-11 05:01:47.039295+07:00,Nha Trang,61,/dl/web/weather/ic-w-04-scattered-clouds-full.svg,7.9 km/h,87%,aqi_nha-trang_2025_may.csv
2025-05-11 06:01:54.642752+07:00,Nha Trang,61,/dl/web/weather/ic-w-04-scattered-clouds-full.svg,6.9 km/h,86%,aqi_nha-trang_2025_may.csv
2025-05-11 07:05:27.387255+07:00,Nha Trang,61,/dl/web/weather/ic-w-04-scattered-clouds-full.svg,5.6 km/h,80%,aqi_nha-trang_2025_may.csv
2025-05-11 08:29:58.220087+07:00,Nha Trang,63,/dl/web/weather/ic-w-04-scattered-clouds-full.svg,3.1 km/h,75%,aqi_nha-trang_2025_may.csv
2025-05-11 09:31:57.904369+07:00,Nha Trang,63,/dl/web/weather/ic-w-04-scattered-clouds-full.svg,1.8 km/h,65%,aqi_nha-trang_2025_may.csv
2025-05-11 10:20:34.368520+07:00,Nha Trang,63,/dl/web/weather/ic-w-04-scattered-clouds-full.svg,8.7 km/h,66%,aqi_nha-trang_2025_may.csv
2025-05-11 11:03:19.441468+07:00,Nha Trang,60,/dl/web/weather/ic-w-04-scattered-clouds-full.svg,13.0 km/h,66%,aqi_nha-trang_2025_may.csv
2025-05-11 12:02:08.115482+07:00,Nha Trang,60,/dl/web/weather/ic-w-04-scattered-clouds-full.svg,16.1 km/h,62%,aqi_nha-trang_2025_may.csv
2025-05-11 13:02:14.755108+07:00,Nha Trang,60,/dl/web/weather/ic-w-04-scattered-clouds-full.svg,16.3 km/h,59%,aqi_nha-trang_2025_may.csv
2025-05-11 14:01:49.217461+07:00,Nha Trang,66,/dl/web/weather/ic-w-04-scattered-clouds-full.svg,16.3 km/h,59%,aqi_nha-trang_2025_may.csv
2025-05-11 15:02:09.851699+07:00,Nha Trang,66,/dl/web/weather/ic-w-04-scattered-clouds-full.svg,16.1 km/h,66%,aqi_nha-trang_2025_may.csv
2025-05-11 16:02:05.303866+07:00,Nha Trang,66,/dl/web/weather/ic-w-04-scattered-clouds-full.svg,11.9 km/h,77%,aqi_nha-trang_2025_may.csv
2025-05-11 17:01:55.362776+07:00,Nha Trang,71,/dl/web/weather/ic-w-04-scattered-clouds-full.svg,4.0 km/h,82%,aqi_nha-trang_2025_may.csv
2025-05-11 18:01:52.703884+07:00,Nha Trang,71,/dl/web/weather/ic-w-04-scattered-clouds-full.svg,2.9 km/h,85%,aqi_nha-trang_2025_may.csv
2025-05-11 19:02:06.684906+07:00,Nha Trang,71,/dl/web/weather/ic-w-04-scattered-clouds-full.svg,14.2 km/h,85%,aqi_nha-trang_2025_may.csv
2025-05-11 20:06:52.409822+07:00,Nha Trang,72,/dl/web/weather/ic-w-04-scattered-clouds-full.svg,10.9 km/h,81%,aqi_nha-trang_2025_may.csv
2025-05-11 21:01:52.410014+07:00,Nha Trang,72,/dl/web/weather/ic-w-04-scattered-clouds-full.svg,7.7 km/h,80%,aqi_nha-trang_2025_may.csv
2025-05-11 22:01:53.914536+07:00,Nha Trang,72,/dl/web/weather/ic-w-12-night-rain-full.svg,7.1 km/h,79%,aqi_nha-trang_2025_may.csv
2025-05-11 23:01:57.830649+07:00,Nha Trang,72,/dl/web/weather/ic-w-12-night-rain-full.svg,7.9 km/h,83%,aqi_nha-trang_2025_may.csv
2025-05-12 00:01:54.108645+07:00,Nha Trang,72,/dl/web/weather/ic-w-12-night-rain-full.svg,7.9 km/h,83%,aqi_nha-trang_2025_may.csv
2025-05-12 01:01:59.638025+07:00,Nha Trang,72,/dl/web/weather/ic-w-04-scattered-clouds-full.svg,7.1 km/h,84%,aqi_nha-trang_2025_may.csv
2025-05-12 02:01:44.425185+07:00,Nha Trang,69,/dl/web/weather/ic-w-04-scattered-clouds-full.svg,7.1 km/h,84%,aqi_nha-trang_2025_may.csv
2025-05-12 03:01:52.213734+07:00,Nha Trang,69,/dl/web/weather/ic-w-04-scattered-clouds-full.svg,6.1 km/h,83%,aqi_nha-trang_2025_may.csv
2025-05-12 04:01:54.760833+07:00,Nha Trang,69,/dl/web/weather/ic-w-04-scattered-clouds-full.svg,5.6 km/h,87%,aqi_nha-trang_2025_may.csv
2025-05-12 05:01:48.258995+07:00,Nha Trang,71,/dl/web/weather/ic-w-04-scattered-clouds-full.svg,5.6 km/h,87%,aqi_nha-trang_2025_may.csv
2025-05-12 06:01:54.248887+07:00,Nha Trang,71,/dl/web/weather/ic-w-04-scattered-clouds-full.svg,6.6 km/h,85%,aqi_nha-trang_2025_may.csv
2025-05-12 07:05:40.932392+07:00,Nha Trang,71,/dl/web/weather/ic-w-04-scattered-clouds-full.svg,4.5 km/h,76%,aqi_nha-trang_2025_may.csv
2025-05-12 08:29:43.902532+07:00,Nha Trang,67,/dl/web/weather/ic-w-04-scattered-clouds-full.svg,2.3 km/h,71%,aqi_nha-trang_2025_may.csv
2025-05-12 09:31:21.671510+07:00,Nha Trang,67,/dl/web/weather/ic-w-04-scattered-clouds-full.svg,6.3 km/h,66%,aqi_nha-trang_2025_may.csv
2025-05-12 10:20:42.970057+07:00,Nha Trang,67,/dl/web/weather/ic-w-04-scattered-clouds-full.svg,10.8 km/h,70%,aqi_nha-trang_2025_may.csv
2025-05-12 11:04:04.666371+07:00,Nha Trang,64,/dl/web/weather/ic-w-04-scattered-clouds-full.svg,13.7 km/h,69%,aqi_nha-trang_2025_may.csv
2025-05-12 12:02:10.651913+07:00,Nha Trang,64,/dl/web/weather/ic-w-04-scattered-clouds-full.svg,14.3 km/h,68%,aqi_nha-trang_2025_may.csv
2025-05-12 13:02:40.742320+07:00,Nha Trang,64,/dl/web/weather/ic-w-04-scattered-clouds-full.svg,14.0 km/h,71%,aqi_nha-trang_2025_may.csv
2025-05-12 14:02:13.634015+07:00,Nha Trang,66,/dl/web/weather/ic-w-04-scattered-clouds-full.svg,14.2 km/h,76%,aqi_nha-trang_2025_may.csv
2025-05-12 15:02:03.409841+07:00,Nha Trang,66,/dl/web/weather/ic-w-04-scattered-clouds-full.svg,14.2 km/h,76%,aqi_nha-trang_2025_may.csv
2025-05-12 16:02:09.765990+07:00,Nha Trang,66,/dl/web/weather/ic-w-04-scattered-clouds-full.svg,12.2 km/h,79%,aqi_nha-trang_2025_may.csv
2025-05-12 17:02:00.250869+07:00,Nha Trang,65,/dl/web/weather/ic-w-04-scattered-clouds-full.svg,12.2 km/h,79%,aqi_nha-trang_2025_may.csv
2025-05-12 18:02:01.702122+07:00,Nha Trang,65,/dl/web/weather/ic-w-04-scattered-clouds-full.svg,10.3 km/h,88%,aqi_nha-trang_2025_may.csv
2025-05-12 19:02:35.169757+07:00,Nha Trang,65,/dl/web/weather/ic-w-04-scattered-clouds-full.svg,6.0 km/h,88%,aqi_nha-trang_2025_may.csv
2025-05-12 20:11:08.117563+07:00,Nha Trang,65,/dl/web/weather/ic-w-04-scattered-clouds-full.svg,5.5 km/h,88%,aqi_nha-trang_2025_may.csv
2025-05-12 21:02:17.962657+07:00,Nha Trang,65,/dl/web/weather/ic-w-04-scattered-clouds-full.svg,3.5 km/h,88%,aqi_nha-trang_2025_may.csv
2025-05-12 22:01:58.482341+07:00,Nha Trang,65,/dl/web/weather/ic-w-04-scattered-clouds-full.svg,5.0 km/h,88%,aqi_nha-trang_2025_may.csv
2025-05-12 23:02:12.756268+07:00,Nha Trang,68,/dl/web/weather/ic-w-04-scattered-clouds-full.svg,4.7 km/h,88%,aqi_nha-trang_2025_may.csv
2025-05-13 00:02:06.205014+07:00,Nha Trang,68,/dl/web/weather/ic-w-04-scattered-clouds-full.svg,4.7 km/h,88%,aqi_nha-trang_2025_may.csv
2025-05-13 01:02:11.117276+07:00,Nha Trang,68,/dl/web/weather/ic-w-04-scattered-clouds-full.svg,5.6 km/h,90%,aqi_nha-trang_2025_may.csv
2025-05-13 02:01:58.493073+07:00,Nha Trang,69,/dl/web/weather/ic-w-04-scattered-clouds-full.svg,5.8 km/h,91%,aqi_nha-trang_2025_may.csv
2025-05-13 03:01:58.207681+07:00,Nha Trang,69,/dl/web/weather/ic-w-04-scattered-clouds-full.svg,5.8 km/h,91%,aqi_nha-trang_2025_may.csv
2025-05-13 04:01:57.014010+07:00,Nha Trang,69,/dl/web/weather/ic-w-04-scattered-clouds-full.svg,5.3 km/h,91%,aqi_nha-trang_2025_may.csv
2025-05-13 05:02:03.253108+07:00,Nha Trang,71,/dl/web/weather/ic-w-04-scattered-clouds-full.svg,4.7 km/h,90%,aqi_nha-trang_2025_may.csv
2025-05-13 06:01:57.232312+07:00,Nha Trang,71,/dl/web/weather/ic-w-04-scattered-clouds-full.svg,4.8 km/h,89%,aqi_nha-trang_2025_may.csv
2025-05-13 07:05:25.417114+07:00,Nha Trang,71,/dl/web/weather/ic-w-04-scattered-clouds-full.svg,4.3 km/h,86%,aqi_nha-trang_2025_may.csv
2025-05-13 08:29:33.408846+07:00,Nha Trang,66,/dl/web/weather/ic-w-04-scattered-clouds-full.svg,2.7 km/h,78%,aqi_nha-trang_2025_may.csv
2025-05-13 09:31:06.967562+07:00,Nha Trang,66,/dl/web/weather/ic-w-04-scattered-clouds-full.svg,3.5 km/h,69%,aqi_nha-trang_2025_may.csv
2025-05-13 10:19:49.608109+07:00,Nha Trang,66,/dl/web/weather/ic-w-04-scattered-clouds-full.svg,9.2 km/h,66%,aqi_nha-trang_2025_may.csv
2025-05-13 11:03:08.042937+07:00,Nha Trang,63,/dl/web/weather/ic-w-04-scattered-clouds-full.svg,14.0 km/h,66%,aqi_nha-trang_2025_may.csv
2025-05-13 12:02:05.318588+07:00,Nha Trang,63,/dl/web/weather/ic-w-04-scattered-clouds-full.svg,14.3 km/h,70%,aqi_nha-trang_2025_may.csv
2025-05-13 13:02:11.499894+07:00,Nha Trang,63,/dl/web/weather/ic-w-04-scattered-clouds-full.svg,13.8 km/h,69%,aqi_nha-trang_2025_may.csv
2025-05-13 14:02:05.787528+07:00,Nha Trang,65,/dl/web/weather/ic-w-04-scattered-clouds-full.svg,13.0 km/h,76%,aqi_nha-trang_2025_may.csv
2025-05-13 15:02:11.439781+07:00,Nha Trang,65,/dl/web/weather/ic-w-04-scattered-clouds-full.svg,10.8 km/h,78%,aqi_nha-trang_2025_may.csv
2025-05-13 16:02:02.203706+07:00,Nha Trang,65,/dl/web/weather/ic-w-04-scattered-clouds-full.svg,8.2 km/h,80%,aqi_nha-trang_2025_may.csv
2025-05-13 17:02:20.162289+07:00,Nha Trang,66,/dl/web/weather/ic-w-04-scattered-clouds-full.svg,7.2 km/h,83%,aqi_nha-trang_2025_may.csv
2025-05-13 18:02:02.235450+07:00,Nha Trang,66,/dl/web/weather/ic-w-04-scattered-clouds-full.svg,7.2 km/h,83%,aqi_nha-trang_2025_may.csv
2025-05-13 19:02:26.617904+07:00,Nha Trang,66,/dl/web/weather/ic-w-12-night-rain-full.svg,6.4 km/h,88%,aqi_nha-trang_2025_may.csv
2025-05-13 20:11:29.650558+07:00,Nha Trang,65,/dl/web/weather/ic-w-04-scattered-clouds-full.svg,6.3 km/h,88%,aqi_nha-trang_2025_may.csv
2025-05-13 21:02:18.829642+07:00,Nha Trang,65,/dl/web/weather/ic-w-04-scattered-clouds-full.svg,6.3 km/h,88%,aqi_nha-trang_2025_may.csv
2025-05-13 22:02:18.494670+07:00,Nha Trang,65,/dl/web/weather/ic-w-04-scattered-clouds-full.svg,4.2 km/h,88%,aqi_nha-trang_2025_may.csv
2025-05-13 23:02:04.660693+07:00,Nha Trang,61,/dl/web/weather/ic-w-04-scattered-clouds-full.svg,4.0 km/h,89%,aqi_nha-trang_2025_may.csv
2025-05-14 00:02:04.956188+07:00,Nha Trang,61,/dl/web/weather/ic-w-04-scattered-clouds-full.svg,5.0 km/h,90%,aqi_nha-trang_2025_may.csv
2025-05-14 01:02:36.338933+07:00,Nha Trang,61,/dl/web/weather/ic-w-04-scattered-clouds-full.svg,3.1 km/h,91%,aqi_nha-trang_2025_may.csv
2025-05-14 02:02:11.391937+07:00,Nha Trang,65,/dl/web/weather/ic-w-04-scattered-clouds-full.svg,3.9 km/h,90%,aqi_nha-trang_2025_may.csv
2025-05-14 03:02:01.452288+07:00,Nha Trang,65,/dl/web/weather/ic-w-04-scattered-clouds-full.svg,4.7 km/h,91%,aqi_nha-trang_2025_may.csv
2025-05-14 04:02:09.467603+07:00,Nha Trang,65,/dl/web/weather/ic-w-04-scattered-clouds-full.svg,5.5 km/h,92%,aqi_nha-trang_2025_may.csv
2025-05-14 05:02:05.626924+07:00,Nha Trang,70,/dl/web/weather/ic-w-04-scattered-clouds-full.svg,5.5 km/h,92%,aqi_nha-trang_2025_may.csv
2025-05-14 06:01:55.446320+07:00,Nha Trang,70,/dl/web/weather/ic-w-04-scattered-clouds-full.svg,5.3 km/h,91%,aqi_nha-trang_2025_may.csv
2025-05-14 07:04:53.357818+07:00,Nha Trang,70,/dl/web/weather/ic-w-04-scattered-clouds-full.svg,5.1 km/h,87%,aqi_nha-trang_2025_may.csv
2025-05-14 08:29:29.286276+07:00,Nha Trang,67,/dl/web/weather/ic-w-04-scattered-clouds-full.svg,2.9 km/h,79%,aqi_nha-trang_2025_may.csv
2025-05-14 09:30:46.745758+07:00,Nha Trang,67,/dl/web/weather/ic-w-04-scattered-clouds-full.svg,2.6 km/h,72%,aqi_nha-trang_2025_may.csv
2025-05-14 10:19:04.822901+07:00,Nha Trang,67,/dl/web/weather/ic-w-04-scattered-clouds-full.svg,4.3 km/h,69%,aqi_nha-trang_2025_may.csv
2025-05-14 11:02:39.647265+07:00,Nha Trang,62,/dl/web/weather/ic-w-04-scattered-clouds-full.svg,8.4 km/h,67%,aqi_nha-trang_2025_may.csv
2025-05-14 12:01:59.391488+07:00,Nha Trang,62,/dl/web/weather/ic-w-04-scattered-clouds-full.svg,11.6 km/h,63%,aqi_nha-trang_2025_may.csv
2025-05-14 13:02:28.634469+07:00,Nha Trang,62,/dl/web/weather/ic-w-04-scattered-clouds-full.svg,12.7 km/h,59%,aqi_nha-trang_2025_may.csv
2025-05-14 14:02:07.302465+07:00,Nha Trang,60,/dl/web/weather/ic-w-04-scattered-clouds-full.svg,13.7 km/h,62%,aqi_nha-trang_2025_may.csv
2025-05-14 15:02:07.537100+07:00,Nha Trang,60,/dl/web/weather/ic-w-04-scattered-clouds-full.svg,11.1 km/h,65%,aqi_nha-trang_2025_may.csv
2025-05-14 16:02:07.576947+07:00,Nha Trang,60,/dl/web/weather/ic-w-04-scattered-clouds-full.svg,8.7 km/h,66%,aqi_nha-trang_2025_may.csv
2025-05-14 17:02:08.341254+07:00,Nha Trang,57,/dl/web/weather/ic-w-04-scattered-clouds-full.svg,6.8 km/h,69%,aqi_nha-trang_2025_may.csv
2025-05-14 18:01:54.070873+07:00,Nha Trang,57,/dl/web/weather/ic-w-04-scattered-clouds-full.svg,5.8 km/h,76%,aqi_nha-trang_2025_may.csv
2025-05-14 19:02:23.725505+07:00,Nha Trang,57,/dl/web/weather/ic-w-04-scattered-clouds-full.svg,3.7 km/h,80%,aqi_nha-trang_2025_may.csv
2025-05-14 20:10:29.942049+07:00,Nha Trang,61,/dl/web/weather/ic-w-04-scattered-clouds-full.svg,2.4 km/h,83%,aqi_nha-trang_2025_may.csv
2025-05-14 21:02:02.371395+07:00,Nha Trang,61,/dl/web/weather/ic-w-04-scattered-clouds-full.svg,4.0 km/h,84%,aqi_nha-trang_2025_may.csv
2025-05-14 22:01:58.877487+07:00,Nha Trang,61,/dl/web/weather/ic-w-04-scattered-clouds-full.svg,6.0 km/h,84%,aqi_nha-trang_2025_may.csv
2025-05-14 23:02:01.181807+07:00,Nha Trang,68,/dl/web/weather/ic-w-04-scattered-clouds-full.svg,6.6 km/h,85%,aqi_nha-trang_2025_may.csv
2025-05-15 00:02:27.410285+07:00,Nha Trang,68,/dl/web/weather/ic-w-04-scattered-clouds-full.svg,7.1 km/h,87%,aqi_nha-trang_2025_may.csv
2025-05-15 01:02:15.584881+07:00,Nha Trang,68,/dl/web/weather/ic-w-04-scattered-clouds-full.svg,6.8 km/h,88%,aqi_nha-trang_2025_may.csv
2025-05-15 02:02:14.489090+07:00,Nha Trang,66,/dl/web/weather/ic-w-04-scattered-clouds-full.svg,7.2 km/h,89%,aqi_nha-trang_2025_may.csv
2025-05-15 03:02:31.169504+07:00,Nha Trang,66,/dl/web/weather/ic-w-04-scattered-clouds-full.svg,7.2 km/h,89%,aqi_nha-trang_2025_may.csv
2025-05-15 04:02:05.416480+07:00,Nha Trang,66,/dl/web/weather/ic-w-04-scattered-clouds-full.svg,6.4 km/h,88%,aqi_nha-trang_2025_may.csv
2025-05-15 05:02:30.452568+07:00,Nha Trang,66,/dl/web/weather/ic-w-04-scattered-clouds-full.svg,6.4 km/h,88%,aqi_nha-trang_2025_may.csv
2025-05-15 06:02:06.457962+07:00,Nha Trang,66,/dl/web/weather/ic-w-04-scattered-clouds-full.svg,7.2 km/h,88%,aqi_nha-trang_2025_may.csv
2025-05-15 07:05:01.164920+07:00,Nha Trang,66,/dl/web/weather/ic-w-04-scattered-clouds-full.svg,6.1 km/h,76%,aqi_nha-trang_2025_may.csv
2025-05-15 08:29:26.071891+07:00,Nha Trang,63,/dl/web/weather/ic-w-04-scattered-clouds-full.svg,1.4 km/h,66%,aqi_nha-trang_2025_may.csv
2025-05-15 09:30:32.899047+07:00,Nha Trang,63,/dl/web/weather/ic-w-04-scattered-clouds-full.svg,4.5 km/h,61%,aqi_nha-trang_2025_may.csv
2025-05-15 10:19:28.199925+07:00,Nha Trang,63,/dl/web/weather/ic-w-04-scattered-clouds-full.svg,10.5 km/h,62%,aqi_nha-trang_2025_may.csv
2025-05-15 11:02:43.535765+07:00,Nha Trang,60,/dl/web/weather/ic-w-04-scattered-clouds-full.svg,14.3 km/h,61%,aqi_nha-trang_2025_may.csv
2025-05-15 12:02:15.736698+07:00,Nha Trang,60,/dl/web/weather/ic-w-04-scattered-clouds-full.svg,15.3 km/h,61%,aqi_nha-trang_2025_may.csv
2025-05-15 13:02:12.712257+07:00,Nha Trang,60,/dl/web/weather/ic-w-04-scattered-clouds-full.svg,15.1 km/h,60%,aqi_nha-trang_2025_may.csv
2025-05-15 14:02:02.295754+07:00,Nha Trang,58,/dl/web/weather/ic-w-04-scattered-clouds-full.svg,15.1 km/h,60%,aqi_nha-trang_2025_may.csv
2025-05-15 15:02:20.774189+07:00,Nha Trang,58,/dl/web/weather/ic-w-04-scattered-clouds-full.svg,12.1 km/h,63%,aqi_nha-trang_2025_may.csv
2025-05-15 16:02:15.126600+07:00,Nha Trang,58,/dl/web/weather/ic-w-04-scattered-clouds-full.svg,12.6 km/h,66%,aqi_nha-trang_2025_may.csv
2025-05-15 17:02:03.480280+07:00,Nha Trang,25,/dl/web/weather/ic-w-04-scattered-clouds-full.svg,12.6 km/h,66%,aqi_nha-trang_2025_may.csv
2025-05-15 18:02:04.920647+07:00,Nha Trang,25,/dl/web/weather/ic-w-04-scattered-clouds-full.svg,7.1 km/h,77%,aqi_nha-trang_2025_may.csv
2025-05-15 19:02:22.280165+07:00,Nha Trang,25,/dl/web/weather/ic-w-04-scattered-clouds-full.svg,4.5 km/h,83%,aqi_nha-trang_2025_may.csv
2025-05-15 20:09:35.712749+07:00,Nha Trang,28,/dl/web/weather/ic-w-04-scattered-clouds-full.svg,3.1 km/h,88%,aqi_nha-trang_2025_may.csv
2025-05-15 21:02:09.254895+07:00,Nha Trang,28,/dl/web/weather/ic-w-04-scattered-clouds-full.svg,3.4 km/h,89%,aqi_nha-trang_2025_may.csv
2025-05-15 22:02:17.292880+07:00,Nha Trang,28,/dl/web/weather/ic-w-12-night-rain-full.svg,3.9 km/h,89%,aqi_nha-trang_2025_may.csv
2025-05-15 23:02:17.963057+07:00,Nha Trang,52,/dl/web/weather/ic-w-04-scattered-clouds-full.svg,5.6 km/h,90%,aqi_nha-trang_2025_may.csv
2025-05-16 00:02:00.440063+07:00,Nha Trang,52,/dl/web/weather/ic-w-04-scattered-clouds-full.svg,7.6 km/h,92%,aqi_nha-trang_2025_may.csv
2025-05-16 01:02:10.813589+07:00,Nha Trang,52,/dl/web/weather/ic-w-04-scattered-clouds-full.svg,8.5 km/h,93%,aqi_nha-trang_2025_may.csv
2025-05-16 02:02:05.231391+07:00,Nha Trang,68,/dl/web/weather/ic-w-04-scattered-clouds-full.svg,8.0 km/h,94%,aqi_nha-trang_2025_may.csv
2025-05-16 03:02:18.551506+07:00,Nha Trang,68,/dl/web/weather/ic-w-04-scattered-clouds-full.svg,7.2 km/h,94%,aqi_nha-trang_2025_may.csv
2025-05-16 04:02:09.948400+07:00,Nha Trang,68,/dl/web/weather/ic-w-04-scattered-clouds-full.svg,6.4 km/h,93%,aqi_nha-trang_2025_may.csv
2025-05-16 05:02:07.558432+07:00,Nha Trang,66,/dl/web/weather/ic-w-04-scattered-clouds-full.svg,6.4 km/h,93%,aqi_nha-trang_2025_may.csv
2025-05-16 06:02:07.882432+07:00,Nha Trang,66,/dl/web/weather/ic-w-06-rain-full.svg,7.2 km/h,91%,aqi_nha-trang_2025_may.csv
2025-05-16 07:05:14.616930+07:00,Nha Trang,66,/dl/web/weather/ic-w-06-rain-full.svg,6.3 km/h,87%,aqi_nha-trang_2025_may.csv
2025-05-16 08:29:37.239966+07:00,Nha Trang,66,/dl/web/weather/ic-w-04-scattered-clouds-full.svg,4.8 km/h,80%,aqi_nha-trang_2025_may.csv
2025-05-16 09:31:02.228908+07:00,Nha Trang,66,/dl/web/weather/ic-w-04-scattered-clouds-full.svg,2.9 km/h,67%,aqi_nha-trang_2025_may.csv
2025-05-16 10:20:20.236174+07:00,Nha Trang,66,/dl/web/weather/ic-w-04-scattered-clouds-full.svg,8.5 km/h,63%,aqi_nha-trang_2025_may.csv
2025-05-16 11:03:35.433078+07:00,Nha Trang,55,/dl/web/weather/ic-w-04-scattered-clouds-full.svg,12.6 km/h,63%,aqi_nha-trang_2025_may.csv
2025-05-16 12:02:03.197784+07:00,Nha Trang,55,/dl/web/weather/ic-w-04-scattered-clouds-full.svg,12.6 km/h,61%,aqi_nha-trang_2025_may.csv
2025-05-16 13:02:11.246350+07:00,Nha Trang,55,/dl/web/weather/ic-w-04-scattered-clouds-full.svg,14.3 km/h,59%,aqi_nha-trang_2025_may.csv
2025-05-16 14:02:07.304744+07:00,Nha Trang,57,/dl/web/weather/ic-w-04-scattered-clouds-full.svg,15.0 km/h,60%,aqi_nha-trang_2025_may.csv
2025-05-16 15:02:14.772422+07:00,Nha Trang,57,/dl/web/weather/ic-w-04-scattered-clouds-full.svg,14.5 km/h,62%,aqi_nha-trang_2025_may.csv
2025-05-16 16:01:59.215450+07:00,Nha Trang,57,/dl/web/weather/ic-w-04-scattered-clouds-full.svg,13.5 km/h,65%,aqi_nha-trang_2025_may.csv
2025-05-16 17:02:09.639165+07:00,Nha Trang,27,/dl/web/weather/ic-w-04-scattered-clouds-full.svg,9.0 km/h,69%,aqi_nha-trang_2025_may.csv
2025-05-16 18:02:50.484977+07:00,Nha Trang,27,/dl/web/weather/ic-w-04-scattered-clouds-full.svg,4.7 km/h,75%,aqi_nha-trang_2025_may.csv
2025-05-16 19:02:33.999611+07:00,Nha Trang,27,/dl/web/weather/ic-w-04-scattered-clouds-full.svg,5.6 km/h,79%,aqi_nha-trang_2025_may.csv
2025-05-16 20:10:07.973854+07:00,Nha Trang,24,/dl/web/weather/ic-w-10-night-clear-sky-full.svg,2.6 km/h,81%,aqi_nha-trang_2025_may.csv
2025-05-16 21:02:06.517646+07:00,Nha Trang,24,/dl/web/weather/ic-w-10-night-clear-sky-full.svg,2.6 km/h,81%,aqi_nha-trang_2025_may.csv
2025-05-16 23:02:00.116316+07:00,Nha Trang,51,/dl/web/weather/ic-w-10-night-clear-sky-full.svg,4.0 km/h,85%,aqi_nha-trang_2025_may.csv
2025-05-17 00:01:51.543007+07:00,Nha Trang,51,/dl/web/weather/ic-w-10-night-clear-sky-full.svg,4.0 km/h,85%,aqi_nha-trang_2025_may.csv
2025-05-17 01:02:20.295895+07:00,Nha Trang,51,/dl/web/weather/ic-w-10-night-clear-sky-full.svg,7.2 km/h,89%,aqi_nha-trang_2025_may.csv
2025-05-17 02:01:52.976045+07:00,Nha Trang,58,/dl/web/weather/ic-w-11-night-few-clouds-full.svg,6.9 km/h,90%,aqi_nha-trang_2025_may.csv
2025-05-17 03:02:21.856731+07:00,Nha Trang,58,/dl/web/weather/ic-w-04-scattered-clouds-full.svg,7.2 km/h,91%,aqi_nha-trang_2025_may.csv
2025-05-17 04:01:52.335831+07:00,Nha Trang,58,/dl/web/weather/ic-w-04-scattered-clouds-full.svg,7.2 km/h,91%,aqi_nha-trang_2025_may.csv
2025-05-17 05:01:47.056777+07:00,Nha Trang,70,/dl/web/weather/ic-w-04-scattered-clouds-full.svg,7.4 km/h,90%,aqi_nha-trang_2025_may.csv
2025-05-17 06:01:58.216065+07:00,Nha Trang,70,/dl/web/weather/ic-w-04-scattered-clouds-full.svg,6.8 km/h,86%,aqi_nha-trang_2025_may.csv
2025-05-17 08:29:33.078234+07:00,Nha Trang,68,/dl/web/weather/ic-w-06-rain-full.svg,2.9 km/h,67%,aqi_nha-trang_2025_may.csv
2025-05-17 09:29:57.288637+07:00,Nha Trang,68,/dl/web/weather/ic-w-06-rain-full.svg,5.8 km/h,61%,aqi_nha-trang_2025_may.csv
2025-05-17 10:17:55.532972+07:00,Nha Trang,68,/dl/web/weather/ic-w-04-scattered-clouds-full.svg,11.6 km/h,60%,aqi_nha-trang_2025_may.csv
2025-05-17 11:02:07.761926+07:00,Nha Trang,63,/dl/web/weather/ic-w-06-rain-full.svg,13.2 km/h,61%,aqi_nha-trang_2025_may.csv
2025-05-17 12:01:59.425451+07:00,Nha Trang,63,/dl/web/weather/ic-w-06-rain-full.svg,13.4 km/h,61%,aqi_nha-trang_2025_may.csv
2025-05-17 13:02:07.961135+07:00,Nha Trang,63,/dl/web/weather/ic-w-04-scattered-clouds-full.svg,15.3 km/h,62%,aqi_nha-trang_2025_may.csv
2025-05-17 14:01:54.024169+07:00,Nha Trang,62,/dl/web/weather/ic-w-04-scattered-clouds-full.svg,15.3 km/h,62%,aqi_nha-trang_2025_may.csv
2025-05-17 15:02:16.337435+07:00,Nha Trang,62,/dl/web/weather/ic-w-06-rain-full.svg,13.0 km/h,60%,aqi_nha-trang_2025_may.csv
2025-05-17 16:01:58.248980+07:00,Nha Trang,62,/dl/web/weather/ic-w-06-rain-full.svg,12.2 km/h,62%,aqi_nha-trang_2025_may.csv
2025-05-17 17:02:11.235862+07:00,Nha Trang,65,/dl/web/weather/ic-w-04-scattered-clouds-full.svg,11.6 km/h,65%,aqi_nha-trang_2025_may.csv
2025-05-17 18:01:49.736651+07:00,Nha Trang,65,/dl/web/weather/ic-w-04-scattered-clouds-full.svg,10.3 km/h,76%,aqi_nha-trang_2025_may.csv
2025-05-17 19:02:17.601610+07:00,Nha Trang,65,/dl/web/weather/ic-w-04-scattered-clouds-full.svg,5.5 km/h,80%,aqi_nha-trang_2025_may.csv
2025-05-17 20:07:14.204317+07:00,Nha Trang,61,/dl/web/weather/ic-w-04-scattered-clouds-full.svg,5.0 km/h,79%,aqi_nha-trang_2025_may.csv
2025-05-17 21:02:03.075436+07:00,Nha Trang,61,/dl/web/weather/ic-w-04-scattered-clouds-full.svg,3.2 km/h,80%,aqi_nha-trang_2025_may.csv
2025-05-17 22:01:54.903401+07:00,Nha Trang,61,/dl/web/weather/ic-w-04-scattered-clouds-full.svg,2.3 km/h,81%,aqi_nha-trang_2025_may.csv
2025-05-17 23:02:20.071031+07:00,Nha Trang,65,/dl/web/weather/ic-w-04-scattered-clouds-full.svg,4.2 km/h,82%,aqi_nha-trang_2025_may.csv
2025-05-18 00:01:52.099580+07:00,Nha Trang,65,/dl/web/weather/ic-w-04-scattered-clouds-full.svg,4.2 km/h,82%,aqi_nha-trang_2025_may.csv
2025-05-18 01:02:06.537525+07:00,Nha Trang,65,/dl/web/weather/ic-w-04-scattered-clouds-full.svg,5.6 km/h,86%,aqi_nha-trang_2025_may.csv
2025-05-18 02:01:58.733122+07:00,Nha Trang,58,/dl/web/weather/ic-w-04-scattered-clouds-full.svg,5.6 km/h,86%,aqi_nha-trang_2025_may.csv
2025-05-18 03:02:08.551715+07:00,Nha Trang,58,/dl/web/weather/ic-w-04-scattered-clouds-full.svg,7.6 km/h,85%,aqi_nha-trang_2025_may.csv
2025-05-18 04:01:53.730957+07:00,Nha Trang,58,/dl/web/weather/ic-w-04-scattered-clouds-full.svg,6.9 km/h,85%,aqi_nha-trang_2025_may.csv
2025-05-18 05:01:52.940296+07:00,Nha Trang,56,/dl/web/weather/ic-w-04-scattered-clouds-full.svg,6.8 km/h,85%,aqi_nha-trang_2025_may.csv
2025-05-18 06:01:54.631459+07:00,Nha Trang,56,/dl/web/weather/ic-w-04-scattered-clouds-full.svg,6.8 km/h,85%,aqi_nha-trang_2025_may.csv
2025-05-18 07:05:48.490533+07:00,Nha Trang,56,/dl/web/weather/ic-w-04-scattered-clouds-full.svg,5.5 km/h,72%,aqi_nha-trang_2025_may.csv
2025-05-18 08:29:52.326030+07:00,Nha Trang,58,/dl/web/weather/ic-w-04-scattered-clouds-full.svg,0.6 km/h,62%,aqi_nha-trang_2025_may.csv
2025-05-18 09:32:57.740735+07:00,Nha Trang,58,/dl/web/weather/ic-w-04-scattered-clouds-full.svg,6.4 km/h,58%,aqi_nha-trang_2025_may.csv
2025-05-18 10:23:05.134718+07:00,Nha Trang,58,/dl/web/weather/ic-w-04-scattered-clouds-full.svg,10.3 km/h,58%,aqi_nha-trang_2025_may.csv
2025-05-18 11:05:47.763275+07:00,Nha Trang,31,/dl/web/weather/ic-w-04-scattered-clouds-full.svg,13.0 km/h,58%,aqi_nha-trang_2025_may.csv
2025-05-18 12:02:07.994225+07:00,Nha Trang,31,/dl/web/weather/ic-w-04-scattered-clouds-full.svg,15.4 km/h,58%,aqi_nha-trang_2025_may.csv
2025-05-18 13:02:13.145421+07:00,Nha Trang,31,/dl/web/weather/ic-w-04-scattered-clouds-full.svg,14.3 km/h,58%,aqi_nha-trang_2025_may.csv
2025-05-18 14:01:47.665420+07:00,Nha Trang,16,/dl/web/weather/ic-w-04-scattered-clouds-full.svg,14.0 km/h,58%,aqi_nha-trang_2025_may.csv
2025-05-18 15:02:09.143536+07:00,Nha Trang,16,/dl/web/weather/ic-w-04-scattered-clouds-full.svg,14.0 km/h,58%,aqi_nha-trang_2025_may.csv
2025-05-18 16:01:49.230840+07:00,Nha Trang,16,/dl/web/weather/ic-w-04-scattered-clouds-full.svg,13.7 km/h,59%,aqi_nha-trang_2025_may.csv
2025-05-18 17:01:59.208511+07:00,Nha Trang,13,/dl/web/weather/ic-w-04-scattered-clouds-full.svg,9.3 km/h,66%,aqi_nha-trang_2025_may.csv
2025-05-18 18:01:49.845246+07:00,Nha Trang,13,/dl/web/weather/ic-w-04-scattered-clouds-full.svg,9.3 km/h,66%,aqi_nha-trang_2025_may.csv
2025-05-18 19:02:20.240992+07:00,Nha Trang,13,/dl/web/weather/ic-w-04-scattered-clouds-full.svg,4.2 km/h,79%,aqi_nha-trang_2025_may.csv
2025-05-18 20:07:30.539422+07:00,Nha Trang,16,/dl/web/weather/ic-w-10-night-clear-sky-full.svg,2.3 km/h,79%,aqi_nha-trang_2025_may.csv
2025-05-18 21:01:49.269192+07:00,Nha Trang,16,/dl/web/weather/ic-w-10-night-clear-sky-full.svg,2.3 km/h,79%,aqi_nha-trang_2025_may.csv
2025-05-18 22:01:50.992409+07:00,Nha Trang,16,/dl/web/weather/ic-w-11-night-few-clouds-full.svg,1.4 km/h,81%,aqi_nha-trang_2025_may.csv
2025-05-18 23:01:49.487096+07:00,Nha Trang,24,/dl/web/weather/ic-w-11-night-few-clouds-full.svg,1.4 km/h,81%,aqi_nha-trang_2025_may.csv
2025-05-19 00:01:51.329613+07:00,Nha Trang,24,/dl/web/weather/ic-w-04-scattered-clouds-full.svg,5.3 km/h,85%,aqi_nha-trang_2025_may.csv
2025-05-19 01:02:09.269091+07:00,Nha Trang,24,/dl/web/weather/ic-w-04-scattered-clouds-full.svg,6.0 km/h,87%,aqi_nha-trang_2025_may.csv
2025-05-19 02:02:03.383002+07:00,Nha Trang,51,/dl/web/weather/ic-w-04-scattered-clouds-full.svg,7.6 km/h,88%,aqi_nha-trang_2025_may.csv
2025-05-19 03:02:02.933022+07:00,Nha Trang,51,/dl/web/weather/ic-w-04-scattered-clouds-full.svg,8.2 km/h,90%,aqi_nha-trang_2025_may.csv
2025-05-19 04:01:57.845052+07:00,Nha Trang,51,/dl/web/weather/ic-w-04-scattered-clouds-full.svg,8.2 km/h,90%,aqi_nha-trang_2025_may.csv
2025-05-19 05:01:55.291180+07:00,Nha Trang,57,/dl/web/weather/ic-w-04-scattered-clouds-full.svg,7.6 km/h,90%,aqi_nha-trang_2025_may.csv
2025-05-19 06:01:51.389050+07:00,Nha Trang,57,/dl/web/weather/ic-w-04-scattered-clouds-full.svg,7.4 km/h,89%,aqi_nha-trang_2025_may.csv
2025-05-19 07:05:44.430553+07:00,Nha Trang,57,/dl/web/weather/ic-w-04-scattered-clouds-full.svg,5.0 km/h,80%,aqi_nha-trang_2025_may.csv
2025-05-19 08:29:46.390091+07:00,Nha Trang,52,/dl/web/weather/ic-w-04-scattered-clouds-full.svg,1.6 km/h,83%,aqi_nha-trang_2025_may.csv
2025-05-19 09:32:32.435904+07:00,Nha Trang,52,/dl/web/weather/ic-w-04-scattered-clouds-full.svg,7.1 km/h,73%,aqi_nha-trang_2025_may.csv
2025-05-19 10:23:38.323993+07:00,Nha Trang,52,/dl/web/weather/ic-w-04-scattered-clouds-full.svg,10.1 km/h,68%,aqi_nha-trang_2025_may.csv
2025-05-19 11:06:42.619710+07:00,Nha Trang,19,/dl/web/weather/ic-w-04-scattered-clouds-full.svg,13.7 km/h,63%,aqi_nha-trang_2025_may.csv
2025-05-19 12:02:07.951696+07:00,Nha Trang,19,/dl/web/weather/ic-w-04-scattered-clouds-full.svg,16.4 km/h,65%,aqi_nha-trang_2025_may.csv
2025-05-19 13:02:25.640226+07:00,Nha Trang,19,/dl/web/weather/ic-w-04-scattered-clouds-full.svg,16.1 km/h,65%,aqi_nha-trang_2025_may.csv
2025-05-19 14:02:11.001515+07:00,Nha Trang,16,/dl/web/weather/ic-w-04-scattered-clouds-full.svg,14.0 km/h,61%,aqi_nha-trang_2025_may.csv
2025-05-19 15:02:13.932699+07:00,Nha Trang,16,/dl/web/weather/ic-w-04-scattered-clouds-full.svg,15.0 km/h,59%,aqi_nha-trang_2025_may.csv
2025-05-19 16:02:37.697384+07:00,Nha Trang,16,/dl/web/weather/ic-w-04-scattered-clouds-full.svg,15.0 km/h,67%,aqi_nha-trang_2025_may.csv
2025-05-19 17:02:10.763418+07:00,Nha Trang,15,/dl/web/weather/ic-w-04-scattered-clouds-full.svg,13.4 km/h,71%,aqi_nha-trang_2025_may.csv
2025-05-19 18:02:01.842766+07:00,Nha Trang,15,/dl/web/weather/ic-w-04-scattered-clouds-full.svg,13.4 km/h,71%,aqi_nha-trang_2025_may.csv
2025-05-19 19:02:20.510279+07:00,Nha Trang,15,/dl/web/weather/ic-w-04-scattered-clouds-full.svg,6.8 km/h,77%,aqi_nha-trang_2025_may.csv
2025-05-19 20:11:14.398649+07:00,Nha Trang,17,/dl/web/weather/ic-w-04-scattered-clouds-full.svg,5.6 km/h,81%,aqi_nha-trang_2025_may.csv
2025-05-19 21:02:00.957720+07:00,Nha Trang,17,/dl/web/weather/ic-w-04-scattered-clouds-full.svg,5.8 km/h,82%,aqi_nha-trang_2025_may.csv
2025-05-19 22:01:58.541019+07:00,Nha Trang,17,/dl/web/weather/ic-w-04-scattered-clouds-full.svg,5.6 km/h,83%,aqi_nha-trang_2025_may.csv
2025-05-19 23:02:08.662231+07:00,Nha Trang,36,/dl/web/weather/ic-w-04-scattered-clouds-full.svg,6.4 km/h,85%,aqi_nha-trang_2025_may.csv
2025-05-20 00:02:08.224956+07:00,Nha Trang,36,/dl/web/weather/ic-w-04-scattered-clouds-full.svg,6.8 km/h,86%,aqi_nha-trang_2025_may.csv
2025-05-20 01:02:16.022948+07:00,Nha Trang,36,/dl/web/weather/ic-w-04-scattered-clouds-full.svg,7.7 km/h,88%,aqi_nha-trang_2025_may.csv
2025-05-20 02:02:06.913501+07:00,Nha Trang,52,/dl/web/weather/ic-w-04-scattered-clouds-full.svg,7.2 km/h,91%,aqi_nha-trang_2025_may.csv
2025-05-20 03:02:07.633293+07:00,Nha Trang,52,/dl/web/weather/ic-w-04-scattered-clouds-full.svg,6.3 km/h,91%,aqi_nha-trang_2025_may.csv
2025-05-20 04:01:59.262415+07:00,Nha Trang,52,/dl/web/weather/ic-w-04-scattered-clouds-full.svg,6.3 km/h,91%,aqi_nha-trang_2025_may.csv
2025-05-20 05:02:03.898346+07:00,Nha Trang,58,/dl/web/weather/ic-w-04-scattered-clouds-full.svg,6.6 km/h,90%,aqi_nha-trang_2025_may.csv
2025-05-20 06:02:05.859450+07:00,Nha Trang,58,/dl/web/weather/ic-w-04-scattered-clouds-full.svg,6.3 km/h,87%,aqi_nha-trang_2025_may.csv
2025-05-20 07:05:00.535993+07:00,Nha Trang,58,/dl/web/weather/ic-w-04-scattered-clouds-full.svg,6.0 km/h,79%,aqi_nha-trang_2025_may.csv
2025-05-20 08:29:37.495430+07:00,Nha Trang,59,/dl/web/weather/ic-w-04-scattered-clouds-full.svg,2.9 km/h,68%,aqi_nha-trang_2025_may.csv
2025-05-20 09:31:28.236345+07:00,Nha Trang,59,/dl/web/weather/ic-w-04-scattered-clouds-full.svg,4.3 km/h,60%,aqi_nha-trang_2025_may.csv
2025-05-20 10:19:54.885046+07:00,Nha Trang,59,/dl/web/weather/ic-w-04-scattered-clouds-full.svg,10.5 km/h,57%,aqi_nha-trang_2025_may.csv
2025-05-20 11:03:05.743936+07:00,Nha Trang,25,/dl/web/weather/ic-w-04-scattered-clouds-full.svg,14.6 km/h,56%,aqi_nha-trang_2025_may.csv
2025-05-20 12:02:00.061940+07:00,Nha Trang,25,/dl/web/weather/ic-w-04-scattered-clouds-full.svg,14.6 km/h,56%,aqi_nha-trang_2025_may.csv
2025-05-20 13:02:15.826466+07:00,Nha Trang,25,/dl/web/weather/ic-w-04-scattered-clouds-full.svg,16.4 km/h,58%,aqi_nha-trang_2025_may.csv
2025-05-20 14:02:07.116803+07:00,Nha Trang,22,/dl/web/weather/ic-w-04-scattered-clouds-full.svg,16.7 km/h,60%,aqi_nha-trang_2025_may.csv
2025-05-20 15:02:18.343067+07:00,Nha Trang,22,/dl/web/weather/ic-w-04-scattered-clouds-full.svg,15.4 km/h,61%,aqi_nha-trang_2025_may.csv
2025-05-20 16:02:23.566879+07:00,Nha Trang,22,/dl/web/weather/ic-w-04-scattered-clouds-full.svg,11.3 km/h,62%,aqi_nha-trang_2025_may.csv
2025-05-20 17:02:08.395263+07:00,Nha Trang,19,/dl/web/weather/ic-w-04-scattered-clouds-full.svg,9.7 km/h,65%,aqi_nha-trang_2025_may.csv
2025-05-20 18:02:01.458378+07:00,Nha Trang,19,/dl/web/weather/ic-w-04-scattered-clouds-full.svg,9.7 km/h,65%,aqi_nha-trang_2025_may.csv
2025-05-20 19:02:33.281398+07:00,Nha Trang,19,/dl/web/weather/ic-w-04-scattered-clouds-full.svg,3.4 km/h,77%,aqi_nha-trang_2025_may.csv
2025-05-20 20:11:31.721734+07:00,Nha Trang,28,/dl/web/weather/ic-w-12-night-rain-full.svg,3.7 km/h,80%,aqi_nha-trang_2025_may.csv
2025-05-20 21:02:08.792323+07:00,Nha Trang,28,/dl/web/weather/ic-w-04-scattered-clouds-full.svg,4.2 km/h,81%,aqi_nha-trang_2025_may.csv
2025-05-20 22:02:06.464390+07:00,Nha Trang,28,/dl/web/weather/ic-w-12-night-rain-full.svg,4.3 km/h,82%,aqi_nha-trang_2025_may.csv
2025-05-20 23:02:10.825369+07:00,Nha Trang,48,/dl/web/weather/ic-w-04-scattered-clouds-full.svg,7.4 km/h,85%,aqi_nha-trang_2025_may.csv
2025-05-21 00:02:03.528491+07:00,Nha Trang,48,/dl/web/weather/ic-w-04-scattered-clouds-full.svg,7.4 km/h,86%,aqi_nha-trang_2025_may.csv
2025-05-21 01:02:07.933041+07:00,Nha Trang,48,/dl/web/weather/ic-w-04-scattered-clouds-full.svg,7.6 km/h,88%,aqi_nha-trang_2025_may.csv
2025-05-21 02:01:59.536997+07:00,Nha Trang,64,/dl/web/weather/ic-w-04-scattered-clouds-full.svg,7.6 km/h,88%,aqi_nha-trang_2025_may.csv
2025-05-21 03:01:58.520298+07:00,Nha Trang,64,/dl/web/weather/ic-w-12-night-rain-full.svg,7.6 km/h,90%,aqi_nha-trang_2025_may.csv
2025-05-21 04:02:10.494480+07:00,Nha Trang,64,/dl/web/weather/ic-w-04-scattered-clouds-full.svg,4.5 km/h,89%,aqi_nha-trang_2025_may.csv
2025-05-21 05:01:59.412099+07:00,Nha Trang,66,/dl/web/weather/ic-w-04-scattered-clouds-full.svg,3.9 km/h,88%,aqi_nha-trang_2025_may.csv
2025-05-21 06:02:06.327824+07:00,Nha Trang,66,/dl/web/weather/ic-w-04-scattered-clouds-full.svg,5.1 km/h,85%,aqi_nha-trang_2025_may.csv
2025-05-21 07:05:11.661401+07:00,Nha Trang,66,/dl/web/weather/ic-w-04-scattered-clouds-full.svg,5.6 km/h,84%,aqi_nha-trang_2025_may.csv
2025-05-21 08:29:37.068086+07:00,Nha Trang,67,/dl/web/weather/ic-w-04-scattered-clouds-full.svg,3.9 km/h,73%,aqi_nha-trang_2025_may.csv
2025-05-21 09:31:10.533350+07:00,Nha Trang,67,/dl/web/weather/ic-w-04-scattered-clouds-full.svg,5.0 km/h,68%,aqi_nha-trang_2025_may.csv
2025-05-21 10:19:42.130397+07:00,Nha Trang,67,/dl/web/weather/ic-w-04-scattered-clouds-full.svg,10.0 km/h,63%,aqi_nha-trang_2025_may.csv
2025-05-21 11:03:10.332941+07:00,Nha Trang,63,/dl/web/weather/ic-w-04-scattered-clouds-full.svg,13.7 km/h,64%,aqi_nha-trang_2025_may.csv
2025-05-21 12:01:54.392965+07:00,Nha Trang,63,/dl/web/weather/ic-w-04-scattered-clouds-full.svg,13.7 km/h,64%,aqi_nha-trang_2025_may.csv
2025-05-21 13:02:14.324318+07:00,Nha Trang,63,/dl/web/weather/ic-w-04-scattered-clouds-full.svg,16.9 km/h,63%,aqi_nha-trang_2025_may.csv
2025-05-21 14:02:06.529127+07:00,Nha Trang,58,/dl/web/weather/ic-w-04-scattered-clouds-full.svg,16.3 km/h,67%,aqi_nha-trang_2025_may.csv
2025-05-21 15:02:19.880891+07:00,Nha Trang,58,/dl/web/weather/ic-w-04-scattered-clouds-full.svg,14.2 km/h,68%,aqi_nha-trang_2025_may.csv
2025-05-21 16:02:13.978365+07:00,Nha Trang,58,/dl/web/weather/ic-w-04-scattered-clouds-full.svg,12.6 km/h,67%,aqi_nha-trang_2025_may.csv
2025-05-21 17:01:59.586260+07:00,Nha Trang,54,/dl/web/weather/ic-w-04-scattered-clouds-full.svg,11.6 km/h,72%,aqi_nha-trang_2025_may.csv
2025-05-21 18:02:07.955674+07:00,Nha Trang,54,/dl/web/weather/ic-w-04-scattered-clouds-full.svg,8.2 km/h,76%,aqi_nha-trang_2025_may.csv
2025-05-21 19:02:26.582706+07:00,Nha Trang,54,/dl/web/weather/ic-w-04-scattered-clouds-full.svg,6.9 km/h,80%,aqi_nha-trang_2025_may.csv
2025-05-21 20:10:53.331072+07:00,Nha Trang,29,/dl/web/weather/ic-w-12-night-rain-full.svg,5.8 km/h,91%,aqi_nha-trang_2025_may.csv
2025-05-21 21:02:11.397833+07:00,Nha Trang,29,/dl/web/weather/ic-w-04-scattered-clouds-full.svg,1.9 km/h,88%,aqi_nha-trang_2025_may.csv
2025-05-21 22:02:14.079877+07:00,Nha Trang,29,/dl/web/weather/ic-w-04-scattered-clouds-full.svg,3.7 km/h,91%,aqi_nha-trang_2025_may.csv
2025-05-21 23:02:11.989479+07:00,Nha Trang,57,/dl/web/weather/ic-w-04-scattered-clouds-full.svg,6.4 km/h,91%,aqi_nha-trang_2025_may.csv
2025-05-22 00:01:56.814191+07:00,Nha Trang,57,/dl/web/weather/ic-w-04-scattered-clouds-full.svg,6.9 km/h,93%,aqi_nha-trang_2025_may.csv
2025-05-22 01:02:09.181169+07:00,Nha Trang,57,/dl/web/weather/ic-w-04-scattered-clouds-full.svg,7.6 km/h,93%,aqi_nha-trang_2025_may.csv
2025-05-22 02:01:47.240339+07:00,Nha Trang,69,/dl/web/weather/ic-w-04-scattered-clouds-full.svg,7.6 km/h,93%,aqi_nha-trang_2025_may.csv
2025-05-22 03:02:01.172084+07:00,Nha Trang,69,/dl/web/weather/ic-w-04-scattered-clouds-full.svg,8.2 km/h,93%,aqi_nha-trang_2025_may.csv
2025-05-22 04:02:11.386582+07:00,Nha Trang,69,/dl/web/weather/ic-w-04-scattered-clouds-full.svg,7.1 km/h,92%,aqi_nha-trang_2025_may.csv
2025-05-22 05:01:52.699038+07:00,Nha Trang,70,/dl/web/weather/ic-w-04-scattered-clouds-full.svg,7.1 km/h,92%,aqi_nha-trang_2025_may.csv
2025-05-22 06:01:51.502659+07:00,Nha Trang,70,/dl/web/weather/ic-w-04-scattered-clouds-full.svg,6.6 km/h,90%,aqi_nha-trang_2025_may.csv
2025-05-22 07:05:18.503278+07:00,Nha Trang,70,/dl/web/weather/ic-w-04-scattered-clouds-full.svg,5.8 km/h,85%,aqi_nha-trang_2025_may.csv
2025-05-22 08:29:38.210193+07:00,Nha Trang,69,/dl/web/weather/ic-w-04-scattered-clouds-full.svg,5.0 km/h,80%,aqi_nha-trang_2025_may.csv
2025-05-22 09:31:08.290237+07:00,Nha Trang,69,/dl/web/weather/ic-w-04-scattered-clouds-full.svg,2.9 km/h,70%,aqi_nha-trang_2025_may.csv
2025-05-22 10:19:57.787752+07:00,Nha Trang,69,/dl/web/weather/ic-w-04-scattered-clouds-full.svg,5.1 km/h,65%,aqi_nha-trang_2025_may.csv
2025-05-22 11:03:48.696392+07:00,Nha Trang,62,/dl/web/weather/ic-w-04-scattered-clouds-full.svg,10.1 km/h,65%,aqi_nha-trang_2025_may.csv
2025-05-22 12:01:57.820751+07:00,Nha Trang,62,/dl/web/weather/ic-w-04-scattered-clouds-full.svg,14.5 km/h,64%,aqi_nha-trang_2025_may.csv
2025-05-22 13:02:27.056872+07:00,Nha Trang,62,/dl/web/weather/ic-w-04-scattered-clouds-full.svg,15.6 km/h,67%,aqi_nha-trang_2025_may.csv
2025-05-22 14:02:29.650221+07:00,Nha Trang,63,/dl/web/weather/ic-w-04-scattered-clouds-full.svg,12.6 km/h,69%,aqi_nha-trang_2025_may.csv
2025-05-22 15:02:08.028620+07:00,Nha Trang,63,/dl/web/weather/ic-w-04-scattered-clouds-full.svg,10.6 km/h,71%,aqi_nha-trang_2025_may.csv
2025-05-22 16:02:18.362736+07:00,Nha Trang,63,/dl/web/weather/ic-w-04-scattered-clouds-full.svg,8.5 km/h,76%,aqi_nha-trang_2025_may.csv
2025-05-22 17:02:11.586075+07:00,Nha Trang,62,/dl/web/weather/ic-w-04-scattered-clouds-full.svg,5.5 km/h,77%,aqi_nha-trang_2025_may.csv
2025-05-22 18:01:58.730139+07:00,Nha Trang,62,/dl/web/weather/ic-w-04-scattered-clouds-full.svg,3.7 km/h,80%,aqi_nha-trang_2025_may.csv
2025-05-22 19:02:24.196373+07:00,Nha Trang,62,/dl/web/weather/ic-w-04-scattered-clouds-full.svg,0.6 km/h,81%,aqi_nha-trang_2025_may.csv
2025-05-22 20:10:56.182223+07:00,Nha Trang,66,/dl/web/weather/ic-w-04-scattered-clouds-full.svg,3.2 km/h,84%,aqi_nha-trang_2025_may.csv
2025-05-22 21:01:58.822328+07:00,Nha Trang,66,/dl/web/weather/ic-w-04-scattered-clouds-full.svg,3.4 km/h,82%,aqi_nha-trang_2025_may.csv
2025-05-22 22:02:02.929844+07:00,Nha Trang,66,/dl/web/weather/ic-w-04-scattered-clouds-full.svg,5.6 km/h,83%,aqi_nha-trang_2025_may.csv
2025-05-22 23:02:13.087370+07:00,Nha Trang,70,/dl/web/weather/ic-w-04-scattered-clouds-full.svg,7.4 km/h,87%,aqi_nha-trang_2025_may.csv
2025-05-23 00:02:09.658880+07:00,Nha Trang,70,/dl/web/weather/ic-w-04-scattered-clouds-full.svg,7.1 km/h,88%,aqi_nha-trang_2025_may.csv
2025-05-23 01:02:30.841312+07:00,Nha Trang,70,/dl/web/weather/ic-w-04-scattered-clouds-full.svg,7.4 km/h,90%,aqi_nha-trang_2025_may.csv
2025-05-23 02:01:52.195942+07:00,Nha Trang,73,/dl/web/weather/ic-w-04-scattered-clouds-full.svg,8.0 km/h,89%,aqi_nha-trang_2025_may.csv
2025-05-23 03:02:03.305596+07:00,Nha Trang,73,/dl/web/weather/ic-w-12-night-rain-full.svg,7.9 km/h,90%,aqi_nha-trang_2025_may.csv
2025-05-23 04:02:10.850865+07:00,Nha Trang,73,/dl/web/weather/ic-w-04-scattered-clouds-full.svg,8.0 km/h,86%,aqi_nha-trang_2025_may.csv
2025-05-23 05:02:26.587060+07:00,Nha Trang,76,/dl/web/weather/ic-w-04-scattered-clouds-full.svg,7.6 km/h,87%,aqi_nha-trang_2025_may.csv
2025-05-23 06:01:56.080993+07:00,Nha Trang,76,/dl/web/weather/ic-w-04-scattered-clouds-full.svg,7.6 km/h,87%,aqi_nha-trang_2025_may.csv
2025-05-23 07:05:02.191419+07:00,Nha Trang,76,/dl/web/weather/ic-w-04-scattered-clouds-full.svg,6.3 km/h,83%,aqi_nha-trang_2025_may.csv
2025-05-23 08:29:36.316001+07:00,Nha Trang,69,/dl/web/weather/ic-w-04-scattered-clouds-full.svg,3.7 km/h,71%,aqi_nha-trang_2025_may.csv
2025-05-23 09:31:14.565371+07:00,Nha Trang,69,/dl/web/weather/ic-w-04-scattered-clouds-full.svg,2.6 km/h,66%,aqi_nha-trang_2025_may.csv
2025-05-23 10:19:36.597392+07:00,Nha Trang,69,/dl/web/weather/ic-w-04-scattered-clouds-full.svg,8.7 km/h,67%,aqi_nha-trang_2025_may.csv
2025-05-23 11:02:44.327085+07:00,Nha Trang,66,/dl/web/weather/ic-w-04-scattered-clouds-full.svg,13.7 km/h,70%,aqi_nha-trang_2025_may.csv
2025-05-23 12:02:10.375237+07:00,Nha Trang,66,/dl/web/weather/ic-w-04-scattered-clouds-full.svg,14.3 km/h,63%,aqi_nha-trang_2025_may.csv
2025-05-23 13:02:04.530772+07:00,Nha Trang,66,/dl/web/weather/ic-w-04-scattered-clouds-full.svg,11.7 km/h,67%,aqi_nha-trang_2025_may.csv
2025-05-23 14:02:18.699548+07:00,Nha Trang,66,/dl/web/weather/ic-w-04-scattered-clouds-full.svg,11.7 km/h,67%,aqi_nha-trang_2025_may.csv
2025-05-23 15:02:07.170614+07:00,Nha Trang,66,/dl/web/weather/ic-w-04-scattered-clouds-full.svg,14.0 km/h,70%,aqi_nha-trang_2025_may.csv
2025-05-23 16:02:09.659156+07:00,Nha Trang,66,/dl/web/weather/ic-w-04-scattered-clouds-full.svg,14.0 km/h,67%,aqi_nha-trang_2025_may.csv
2025-05-23 17:02:16.764682+07:00,Nha Trang,66,/dl/web/weather/ic-w-04-scattered-clouds-full.svg,11.6 km/h,75%,aqi_nha-trang_2025_may.csv
2025-05-23 18:01:54.418132+07:00,Nha Trang,66,/dl/web/weather/ic-w-04-scattered-clouds-full.svg,11.6 km/h,75%,aqi_nha-trang_2025_may.csv
2025-05-23 19:02:23.343778+07:00,Nha Trang,66,/dl/web/weather/ic-w-04-scattered-clouds-full.svg,9.0 km/h,81%,aqi_nha-trang_2025_may.csv
2025-05-23 20:09:59.006203+07:00,Nha Trang,68,/dl/web/weather/ic-w-04-scattered-clouds-full.svg,8.5 km/h,81%,aqi_nha-trang_2025_may.csv
2025-05-23 21:02:05.577606+07:00,Nha Trang,68,/dl/web/weather/ic-w-04-scattered-clouds-full.svg,7.4 km/h,83%,aqi_nha-trang_2025_may.csv
2025-05-23 22:02:11.326652+07:00,Nha Trang,68,/dl/web/weather/ic-w-04-scattered-clouds-full.svg,9.5 km/h,85%,aqi_nha-trang_2025_may.csv
2025-05-23 23:02:08.160077+07:00,Nha Trang,72,/dl/web/weather/ic-w-04-scattered-clouds-full.svg,6.4 km/h,85%,aqi_nha-trang_2025_may.csv
2025-05-24 00:01:58.939679+07:00,Nha Trang,72,/dl/web/weather/ic-w-04-scattered-clouds-full.svg,5.0 km/h,86%,aqi_nha-trang_2025_may.csv
2025-05-24 01:01:59.311465+07:00,Nha Trang,72,/dl/web/weather/ic-w-04-scattered-clouds-full.svg,5.6 km/h,86%,aqi_nha-trang_2025_may.csv
2025-05-24 02:01:53.048695+07:00,Nha Trang,72,/dl/web/weather/ic-w-04-scattered-clouds-full.svg,5.6 km/h,86%,aqi_nha-trang_2025_may.csv
2025-05-24 03:02:17.275546+07:00,Nha Trang,72,/dl/web/weather/ic-w-04-scattered-clouds-full.svg,4.8 km/h,91%,aqi_nha-trang_2025_may.csv
2025-05-24 04:02:07.642895+07:00,Nha Trang,72,/dl/web/weather/ic-w-04-scattered-clouds-full.svg,4.8 km/h,91%,aqi_nha-trang_2025_may.csv
2025-05-24 05:01:52.604746+07:00,Nha Trang,67,/dl/web/weather/ic-w-04-scattered-clouds-full.svg,5.0 km/h,88%,aqi_nha-trang_2025_may.csv
2025-05-24 06:02:06.351301+07:00,Nha Trang,67,/dl/web/weather/ic-w-02-new-clouds-full.svg,7.1 km/h,91%,aqi_nha-trang_2025_may.csv
2025-05-24 07:04:52.133405+07:00,Nha Trang,67,/dl/web/weather/ic-w-02-new-clouds-full.svg,6.6 km/h,85%,aqi_nha-trang_2025_may.csv
2025-05-24 08:29:20.896606+07:00,Nha Trang,61,/dl/web/weather/ic-w-01-clear-sky-full.svg,3.1 km/h,73%,aqi_nha-trang_2025_may.csv
2025-05-24 09:29:43.929424+07:00,Nha Trang,61,/dl/web/weather/ic-w-01-clear-sky-full.svg,3.9 km/h,70%,aqi_nha-trang_2025_may.csv
2025-05-24 10:17:32.438571+07:00,Nha Trang,61,/dl/web/weather/ic-w-04-scattered-clouds-full.svg,10.5 km/h,70%,aqi_nha-trang_2025_may.csv
2025-05-24 11:02:06.191857+07:00,Nha Trang,62,/dl/web/weather/ic-w-04-scattered-clouds-full.svg,13.0 km/h,62%,aqi_nha-trang_2025_may.csv
2025-05-24 12:02:08.224309+07:00,Nha Trang,62,/dl/web/weather/ic-w-04-scattered-clouds-full.svg,16.7 km/h,58%,aqi_nha-trang_2025_may.csv
2025-05-24 13:02:10.566604+07:00,Nha Trang,62,/dl/web/weather/ic-w-04-scattered-clouds-full.svg,14.5 km/h,63%,aqi_nha-trang_2025_may.csv
2025-05-24 14:02:03.170677+07:00,Nha Trang,66,/dl/web/weather/ic-w-04-scattered-clouds-full.svg,14.6 km/h,63%,aqi_nha-trang_2025_may.csv
2025-05-24 15:02:08.472475+07:00,Nha Trang,66,/dl/web/weather/ic-w-04-scattered-clouds-full.svg,13.2 km/h,67%,aqi_nha-trang_2025_may.csv
2025-05-24 16:01:54.712882+07:00,Nha Trang,66,/dl/web/weather/ic-w-04-scattered-clouds-full.svg,14.0 km/h,71%,aqi_nha-trang_2025_may.csv
2025-05-24 17:01:58.910211+07:00,Nha Trang,64,/dl/web/weather/ic-w-04-scattered-clouds-full.svg,14.0 km/h,71%,aqi_nha-trang_2025_may.csv
2025-05-24 18:01:50.063160+07:00,Nha Trang,64,/dl/web/weather/ic-w-04-scattered-clouds-full.svg,11.6 km/h,74%,aqi_nha-trang_2025_may.csv
2025-05-24 19:02:13.927786+07:00,Nha Trang,64,/dl/web/weather/ic-w-04-scattered-clouds-full.svg,7.2 km/h,79%,aqi_nha-trang_2025_may.csv
2025-05-24 20:08:20.482251+07:00,Nha Trang,42,/dl/web/weather/ic-w-04-scattered-clouds-full.svg,5.6 km/h,81%,aqi_nha-trang_2025_may.csv
2025-05-24 21:01:58.675351+07:00,Nha Trang,42,/dl/web/weather/ic-w-04-scattered-clouds-full.svg,5.6 km/h,81%,aqi_nha-trang_2025_may.csv
2025-05-24 22:01:57.386271+07:00,Nha Trang,42,/dl/web/weather/ic-w-11-night-few-clouds-full.svg,3.7 km/h,83%,aqi_nha-trang_2025_may.csv
2025-05-24 23:01:56.931005+07:00,Nha Trang,53,/dl/web/weather/ic-w-11-night-few-clouds-full.svg,4.2 km/h,85%,aqi_nha-trang_2025_may.csv
2025-05-25 00:02:09.728419+07:00,Nha Trang,53,/dl/web/weather/ic-w-11-night-few-clouds-full.svg,4.2 km/h,85%,aqi_nha-trang_2025_may.csv
2025-05-25 01:02:06.599792+07:00,Nha Trang,53,/dl/web/weather/ic-w-12-night-rain-full.svg,6.4 km/h,88%,aqi_nha-trang_2025_may.csv
2025-05-25 02:01:44.764448+07:00,Nha Trang,60,/dl/web/weather/ic-w-12-night-rain-full.svg,6.4 km/h,88%,aqi_nha-trang_2025_may.csv
2025-05-25 03:02:03.622949+07:00,Nha Trang,60,/dl/web/weather/ic-w-04-scattered-clouds-full.svg,7.9 km/h,89%,aqi_nha-trang_2025_may.csv
2025-05-25 04:01:51.307188+07:00,Nha Trang,60,/dl/web/weather/ic-w-04-scattered-clouds-full.svg,8.5 km/h,89%,aqi_nha-trang_2025_may.csv
2025-05-25 05:01:49.064951+07:00,Nha Trang,67,/dl/web/weather/ic-w-04-scattered-clouds-full.svg,8.5 km/h,89%,aqi_nha-trang_2025_may.csv
2025-05-25 06:02:00.270042+07:00,Nha Trang,67,/dl/web/weather/ic-w-04-scattered-clouds-full.svg,7.4 km/h,91%,aqi_nha-trang_2025_may.csv
2025-05-25 07:05:38.194197+07:00,Nha Trang,67,/dl/web/weather/ic-w-04-scattered-clouds-full.svg,7.2 km/h,85%,aqi_nha-trang_2025_may.csv
2025-05-25 08:29:50.803295+07:00,Nha Trang,60,/dl/web/weather/ic-w-06-rain-full.svg,4.5 km/h,81%,aqi_nha-trang_2025_may.csv
2025-05-25 09:35:01.830861+07:00,Nha Trang,60,/dl/web/weather/ic-w-04-scattered-clouds-full.svg,2.1 km/h,70%,aqi_nha-trang_2025_may.csv
2025-05-25 10:24:41.021249+07:00,Nha Trang,60,/dl/web/weather/ic-w-04-scattered-clouds-full.svg,9.3 km/h,80%,aqi_nha-trang_2025_may.csv
2025-05-25 11:06:00.516707+07:00,Nha Trang,59,/dl/web/weather/ic-w-04-scattered-clouds-full.svg,14.6 km/h,67%,aqi_nha-trang_2025_may.csv
2025-05-25 12:01:55.349473+07:00,Nha Trang,59,/dl/web/weather/ic-w-04-scattered-clouds-full.svg,12.1 km/h,73%,aqi_nha-trang_2025_may.csv
2025-05-25 13:02:04.859133+07:00,Nha Trang,59,/dl/web/weather/ic-w-04-scattered-clouds-full.svg,12.4 km/h,70%,aqi_nha-trang_2025_may.csv
2025-05-25 14:01:58.177165+07:00,Nha Trang,51,/dl/web/weather/ic-w-04-scattered-clouds-full.svg,12.4 km/h,70%,aqi_nha-trang_2025_may.csv
2025-05-25 15:02:37.399557+07:00,Nha Trang,51,/dl/web/weather/ic-w-04-scattered-clouds-full.svg,10.0 km/h,72%,aqi_nha-trang_2025_may.csv
2025-05-25 16:01:58.208101+07:00,Nha Trang,51,/dl/web/weather/ic-w-04-scattered-clouds-full.svg,10.0 km/h,72%,aqi_nha-trang_2025_may.csv
2025-05-25 17:02:01.374689+07:00,Nha Trang,51,/dl/web/weather/ic-w-04-scattered-clouds-full.svg,8.9 km/h,71%,aqi_nha-trang_2025_may.csv
2025-05-25 18:01:59.105852+07:00,Nha Trang,51,/dl/web/weather/ic-w-04-scattered-clouds-full.svg,4.8 km/h,76%,aqi_nha-trang_2025_may.csv
2025-05-25 19:02:15.797075+07:00,Nha Trang,51,/dl/web/weather/ic-w-04-scattered-clouds-full.svg,3.2 km/h,79%,aqi_nha-trang_2025_may.csv
2025-05-25 20:07:28.669202+07:00,Nha Trang,60,/dl/web/weather/ic-w-04-scattered-clouds-full.svg,3.1 km/h,81%,aqi_nha-trang_2025_may.csv
2025-05-25 21:02:09.963681+07:00,Nha Trang,60,/dl/web/weather/ic-w-04-scattered-clouds-full.svg,3.1 km/h,81%,aqi_nha-trang_2025_may.csv
2025-05-25 22:01:55.175086+07:00,Nha Trang,60,/dl/web/weather/ic-w-04-scattered-clouds-full.svg,5.0 km/h,87%,aqi_nha-trang_2025_may.csv
2025-05-25 23:01:58.945684+07:00,Nha Trang,69,/dl/web/weather/ic-w-04-scattered-clouds-full.svg,8.2 km/h,85%,aqi_nha-trang_2025_may.csv
2025-05-26 00:01:56.730751+07:00,Nha Trang,69,/dl/web/weather/ic-w-04-scattered-clouds-full.svg,8.2 km/h,85%,aqi_nha-trang_2025_may.csv
2025-05-26 01:02:00.558554+07:00,Nha Trang,69,/dl/web/weather/ic-w-04-scattered-clouds-full.svg,7.2 km/h,90%,aqi_nha-trang_2025_may.csv
2025-05-26 02:01:51.079584+07:00,Nha Trang,69,/dl/web/weather/ic-w-04-scattered-clouds-full.svg,7.2 km/h,90%,aqi_nha-trang_2025_may.csv
2025-05-26 03:01:52.367794+07:00,Nha Trang,69,/dl/web/weather/ic-w-04-scattered-clouds-full.svg,7.1 km/h,90%,aqi_nha-trang_2025_may.csv
2025-05-26 04:02:09.076043+07:00,Nha Trang,69,/dl/web/weather/ic-w-04-scattered-clouds-full.svg,7.1 km/h,90%,aqi_nha-trang_2025_may.csv
2025-05-26 05:01:54.025411+07:00,Nha Trang,70,/dl/web/weather/ic-w-04-scattered-clouds-full.svg,7.4 km/h,90%,aqi_nha-trang_2025_may.csv
2025-05-26 06:02:11.875109+07:00,Nha Trang,70,/dl/web/weather/ic-w-04-scattered-clouds-full.svg,8.4 km/h,90%,aqi_nha-trang_2025_may.csv
2025-05-26 07:05:29.351349+07:00,Nha Trang,70,/dl/web/weather/ic-w-04-scattered-clouds-full.svg,7.7 km/h,77%,aqi_nha-trang_2025_may.csv
2025-05-26 08:29:49.889129+07:00,Nha Trang,63,/dl/web/weather/ic-w-04-scattered-clouds-full.svg,6.3 km/h,72%,aqi_nha-trang_2025_may.csv
2025-05-26 09:31:52.096476+07:00,Nha Trang,63,/dl/web/weather/ic-w-04-scattered-clouds-full.svg,6.0 km/h,63%,aqi_nha-trang_2025_may.csv
2025-05-26 10:22:29.130061+07:00,Nha Trang,63,/dl/web/weather/ic-w-04-scattered-clouds-full.svg,9.0 km/h,60%,aqi_nha-trang_2025_may.csv
2025-05-26 11:05:08.257680+07:00,Nha Trang,63,/dl/web/weather/ic-w-04-scattered-clouds-full.svg,12.2 km/h,59%,aqi_nha-trang_2025_may.csv
2025-05-26 12:02:06.105604+07:00,Nha Trang,63,/dl/web/weather/ic-w-04-scattered-clouds-full.svg,15.4 km/h,59%,aqi_nha-trang_2025_may.csv
2025-05-26 13:02:19.251543+07:00,Nha Trang,63,/dl/web/weather/ic-w-04-scattered-clouds-full.svg,16.4 km/h,60%,aqi_nha-trang_2025_may.csv
2025-05-26 14:02:03.319642+07:00,Nha Trang,64,/dl/web/weather/ic-w-04-scattered-clouds-full.svg,15.8 km/h,62%,aqi_nha-trang_2025_may.csv
2025-05-26 15:03:58.022593+07:00,Nha Trang,64,/dl/web/weather/ic-w-04-scattered-clouds-full.svg,14.3 km/h,67%,aqi_nha-trang_2025_may.csv
2025-05-26 17:05:47.112830+07:00,Nha Trang,62,/dl/web/weather/ic-w-04-scattered-clouds-full.svg,10.9 km/h,73%,aqi_nha-trang_2025_may.csv
2025-05-26 18:01:52.461313+07:00,Nha Trang,62,/dl/web/weather/ic-w-04-scattered-clouds-full.svg,10.9 km/h,73%,aqi_nha-trang_2025_may.csv
2025-05-26 19:02:22.057029+07:00,Nha Trang,62,/dl/web/weather/ic-w-04-scattered-clouds-full.svg,9.5 km/h,81%,aqi_nha-trang_2025_may.csv
2025-05-26 20:09:48.365121+07:00,Nha Trang,67,/dl/web/weather/ic-w-04-scattered-clouds-full.svg,6.9 km/h,79%,aqi_nha-trang_2025_may.csv
2025-05-26 21:02:10.728923+07:00,Nha Trang,67,/dl/web/weather/ic-w-04-scattered-clouds-full.svg,5.5 km/h,88%,aqi_nha-trang_2025_may.csv
2025-05-26 22:02:08.420735+07:00,Nha Trang,67,/dl/web/weather/ic-w-04-scattered-clouds-full.svg,6.8 km/h,85%,aqi_nha-trang_2025_may.csv
2025-05-26 23:02:06.020001+07:00,Nha Trang,69,/dl/web/weather/ic-w-04-scattered-clouds-full.svg,6.6 km/h,91%,aqi_nha-trang_2025_may.csv
2025-05-27 00:01:56.827422+07:00,Nha Trang,69,/dl/web/weather/ic-w-04-scattered-clouds-full.svg,6.6 km/h,91%,aqi_nha-trang_2025_may.csv
2025-05-27 01:02:04.417239+07:00,Nha Trang,69,/dl/web/weather/ic-w-04-scattered-clouds-full.svg,8.0 km/h,92%,aqi_nha-trang_2025_may.csv
2025-05-27 02:01:56.097370+07:00,Nha Trang,69,/dl/web/weather/ic-w-04-scattered-clouds-full.svg,8.0 km/h,92%,aqi_nha-trang_2025_may.csv
2025-05-27 03:02:05.373408+07:00,Nha Trang,69,/dl/web/weather/ic-w-04-scattered-clouds-full.svg,8.5 km/h,92%,aqi_nha-trang_2025_may.csv
2025-05-27 04:01:51.549539+07:00,Nha Trang,69,/dl/web/weather/ic-w-04-scattered-clouds-full.svg,8.5 km/h,92%,aqi_nha-trang_2025_may.csv
2025-05-27 05:01:48.558605+07:00,Nha Trang,68,/dl/web/weather/ic-w-04-scattered-clouds-full.svg,8.2 km/h,90%,aqi_nha-trang_2025_may.csv
2025-05-27 06:02:06.381448+07:00,Nha Trang,68,/dl/web/weather/ic-w-12-night-rain-full.svg,8.4 km/h,90%,aqi_nha-trang_2025_may.csv
2025-05-27 07:04:54.341954+07:00,Nha Trang,68,/dl/web/weather/ic-w-04-scattered-clouds-full.svg,7.7 km/h,87%,aqi_nha-trang_2025_may.csv
2025-05-27 08:29:29.457026+07:00,Nha Trang,66,/dl/web/weather/ic-w-04-scattered-clouds-full.svg,6.1 km/h,77%,aqi_nha-trang_2025_may.csv
2025-05-27 09:30:51.705951+07:00,Nha Trang,66,/dl/web/weather/ic-w-04-scattered-clouds-full.svg,5.3 km/h,69%,aqi_nha-trang_2025_may.csv
2025-05-27 10:19:50.005094+07:00,Nha Trang,66,/dl/web/weather/ic-w-06-rain-full.svg,10.9 km/h,68%,aqi_nha-trang_2025_may.csv
2025-05-27 11:05:11.979657+07:00,Nha Trang,65,/dl/web/weather/ic-w-06-rain-full.svg,14.6 km/h,67%,aqi_nha-trang_2025_may.csv
2025-05-27 12:01:59.454568+07:00,Nha Trang,65,/dl/web/weather/ic-w-06-rain-full.svg,14.6 km/h,67%,aqi_nha-trang_2025_may.csv
2025-05-27 13:02:09.663627+07:00,Nha Trang,65,/dl/web/weather/ic-w-04-scattered-clouds-full.svg,15.1 km/h,65%,aqi_nha-trang_2025_may.csv
2025-05-27 14:01:59.194640+07:00,Nha Trang,67,/dl/web/weather/ic-w-04-scattered-clouds-full.svg,15.1 km/h,65%,aqi_nha-trang_2025_may.csv
2025-05-27 15:02:06.391234+07:00,Nha Trang,67,/dl/web/weather/ic-w-06-rain-full.svg,11.1 km/h,74%,aqi_nha-trang_2025_may.csv
2025-05-27 16:02:17.944128+07:00,Nha Trang,67,/dl/web/weather/ic-w-04-scattered-clouds-full.svg,10.1 km/h,78%,aqi_nha-trang_2025_may.csv
2025-05-27 17:02:21.838663+07:00,Nha Trang,66,/dl/web/weather/ic-w-04-scattered-clouds-full.svg,8.7 km/h,77%,aqi_nha-trang_2025_may.csv
2025-05-27 18:01:50.400063+07:00,Nha Trang,66,/dl/web/weather/ic-w-04-scattered-clouds-full.svg,8.0 km/h,78%,aqi_nha-trang_2025_may.csv
2025-05-27 19:02:18.383114+07:00,Nha Trang,66,/dl/web/weather/ic-w-04-scattered-clouds-full.svg,6.9 km/h,83%,aqi_nha-trang_2025_may.csv
2025-05-27 20:11:20.603265+07:00,Nha Trang,67,/dl/web/weather/ic-w-04-scattered-clouds-full.svg,7.2 km/h,81%,aqi_nha-trang_2025_may.csv
2025-05-27 21:02:04.067384+07:00,Nha Trang,67,/dl/web/weather/ic-w-04-scattered-clouds-full.svg,7.2 km/h,81%,aqi_nha-trang_2025_may.csv
2025-05-27 22:03:35.340230+07:00,Nha Trang,67,/dl/web/weather/ic-w-04-scattered-clouds-full.svg,5.1 km/h,85%,aqi_nha-trang_2025_may.csv
2025-05-27 23:02:02.985872+07:00,Nha Trang,68,/dl/web/weather/ic-w-04-scattered-clouds-full.svg,7.1 km/h,84%,aqi_nha-trang_2025_may.csv
2025-05-28 00:02:01.836618+07:00,Nha Trang,68,/dl/web/weather/ic-w-04-scattered-clouds-full.svg,7.7 km/h,89%,aqi_nha-trang_2025_may.csv
2025-05-28 01:02:05.163646+07:00,Nha Trang,68,/dl/web/weather/ic-w-04-scattered-clouds-full.svg,7.7 km/h,89%,aqi_nha-trang_2025_may.csv
2025-05-28 02:02:02.497140+07:00,Nha Trang,68,/dl/web/weather/ic-w-04-scattered-clouds-full.svg,8.2 km/h,86%,aqi_nha-trang_2025_may.csv
2025-05-28 03:02:09.923416+07:00,Nha Trang,68,/dl/web/weather/ic-w-04-scattered-clouds-full.svg,8.2 km/h,87%,aqi_nha-trang_2025_may.csv
2025-05-28 04:01:55.619429+07:00,Nha Trang,68,/dl/web/weather/ic-w-04-scattered-clouds-full.svg,8.2 km/h,87%,aqi_nha-trang_2025_may.csv
2025-05-28 05:01:54.364333+07:00,Nha Trang,69,/dl/web/weather/ic-w-04-scattered-clouds-full.svg,8.2 km/h,90%,aqi_nha-trang_2025_may.csv
2025-05-28 06:02:02.029994+07:00,Nha Trang,69,/dl/web/weather/ic-w-04-scattered-clouds-full.svg,7.4 km/h,90%,aqi_nha-trang_2025_may.csv
2025-05-28 07:05:30.177238+07:00,Nha Trang,69,/dl/web/weather/ic-w-04-scattered-clouds-full.svg,9.3 km/h,84%,aqi_nha-trang_2025_may.csv
2025-05-28 08:29:41.619796+07:00,Nha Trang,63,/dl/web/weather/ic-w-04-scattered-clouds-full.svg,7.1 km/h,81%,aqi_nha-trang_2025_may.csv
2025-05-28 09:31:28.362339+07:00,Nha Trang,63,/dl/web/weather/ic-w-04-scattered-clouds-full.svg,4.2 km/h,78%,aqi_nha-trang_2025_may.csv
2025-05-28 10:20:53.338414+07:00,Nha Trang,63,/dl/web/weather/ic-w-04-scattered-clouds-full.svg,1.1 km/h,70%,aqi_nha-trang_2025_may.csv
2025-05-28 11:03:43.782526+07:00,Nha Trang,57,/dl/web/weather/ic-w-04-scattered-clouds-full.svg,6.6 km/h,73%,aqi_nha-trang_2025_may.csv
2025-05-28 12:02:04.757708+07:00,Nha Trang,57,/dl/web/weather/ic-w-04-scattered-clouds-full.svg,6.9 km/h,77%,aqi_nha-trang_2025_may.csv
2025-05-28 13:02:16.650676+07:00,Nha Trang,57,/dl/web/weather/ic-w-04-scattered-clouds-full.svg,5.6 km/h,82%,aqi_nha-trang_2025_may.csv
2025-05-28 14:02:06.477905+07:00,Nha Trang,59,/dl/web/weather/ic-w-04-scattered-clouds-full.svg,5.6 km/h,82%,aqi_nha-trang_2025_may.csv
2025-05-28 15:02:18.009413+07:00,Nha Trang,59,/dl/web/weather/ic-w-04-scattered-clouds-full.svg,5.3 km/h,83%,aqi_nha-trang_2025_may.csv
2025-05-28 16:02:07.975996+07:00,Nha Trang,59,/dl/web/weather/ic-w-06-rain-full.svg,0.6 km/h,83%,aqi_nha-trang_2025_may.csv
2025-05-28 17:02:25.822993+07:00,Nha Trang,64,/dl/web/weather/ic-w-06-rain-full.svg,3.1 km/h,83%,aqi_nha-trang_2025_may.csv
2025-05-28 18:01:56.361411+07:00,Nha Trang,64,/dl/web/weather/ic-w-06-rain-full.svg,11.4 km/h,95%,aqi_nha-trang_2025_may.csv
2025-05-28 19:02:38.156883+07:00,Nha Trang,64,/dl/web/weather/ic-w-12-night-rain-full.svg,4.2 km/h,93%,aqi_nha-trang_2025_may.csv
2025-05-28 20:11:17.591390+07:00,Nha Trang,68,/dl/web/weather/ic-w-12-night-rain-full.svg,6.4 km/h,93%,aqi_nha-trang_2025_may.csv
2025-05-28 21:02:09.888246+07:00,Nha Trang,68,/dl/web/weather/ic-w-12-night-rain-full.svg,2.4 km/h,95%,aqi_nha-trang_2025_may.csv
2025-05-28 22:02:10.266796+07:00,Nha Trang,68,/dl/web/weather/ic-w-12-night-rain-full.svg,4.8 km/h,95%,aqi_nha-trang_2025_may.csv
2025-05-28 23:02:13.126104+07:00,Nha Trang,72,/dl/web/weather/ic-w-12-night-rain-full.svg,6.1 km/h,96%,aqi_nha-trang_2025_may.csv
2025-05-29 00:02:12.788594+07:00,Nha Trang,72,/dl/web/weather/ic-w-12-night-rain-full.svg,4.2 km/h,95%,aqi_nha-trang_2025_may.csv
2025-05-29 01:02:14.975572+07:00,Nha Trang,72,/dl/web/weather/ic-w-12-night-rain-full.svg,12.2 km/h,95%,aqi_nha-trang_2025_may.csv
2025-05-29 02:01:51.163648+07:00,Nha Trang,74,/dl/web/weather/ic-w-12-night-rain-full.svg,12.2 km/h,95%,aqi_nha-trang_2025_may.csv
2025-05-29 03:02:05.524331+07:00,Nha Trang,74,/dl/web/weather/ic-w-12-night-rain-full.svg,10.5 km/h,95%,aqi_nha-trang_2025_may.csv
2025-05-29 04:02:02.666554+07:00,Nha Trang,74,/dl/web/weather/ic-w-12-night-rain-full.svg,8.7 km/h,91%,aqi_nha-trang_2025_may.csv
2025-05-29 05:01:53.084867+07:00,Nha Trang,70,/dl/web/weather/ic-w-12-night-rain-full.svg,11.7 km/h,96%,aqi_nha-trang_2025_may.csv
2025-05-29 06:02:09.941632+07:00,Nha Trang,70,/dl/web/weather/ic-w-04-scattered-clouds-full.svg,9.3 km/h,95%,aqi_nha-trang_2025_may.csv
2025-05-29 07:05:03.074502+07:00,Nha Trang,70,/dl/web/weather/ic-w-04-scattered-clouds-full.svg,10.0 km/h,92%,aqi_nha-trang_2025_may.csv
2025-05-29 08:29:29.286580+07:00,Nha Trang,68,/dl/web/weather/ic-w-04-scattered-clouds-full.svg,6.6 km/h,92%,aqi_nha-trang_2025_may.csv
2025-05-29 09:31:29.457474+07:00,Nha Trang,68,/dl/web/weather/ic-w-04-scattered-clouds-full.svg,5.6 km/h,75%,aqi_nha-trang_2025_may.csv
2025-05-29 10:21:02.179746+07:00,Nha Trang,68,/dl/web/weather/ic-w-04-scattered-clouds-full.svg,0.8 km/h,73%,aqi_nha-trang_2025_may.csv
2025-05-29 11:04:25.549947+07:00,Nha Trang,64,/dl/web/weather/ic-w-04-scattered-clouds-full.svg,4.2 km/h,68%,aqi_nha-trang_2025_may.csv
2025-05-29 12:02:07.392051+07:00,Nha Trang,64,/dl/web/weather/ic-w-04-scattered-clouds-full.svg,3.2 km/h,71%,aqi_nha-trang_2025_may.csv
2025-05-29 13:02:15.756738+07:00,Nha Trang,64,/dl/web/weather/ic-w-04-scattered-clouds-full.svg,1.1 km/h,72%,aqi_nha-trang_2025_may.csv
2025-05-29 14:02:04.122037+07:00,Nha Trang,61,/dl/web/weather/ic-w-04-scattered-clouds-full.svg,6.9 km/h,71%,aqi_nha-trang_2025_may.csv
2025-05-29 15:02:18.556667+07:00,Nha Trang,61,/dl/web/weather/ic-w-04-scattered-clouds-full.svg,5.5 km/h,77%,aqi_nha-trang_2025_may.csv
2025-05-29 16:02:06.126446+07:00,Nha Trang,61,/dl/web/weather/ic-w-04-scattered-clouds-full.svg,3.1 km/h,79%,aqi_nha-trang_2025_may.csv
2025-05-29 17:02:13.624682+07:00,Nha Trang,63,/dl/web/weather/ic-w-04-scattered-clouds-full.svg,4.5 km/h,80%,aqi_nha-trang_2025_may.csv
2025-05-29 18:01:51.668121+07:00,Nha Trang,63,/dl/web/weather/ic-w-04-scattered-clouds-full.svg,7.7 km/h,81%,aqi_nha-trang_2025_may.csv
2025-05-29 19:02:25.928883+07:00,Nha Trang,63,/dl/web/weather/ic-w-04-scattered-clouds-full.svg,9.3 km/h,86%,aqi_nha-trang_2025_may.csv
2025-05-29 20:10:20.604178+07:00,Nha Trang,63,/dl/web/weather/ic-w-04-scattered-clouds-full.svg,8.9 km/h,87%,aqi_nha-trang_2025_may.csv
2025-05-29 21:01:59.886846+07:00,Nha Trang,63,/dl/web/weather/ic-w-04-scattered-clouds-full.svg,7.9 km/h,85%,aqi_nha-trang_2025_may.csv
2025-05-29 22:02:10.651905+07:00,Nha Trang,63,/dl/web/weather/ic-w-04-scattered-clouds-full.svg,8.7 km/h,90%,aqi_nha-trang_2025_may.csv
2025-05-29 23:01:55.352615+07:00,Nha Trang,67,/dl/web/weather/ic-w-04-scattered-clouds-full.svg,8.7 km/h,90%,aqi_nha-trang_2025_may.csv
2025-05-30 00:02:00.340682+07:00,Nha Trang,67,/dl/web/weather/ic-w-04-scattered-clouds-full.svg,9.2 km/h,90%,aqi_nha-trang_2025_may.csv
2025-05-30 01:02:12.397614+07:00,Nha Trang,67,/dl/web/weather/ic-w-04-scattered-clouds-full.svg,9.7 km/h,89%,aqi_nha-trang_2025_may.csv
2025-05-30 02:02:05.468789+07:00,Nha Trang,67,/dl/web/weather/ic-w-04-scattered-clouds-full.svg,7.9 km/h,89%,aqi_nha-trang_2025_may.csv
2025-05-30 03:02:10.138527+07:00,Nha Trang,67,/dl/web/weather/ic-w-04-scattered-clouds-full.svg,6.6 km/h,85%,aqi_nha-trang_2025_may.csv
2025-05-30 04:03:12.913843+07:00,Nha Trang,67,/dl/web/weather/ic-w-04-scattered-clouds-full.svg,7.9 km/h,87%,aqi_nha-trang_2025_may.csv
2025-05-30 05:01:51.131874+07:00,Nha Trang,61,/dl/web/weather/ic-w-04-scattered-clouds-full.svg,7.9 km/h,87%,aqi_nha-trang_2025_may.csv
2025-05-30 06:02:00.000515+07:00,Nha Trang,61,/dl/web/weather/ic-w-04-scattered-clouds-full.svg,8.2 km/h,87%,aqi_nha-trang_2025_may.csv
2025-05-30 07:05:15.909352+07:00,Nha Trang,61,/dl/web/weather/ic-w-04-scattered-clouds-full.svg,8.4 km/h,80%,aqi_nha-trang_2025_may.csv
2025-05-30 08:29:29.737568+07:00,Nha Trang,59,/dl/web/weather/ic-w-04-scattered-clouds-full.svg,6.9 km/h,74%,aqi_nha-trang_2025_may.csv
2025-05-30 09:31:00.502588+07:00,Nha Trang,59,/dl/web/weather/ic-w-04-scattered-clouds-full.svg,5.5 km/h,63%,aqi_nha-trang_2025_may.csv
2025-05-30 10:19:54.052415+07:00,Nha Trang,59,/dl/web/weather/ic-w-04-scattered-clouds-full.svg,3.7 km/h,61%,aqi_nha-trang_2025_may.csv
2025-05-30 11:03:52.436474+07:00,Nha Trang,59,/dl/web/weather/ic-w-04-scattered-clouds-full.svg,2.7 km/h,61%,aqi_nha-trang_2025_may.csv
2025-05-30 12:02:05.855422+07:00,Nha Trang,59,/dl/web/weather/ic-w-04-scattered-clouds-full.svg,8.4 km/h,58%,aqi_nha-trang_2025_may.csv
2025-05-30 13:02:13.682664+07:00,Nha Trang,59,/dl/web/weather/ic-w-04-scattered-clouds-full.svg,12.6 km/h,63%,aqi_nha-trang_2025_may.csv
2025-05-30 14:01:56.806869+07:00,Nha Trang,64,/dl/web/weather/ic-w-04-scattered-clouds-full.svg,10.0 km/h,71%,aqi_nha-trang_2025_may.csv
2025-05-30 15:02:05.083842+07:00,Nha Trang,64,/dl/web/weather/ic-w-04-scattered-clouds-full.svg,11.4 km/h,71%,aqi_nha-trang_2025_may.csv
2025-05-30 16:01:57.770635+07:00,Nha Trang,64,/dl/web/weather/ic-w-04-scattered-clouds-full.svg,7.6 km/h,71%,aqi_nha-trang_2025_may.csv
2025-05-30 17:02:03.534304+07:00,Nha Trang,63,/dl/web/weather/ic-w-04-scattered-clouds-full.svg,7.9 km/h,78%,aqi_nha-trang_2025_may.csv
2025-05-30 18:01:59.971454+07:00,Nha Trang,63,/dl/web/weather/ic-w-04-scattered-clouds-full.svg,7.9 km/h,78%,aqi_nha-trang_2025_may.csv
2025-05-30 19:02:27.494747+07:00,Nha Trang,63,/dl/web/weather/ic-w-04-scattered-clouds-full.svg,4.5 km/h,85%,aqi_nha-trang_2025_may.csv
2025-05-30 20:10:30.263508+07:00,Nha Trang,63,/dl/web/weather/ic-w-04-scattered-clouds-full.svg,6.4 km/h,86%,aqi_nha-trang_2025_may.csv
2025-05-30 21:02:07.847977+07:00,Nha Trang,63,/dl/web/weather/ic-w-04-scattered-clouds-full.svg,8.2 km/h,83%,aqi_nha-trang_2025_may.csv
2025-05-30 22:02:10.526648+07:00,Nha Trang,63,/dl/web/weather/ic-w-04-scattered-clouds-full.svg,9.2 km/h,86%,aqi_nha-trang_2025_may.csv
2025-05-30 23:02:09.204666+07:00,Nha Trang,64,/dl/web/weather/ic-w-04-scattered-clouds-full.svg,8.2 km/h,86%,aqi_nha-trang_2025_may.csv
2025-05-31 00:01:48.917599+07:00,Nha Trang,64,/dl/web/weather/ic-w-04-scattered-clouds-full.svg,8.2 km/h,86%,aqi_nha-trang_2025_may.csv
2025-05-31 01:02:07.232354+07:00,Nha Trang,64,/dl/web/weather/ic-w-04-scattered-clouds-full.svg,8.5 km/h,84%,aqi_nha-trang_2025_may.csv
2025-05-31 02:01:55.298850+07:00,Nha Trang,64,/dl/web/weather/ic-w-04-scattered-clouds-full.svg,8.5 km/h,82%,aqi_nha-trang_2025_may.csv
2025-05-31 03:02:10.155796+07:00,Nha Trang,64,/dl/web/weather/ic-w-04-scattered-clouds-full.svg,9.5 km/h,85%,aqi_nha-trang_2025_may.csv
2025-05-31 04:01:50.400390+07:00,Nha Trang,64,/dl/web/weather/ic-w-04-scattered-clouds-full.svg,9.5 km/h,85%,aqi_nha-trang_2025_may.csv
2025-05-31 05:01:55.779811+07:00,Nha Trang,63,/dl/web/weather/ic-w-04-scattered-clouds-full.svg,8.4 km/h,82%,aqi_nha-trang_2025_may.csv
2025-05-31 06:01:49.816052+07:00,Nha Trang,63,/dl/web/weather/ic-w-04-scattered-clouds-full.svg,8.4 km/h,84%,aqi_nha-trang_2025_may.csv
2025-05-31 07:05:01.930468+07:00,Nha Trang,63,/dl/web/weather/ic-w-04-scattered-clouds-full.svg,9.7 km/h,80%,aqi_nha-trang_2025_may.csv
2025-05-31 08:29:26.364406+07:00,Nha Trang,65,/dl/web/weather/ic-w-04-scattered-clouds-full.svg,8.5 km/h,74%,aqi_nha-trang_2025_may.csv
2025-05-31 09:30:21.749831+07:00,Nha Trang,65,/dl/web/weather/ic-w-04-scattered-clouds-full.svg,7.9 km/h,65%,aqi_nha-trang_2025_may.csv
2025-05-31 10:19:29.673638+07:00,Nha Trang,65,/dl/web/weather/ic-w-04-scattered-clouds-full.svg,7.1 km/h,64%,aqi_nha-trang_2025_may.csv
2025-05-31 11:03:09.506344+07:00,Nha Trang,64,/dl/web/weather/ic-w-04-scattered-clouds-full.svg,5.0 km/h,58%,aqi_nha-trang_2025_may.csv
2025-05-31 12:02:00.704406+07:00,Nha Trang,64,/dl/web/weather/ic-w-04-scattered-clouds-full.svg,5.0 km/h,57%,aqi_nha-trang_2025_may.csv
2025-05-31 13:02:17.550691+07:00,Nha Trang,64,/dl/web/weather/ic-w-04-scattered-clouds-full.svg,7.9 km/h,53%,aqi_nha-trang_2025_may.csv
2025-05-31 14:02:09.625319+07:00,Nha Trang,65,/dl/web/weather/ic-w-04-scattered-clouds-full.svg,11.9 km/h,50%,aqi_nha-trang_2025_may.csv
2025-05-31 15:02:13.854099+07:00,Nha Trang,65,/dl/web/weather/ic-w-04-scattered-clouds-full.svg,11.6 km/h,57%,aqi_nha-trang_2025_may.csv
2025-05-31 16:02:03.171764+07:00,Nha Trang,65,/dl/web/weather/ic-w-04-scattered-clouds-full.svg,10.1 km/h,69%,aqi_nha-trang_2025_may.csv
2025-05-31 17:02:08.205012+07:00,Nha Trang,65,/dl/web/weather/ic-w-06-rain-full.svg,7.7 km/h,86%,aqi_nha-trang_2025_may.csv
2025-05-31 18:01:34.774070+07:00,Nha Trang,65,/dl/web/weather/ic-w-06-rain-full.svg,7.7 km/h,86%,aqi_nha-trang_2025_may.csv
2025-05-31 19:02:33.563744+07:00,Nha Trang,65,/dl/web/weather/ic-w-04-scattered-clouds-full.svg,5.8 km/h,85%,aqi_nha-trang_2025_may.csv
2025-05-31 20:07:59.734940+07:00,Nha Trang,66,/dl/web/weather/ic-w-04-scattered-clouds-full.svg,7.9 km/h,87%,aqi_nha-trang_2025_may.csv
2025-05-31 21:01:59.119452+07:00,Nha Trang,66,/dl/web/weather/ic-w-04-scattered-clouds-full.svg,7.9 km/h,87%,aqi_nha-trang_2025_may.csv
2025-05-31 22:01:49.032220+07:00,Nha Trang,66,/dl/web/weather/ic-w-04-scattered-clouds-full.svg,10.5 km/h,87%,aqi_nha-trang_2025_may.csv
2025-05-31 23:01:52.023978+07:00,Nha Trang,63,/dl/web/weather/ic-w-04-scattered-clouds-full.svg,10.5 km/h,87%,aqi_nha-trang_2025_may.csv
2025-06-01 00:02:01.147369+07:00,Nha Trang,63,/dl/web/weather/ic-w-04-scattered-clouds-full.svg,9.8 km/h,88%,aqi_nha-trang_2025_jun.csv
2025-06-01 01:02:00.334618+07:00,Nha Trang,63,/dl/web/weather/ic-w-04-scattered-clouds-full.svg,11.1 km/h,88%,aqi_nha-trang_2025_jun.csv
2025-06-01 02:01:49.212029+07:00,Nha Trang,60,/dl/web/weather/ic-w-04-scattered-clouds-full.svg,11.1 km/h,88%,aqi_nha-trang_2025_jun.csv
2025-06-01 03:01:49.695479+07:00,Nha Trang,60,/dl/web/weather/ic-w-04-scattered-clouds-full.svg,10.9 km/h,84%,aqi_nha-trang_2025_jun.csv
2025-06-01 04:01:58.180840+07:00,Nha Trang,60,/dl/web/weather/ic-w-04-scattered-clouds-full.svg,11.1 km/h,83%,aqi_nha-trang_2025_jun.csv
2025-06-01 05:02:06.613022+07:00,Nha Trang,58,/dl/web/weather/ic-w-04-scattered-clouds-full.svg,9.8 km/h,83%,aqi_nha-trang_2025_jun.csv
2025-06-01 06:02:08.770220+07:00,Nha Trang,58,/dl/web/weather/ic-w-04-scattered-clouds-full.svg,9.8 km/h,83%,aqi_nha-trang_2025_jun.csv
2025-06-01 07:06:25.700435+07:00,Nha Trang,58,/dl/web/weather/ic-w-04-scattered-clouds-full.svg,9.2 km/h,74%,aqi_nha-trang_2025_jun.csv
2025-06-01 08:30:20.977518+07:00,Nha Trang,57,/dl/web/weather/ic-w-04-scattered-clouds-full.svg,5.6 km/h,63%,aqi_nha-trang_2025_jun.csv
2025-06-01 09:43:40.779291+07:00,Nha Trang,57,/dl/web/weather/ic-w-04-scattered-clouds-full.svg,3.4 km/h,54%,aqi_nha-trang_2025_jun.csv
2025-06-01 10:30:13.761490+07:00,Nha Trang,57,/dl/web/weather/ic-w-04-scattered-clouds-full.svg,4.8 km/h,49%,aqi_nha-trang_2025_jun.csv
2025-06-01 11:13:30.395839+07:00,Nha Trang,55,/dl/web/weather/ic-w-04-scattered-clouds-full.svg,9.3 km/h,50%,aqi_nha-trang_2025_jun.csv
2025-06-01 12:02:29.741112+07:00,Nha Trang,55,/dl/web/weather/ic-w-04-scattered-clouds-full.svg,14.5 km/h,53%,aqi_nha-trang_2025_jun.csv
2025-06-01 13:02:10.411172+07:00,Nha Trang,55,/dl/web/weather/ic-w-04-scattered-clouds-full.svg,14.2 km/h,52%,aqi_nha-trang_2025_jun.csv
2025-06-01 14:01:59.942281+07:00,Nha Trang,57,/dl/web/weather/ic-w-04-scattered-clouds-full.svg,11.9 km/h,56%,aqi_nha-trang_2025_jun.csv
2025-06-01 15:02:07.671570+07:00,Nha Trang,57,/dl/web/weather/ic-w-04-scattered-clouds-full.svg,9.3 km/h,57%,aqi_nha-trang_2025_jun.csv
2025-06-01 16:02:02.617282+07:00,Nha Trang,57,/dl/web/weather/ic-w-04-scattered-clouds-full.svg,7.6 km/h,61%,aqi_nha-trang_2025_jun.csv
2025-06-01 17:01:54.056108+07:00,Nha Trang,58,/dl/web/weather/ic-w-04-scattered-clouds-full.svg,4.8 km/h,70%,aqi_nha-trang_2025_jun.csv
2025-06-01 18:01:50.352780+07:00,Nha Trang,58,/dl/web/weather/ic-w-04-scattered-clouds-full.svg,4.8 km/h,70%,aqi_nha-trang_2025_jun.csv
2025-06-01 19:02:16.820416+07:00,Nha Trang,58,/dl/web/weather/ic-w-04-scattered-clouds-full.svg,6.1 km/h,76%,aqi_nha-trang_2025_jun.csv
2025-06-01 20:08:16.785959+07:00,Nha Trang,61,/dl/web/weather/ic-w-04-scattered-clouds-full.svg,11.9 km/h,76%,aqi_nha-trang_2025_jun.csv
2025-06-01 21:01:46.410247+07:00,Nha Trang,61,/dl/web/weather/ic-w-04-scattered-clouds-full.svg,10.0 km/h,74%,aqi_nha-trang_2025_jun.csv
2025-06-01 22:01:51.891502+07:00,Nha Trang,61,/dl/web/weather/ic-w-04-scattered-clouds-full.svg,10.0 km/h,74%,aqi_nha-trang_2025_jun.csv
2025-06-01 23:01:57.781327+07:00,Nha Trang,62,/dl/web/weather/ic-w-04-scattered-clouds-full.svg,10.0 km/h,75%,aqi_nha-trang_2025_jun.csv
2025-06-02 00:01:57.108480+07:00,Nha Trang,62,/dl/web/weather/ic-w-04-scattered-clouds-full.svg,7.6 km/h,74%,aqi_nha-trang_2025_jun.csv
2025-06-02 01:02:04.794636+07:00,Nha Trang,62,/dl/web/weather/ic-w-04-scattered-clouds-full.svg,7.9 km/h,72%,aqi_nha-trang_2025_jun.csv
2025-06-02 02:02:01.920406+07:00,Nha Trang,60,/dl/web/weather/ic-w-04-scattered-clouds-full.svg,6.4 km/h,73%,aqi_nha-trang_2025_jun.csv
2025-06-02 03:02:08.802516+07:00,Nha Trang,60,/dl/web/weather/ic-w-04-scattered-clouds-full.svg,9.3 km/h,79%,aqi_nha-trang_2025_jun.csv
2025-06-02 04:01:55.196889+07:00,Nha Trang,60,/dl/web/weather/ic-w-04-scattered-clouds-full.svg,9.3 km/h,79%,aqi_nha-trang_2025_jun.csv
2025-06-02 05:02:03.847516+07:00,Nha Trang,59,/dl/web/weather/ic-w-04-scattered-clouds-full.svg,8.2 km/h,67%,aqi_nha-trang_2025_jun.csv
2025-06-02 06:01:55.308242+07:00,Nha Trang,59,/dl/web/weather/ic-w-04-scattered-clouds-full.svg,7.4 km/h,67%,aqi_nha-trang_2025_jun.csv
2025-06-02 07:05:33.997663+07:00,Nha Trang,59,/dl/web/weather/ic-w-04-scattered-clouds-full.svg,7.7 km/h,69%,aqi_nha-trang_2025_jun.csv
2025-06-02 08:29:48.616857+07:00,Nha Trang,60,/dl/web/weather/ic-w-04-scattered-clouds-full.svg,5.5 km/h,70%,aqi_nha-trang_2025_jun.csv
2025-06-02 09:34:02.534053+07:00,Nha Trang,60,/dl/web/weather/ic-w-04-scattered-clouds-full.svg,5.6 km/h,65%,aqi_nha-trang_2025_jun.csv
2025-06-02 10:26:01.161017+07:00,Nha Trang,60,/dl/web/weather/ic-w-04-scattered-clouds-full.svg,6.1 km/h,61%,aqi_nha-trang_2025_jun.csv
2025-06-02 11:08:11.395687+07:00,Nha Trang,60,/dl/web/weather/ic-w-04-scattered-clouds-full.svg,7.1 km/h,53%,aqi_nha-trang_2025_jun.csv
2025-06-02 12:02:57.051555+07:00,Nha Trang,60,/dl/web/weather/ic-w-04-scattered-clouds-full.svg,9.7 km/h,56%,aqi_nha-trang_2025_jun.csv
2025-06-02 13:02:08.699430+07:00,Nha Trang,60,/dl/web/weather/ic-w-04-scattered-clouds-full.svg,14.5 km/h,62%,aqi_nha-trang_2025_jun.csv
2025-06-02 14:02:20.591207+07:00,Nha Trang,60,/dl/web/weather/ic-w-04-scattered-clouds-full.svg,13.2 km/h,54%,aqi_nha-trang_2025_jun.csv
2025-06-02 15:02:33.072098+07:00,Nha Trang,60,/dl/web/weather/ic-w-04-scattered-clouds-full.svg,8.5 km/h,63%,aqi_nha-trang_2025_jun.csv
2025-06-02 16:02:13.537435+07:00,Nha Trang,60,/dl/web/weather/ic-w-04-scattered-clouds-full.svg,5.1 km/h,61%,aqi_nha-trang_2025_jun.csv
2025-06-02 17:02:03.095176+07:00,Nha Trang,60,/dl/web/weather/ic-w-04-scattered-clouds-full.svg,5.1 km/h,61%,aqi_nha-trang_2025_jun.csv
2025-06-02 18:02:03.458572+07:00,Nha Trang,60,/dl/web/weather/ic-w-04-scattered-clouds-full.svg,3.1 km/h,68%,aqi_nha-trang_2025_jun.csv
2025-06-02 19:02:49.954314+07:00,Nha Trang,60,/dl/web/weather/ic-w-04-scattered-clouds-full.svg,4.8 km/h,68%,aqi_nha-trang_2025_jun.csv
2025-06-02 20:11:19.689145+07:00,Nha Trang,61,/dl/web/weather/ic-w-04-scattered-clouds-full.svg,8.9 km/h,66%,aqi_nha-trang_2025_jun.csv
2025-06-02 21:02:02.370700+07:00,Nha Trang,61,/dl/web/weather/ic-w-04-scattered-clouds-full.svg,10.6 km/h,69%,aqi_nha-trang_2025_jun.csv
2025-06-02 22:02:00.665783+07:00,Nha Trang,61,/dl/web/weather/ic-w-04-scattered-clouds-full.svg,12.1 km/h,74%,aqi_nha-trang_2025_jun.csv
2025-06-02 23:02:22.757883+07:00,Nha Trang,65,/dl/web/weather/ic-w-04-scattered-clouds-full.svg,10.8 km/h,76%,aqi_nha-trang_2025_jun.csv
2025-06-03 00:02:32.753257+07:00,Nha Trang,65,/dl/web/weather/ic-w-04-scattered-clouds-full.svg,10.3 km/h,77%,aqi_nha-trang_2025_jun.csv
2025-06-03 01:02:09.416208+07:00,Nha Trang,65,/dl/web/weather/ic-w-04-scattered-clouds-full.svg,9.5 km/h,76%,aqi_nha-trang_2025_jun.csv
2025-06-03 02:01:54.879092+07:00,Nha Trang,64,/dl/web/weather/ic-w-04-scattered-clouds-full.svg,9.0 km/h,79%,aqi_nha-trang_2025_jun.csv
2025-06-03 03:02:08.703511+07:00,Nha Trang,64,/dl/web/weather/ic-w-04-scattered-clouds-full.svg,10.6 km/h,70%,aqi_nha-trang_2025_jun.csv
2025-06-03 04:01:57.437434+07:00,Nha Trang,64,/dl/web/weather/ic-w-04-scattered-clouds-full.svg,9.7 km/h,71%,aqi_nha-trang_2025_jun.csv
2025-06-03 05:02:02.072394+07:00,Nha Trang,61,/dl/web/weather/ic-w-04-scattered-clouds-full.svg,10.1 km/h,76%,aqi_nha-trang_2025_jun.csv
2025-06-03 06:02:02.662536+07:00,Nha Trang,61,/dl/web/weather/ic-w-04-scattered-clouds-full.svg,10.1 km/h,76%,aqi_nha-trang_2025_jun.csv
2025-06-03 07:05:07.165289+07:00,Nha Trang,61,/dl/web/weather/ic-w-04-scattered-clouds-full.svg,8.9 km/h,71%,aqi_nha-trang_2025_jun.csv
2025-06-03 08:29:37.954662+07:00,Nha Trang,61,/dl/web/weather/ic-w-02-new-clouds-full.svg,8.2 km/h,62%,aqi_nha-trang_2025_jun.csv
2025-06-03 09:31:48.381562+07:00,Nha Trang,61,/dl/web/weather/ic-w-02-new-clouds-full.svg,5.8 km/h,57%,aqi_nha-trang_2025_jun.csv
2025-06-03 10:22:22.796745+07:00,Nha Trang,61,/dl/web/weather/ic-w-04-scattered-clouds-full.svg,0.5 km/h,52%,aqi_nha-trang_2025_jun.csv
2025-06-03 11:05:50.180679+07:00,Nha Trang,61,/dl/web/weather/ic-w-04-scattered-clouds-full.svg,8.5 km/h,52%,aqi_nha-trang_2025_jun.csv
2025-06-03 12:02:10.635959+07:00,Nha Trang,61,/dl/web/weather/ic-w-04-scattered-clouds-full.svg,14.5 km/h,47%,aqi_nha-trang_2025_jun.csv
2025-06-03 13:02:13.260251+07:00,Nha Trang,61,/dl/web/weather/ic-w-04-scattered-clouds-full.svg,15.1 km/h,56%,aqi_nha-trang_2025_jun.csv
2025-06-03 14:02:13.596975+07:00,Nha Trang,62,/dl/web/weather/ic-w-04-scattered-clouds-full.svg,13.2 km/h,58%,aqi_nha-trang_2025_jun.csv
2025-06-03 15:02:16.903484+07:00,Nha Trang,62,/dl/web/weather/ic-w-04-scattered-clouds-full.svg,9.0 km/h,57%,aqi_nha-trang_2025_jun.csv
2025-06-03 16:02:19.194609+07:00,Nha Trang,62,/dl/web/weather/ic-w-04-scattered-clouds-full.svg,9.3 km/h,62%,aqi_nha-trang_2025_jun.csv
2025-06-03 17:02:08.336331+07:00,Nha Trang,63,/dl/web/weather/ic-w-04-scattered-clouds-full.svg,6.9 km/h,59%,aqi_nha-trang_2025_jun.csv
2025-06-03 18:01:55.733590+07:00,Nha Trang,63,/dl/web/weather/ic-w-04-scattered-clouds-full.svg,4.3 km/h,63%,aqi_nha-trang_2025_jun.csv
2025-06-03 19:02:32.435871+07:00,Nha Trang,63,/dl/web/weather/ic-w-04-scattered-clouds-full.svg,5.6 km/h,68%,aqi_nha-trang_2025_jun.csv
2025-06-03 20:11:56.534623+07:00,Nha Trang,60,/dl/web/weather/ic-w-04-scattered-clouds-full.svg,7.4 km/h,76%,aqi_nha-trang_2025_jun.csv
2025-06-03 21:02:12.742787+07:00,Nha Trang,60,/dl/web/weather/ic-w-04-scattered-clouds-full.svg,9.3 km/h,72%,aqi_nha-trang_2025_jun.csv
2025-06-03 22:02:13.094945+07:00,Nha Trang,60,/dl/web/weather/ic-w-04-scattered-clouds-full.svg,10.1 km/h,77%,aqi_nha-trang_2025_jun.csv
2025-06-03 23:02:15.805547+07:00,Nha Trang,63,/dl/web/weather/ic-w-04-scattered-clouds-full.svg,11.3 km/h,71%,aqi_nha-trang_2025_jun.csv
2025-06-04 00:02:43.205799+07:00,Nha Trang,63,/dl/web/weather/ic-w-04-scattered-clouds-full.svg,10.6 km/h,73%,aqi_nha-trang_2025_jun.csv
2025-06-04 01:02:19.222551+07:00,Nha Trang,63,/dl/web/weather/ic-w-04-scattered-clouds-full.svg,10.3 km/h,78%,aqi_nha-trang_2025_jun.csv
2025-06-04 02:01:53.582573+07:00,Nha Trang,63,/dl/web/weather/ic-w-04-scattered-clouds-full.svg,10.3 km/h,78%,aqi_nha-trang_2025_jun.csv
2025-06-04 03:02:18.198691+07:00,Nha Trang,63,/dl/web/weather/ic-w-04-scattered-clouds-full.svg,8.2 km/h,79%,aqi_nha-trang_2025_jun.csv
2025-06-04 04:01:59.320756+07:00,Nha Trang,63,/dl/web/weather/ic-w-04-scattered-clouds-full.svg,8.5 km/h,78%,aqi_nha-trang_2025_jun.csv
2025-06-04 05:02:09.758720+07:00,Nha Trang,61,/dl/web/weather/ic-w-04-scattered-clouds-full.svg,7.7 km/h,80%,aqi_nha-trang_2025_jun.csv
2025-06-04 06:01:52.143224+07:00,Nha Trang,61,/dl/web/weather/ic-w-04-scattered-clouds-full.svg,7.7 km/h,80%,aqi_nha-trang_2025_jun.csv
2025-06-04 07:05:06.188231+07:00,Nha Trang,61,/dl/web/weather/ic-w-04-scattered-clouds-full.svg,8.5 km/h,74%,aqi_nha-trang_2025_jun.csv
2025-06-04 08:29:46.167944+07:00,Nha Trang,60,/dl/web/weather/ic-w-04-scattered-clouds-full.svg,6.9 km/h,63%,aqi_nha-trang_2025_jun.csv
2025-06-04 09:31:57.005540+07:00,Nha Trang,60,/dl/web/weather/ic-w-04-scattered-clouds-full.svg,4.2 km/h,57%,aqi_nha-trang_2025_jun.csv
2025-06-04 10:22:44.799490+07:00,Nha Trang,60,/dl/web/weather/ic-w-04-scattered-clouds-full.svg,3.2 km/h,53%,aqi_nha-trang_2025_jun.csv
2025-06-04 11:05:58.472856+07:00,Nha Trang,57,/dl/web/weather/ic-w-04-scattered-clouds-full.svg,6.6 km/h,52%,aqi_nha-trang_2025_jun.csv
2025-06-04 12:02:05.527251+07:00,Nha Trang,57,/dl/web/weather/ic-w-04-scattered-clouds-full.svg,12.4 km/h,55%,aqi_nha-trang_2025_jun.csv
2025-06-04 13:02:12.897912+07:00,Nha Trang,57,/dl/web/weather/ic-w-04-scattered-clouds-full.svg,16.1 km/h,56%,aqi_nha-trang_2025_jun.csv
2025-06-04 14:01:59.982361+07:00,Nha Trang,60,/dl/web/weather/ic-w-04-scattered-clouds-full.svg,12.7 km/h,59%,aqi_nha-trang_2025_jun.csv
2025-06-04 15:02:09.883281+07:00,Nha Trang,60,/dl/web/weather/ic-w-04-scattered-clouds-full.svg,10.5 km/h,57%,aqi_nha-trang_2025_jun.csv
2025-06-04 16:02:04.279004+07:00,Nha Trang,60,/dl/web/weather/ic-w-04-scattered-clouds-full.svg,7.1 km/h,57%,aqi_nha-trang_2025_jun.csv
2025-06-04 17:02:26.354832+07:00,Nha Trang,62,/dl/web/weather/ic-w-04-scattered-clouds-full.svg,3.1 km/h,69%,aqi_nha-trang_2025_jun.csv
2025-06-04 18:02:03.619123+07:00,Nha Trang,62,/dl/web/weather/ic-w-06-rain-full.svg,3.4 km/h,74%,aqi_nha-trang_2025_jun.csv
2025-06-04 19:02:21.978105+07:00,Nha Trang,62,/dl/web/weather/ic-w-04-scattered-clouds-full.svg,6.8 km/h,74%,aqi_nha-trang_2025_jun.csv
2025-06-04 20:12:20.684584+07:00,Nha Trang,64,/dl/web/weather/ic-w-04-scattered-clouds-full.svg,6.3 km/h,76%,aqi_nha-trang_2025_jun.csv
2025-06-04 21:02:01.940825+07:00,Nha Trang,64,/dl/web/weather/ic-w-04-scattered-clouds-full.svg,8.4 km/h,75%,aqi_nha-trang_2025_jun.csv
2025-06-04 22:11:59.696073+07:00,Nha Trang,64,/dl/web/weather/ic-w-04-scattered-clouds-full.svg,6.9 km/h,75%,aqi_nha-trang_2025_jun.csv
2025-06-04 23:03:10.662571+07:00,Nha Trang,62,/dl/web/weather/ic-w-04-scattered-clouds-full.svg,8.2 km/h,80%,aqi_nha-trang_2025_jun.csv
2025-06-05 00:02:13.202075+07:00,Nha Trang,62,/dl/web/weather/ic-w-04-scattered-clouds-full.svg,8.9 km/h,78%,aqi_nha-trang_2025_jun.csv
2025-06-05 01:02:08.143586+07:00,Nha Trang,62,/dl/web/weather/ic-w-04-scattered-clouds-full.svg,7.1 km/h,84%,aqi_nha-trang_2025_jun.csv
2025-06-05 02:01:52.718751+07:00,Nha Trang,60,/dl/web/weather/ic-w-04-scattered-clouds-full.svg,7.1 km/h,84%,aqi_nha-trang_2025_jun.csv
2025-06-05 03:02:01.484505+07:00,Nha Trang,60,/dl/web/weather/ic-w-04-scattered-clouds-full.svg,7.9 km/h,81%,aqi_nha-trang_2025_jun.csv
2025-06-05 04:01:57.019173+07:00,Nha Trang,60,/dl/web/weather/ic-w-04-scattered-clouds-full.svg,8.5 km/h,81%,aqi_nha-trang_2025_jun.csv
2025-06-05 05:02:04.623647+07:00,Nha Trang,63,/dl/web/weather/ic-w-04-scattered-clouds-full.svg,7.6 km/h,82%,aqi_nha-trang_2025_jun.csv
2025-06-05 06:01:55.736540+07:00,Nha Trang,63,/dl/web/weather/ic-w-04-scattered-clouds-full.svg,7.4 km/h,79%,aqi_nha-trang_2025_jun.csv
2025-06-05 08:29:49.438286+07:00,Nha Trang,65,/dl/web/weather/ic-w-04-scattered-clouds-full.svg,5.3 km/h,68%,aqi_nha-trang_2025_jun.csv
2025-06-05 09:31:37.844849+07:00,Nha Trang,65,/dl/web/weather/ic-w-04-scattered-clouds-full.svg,1.4 km/h,61%,aqi_nha-trang_2025_jun.csv
2025-06-05 10:22:47.777219+07:00,Nha Trang,65,/dl/web/weather/ic-w-04-scattered-clouds-full.svg,5.5 km/h,58%,aqi_nha-trang_2025_jun.csv
2025-06-05 11:06:16.084570+07:00,Nha Trang,60,/dl/web/weather/ic-w-04-scattered-clouds-full.svg,10.5 km/h,58%,aqi_nha-trang_2025_jun.csv
2025-06-05 12:02:06.062391+07:00,Nha Trang,60,/dl/web/weather/ic-w-04-scattered-clouds-full.svg,14.3 km/h,58%,aqi_nha-trang_2025_jun.csv
2025-06-05 13:02:21.120772+07:00,Nha Trang,60,/dl/web/weather/ic-w-04-scattered-clouds-full.svg,16.3 km/h,60%,aqi_nha-trang_2025_jun.csv
2025-06-05 14:02:14.648481+07:00,Nha Trang,60,/dl/web/weather/ic-w-04-scattered-clouds-full.svg,12.2 km/h,62%,aqi_nha-trang_2025_jun.csv
2025-06-05 15:02:06.275569+07:00,Nha Trang,60,/dl/web/weather/ic-w-06-rain-full.svg,8.2 km/h,68%,aqi_nha-trang_2025_jun.csv
2025-06-05 16:02:10.003402+07:00,Nha Trang,60,/dl/web/weather/ic-w-04-scattered-clouds-full.svg,11.1 km/h,69%,aqi_nha-trang_2025_jun.csv
2025-06-05 17:02:03.808582+07:00,Nha Trang,63,/dl/web/weather/ic-w-04-scattered-clouds-full.svg,7.9 km/h,68%,aqi_nha-trang_2025_jun.csv
2025-06-05 18:02:15.528062+07:00,Nha Trang,63,/dl/web/weather/ic-w-04-scattered-clouds-full.svg,4.3 km/h,75%,aqi_nha-trang_2025_jun.csv
2025-06-05 19:02:36.607815+07:00,Nha Trang,63,/dl/web/weather/ic-w-04-scattered-clouds-full.svg,4.7 km/h,78%,aqi_nha-trang_2025_jun.csv
2025-06-05 20:11:04.216005+07:00,Nha Trang,67,/dl/web/weather/ic-w-04-scattered-clouds-full.svg,3.9 km/h,77%,aqi_nha-trang_2025_jun.csv
2025-06-05 21:02:08.132984+07:00,Nha Trang,67,/dl/web/weather/ic-w-04-scattered-clouds-full.svg,3.7 km/h,79%,aqi_nha-trang_2025_jun.csv
2025-06-05 22:02:14.120266+07:00,Nha Trang,67,/dl/web/weather/ic-w-04-scattered-clouds-full.svg,5.5 km/h,84%,aqi_nha-trang_2025_jun.csv
2025-06-05 23:02:07.432976+07:00,Nha Trang,68,/dl/web/weather/ic-w-04-scattered-clouds-full.svg,5.8 km/h,83%,aqi_nha-trang_2025_jun.csv
2025-06-06 00:01:55.578590+07:00,Nha Trang,68,/dl/web/weather/ic-w-04-scattered-clouds-full.svg,7.1 km/h,83%,aqi_nha-trang_2025_jun.csv
2025-06-06 02:02:12.949664+07:00,Nha Trang,64,/dl/web/weather/ic-w-04-scattered-clouds-full.svg,9.5 km/h,84%,aqi_nha-trang_2025_jun.csv
2025-06-06 03:02:22.363370+07:00,Nha Trang,64,/dl/web/weather/ic-w-04-scattered-clouds-full.svg,8.5 km/h,87%,aqi_nha-trang_2025_jun.csv
2025-06-06 04:02:10.573691+07:00,Nha Trang,64,/dl/web/weather/ic-w-04-scattered-clouds-full.svg,7.7 km/h,85%,aqi_nha-trang_2025_jun.csv
2025-06-06 05:01:53.929446+07:00,Nha Trang,68,/dl/web/weather/ic-w-04-scattered-clouds-full.svg,7.7 km/h,85%,aqi_nha-trang_2025_jun.csv
2025-06-06 06:02:09.988058+07:00,Nha Trang,68,/dl/web/weather/ic-w-04-scattered-clouds-full.svg,7.2 km/h,83%,aqi_nha-trang_2025_jun.csv
2025-06-06 07:05:05.308478+07:00,Nha Trang,68,/dl/web/weather/ic-w-04-scattered-clouds-full.svg,7.6 km/h,78%,aqi_nha-trang_2025_jun.csv
2025-06-06 08:29:38.565106+07:00,Nha Trang,67,/dl/web/weather/ic-w-04-scattered-clouds-full.svg,6.0 km/h,74%,aqi_nha-trang_2025_jun.csv
2025-06-06 09:31:41.408751+07:00,Nha Trang,67,/dl/web/weather/ic-w-04-scattered-clouds-full.svg,2.1 km/h,62%,aqi_nha-trang_2025_jun.csv
2025-06-06 10:22:35.843528+07:00,Nha Trang,67,/dl/web/weather/ic-w-04-scattered-clouds-full.svg,5.5 km/h,63%,aqi_nha-trang_2025_jun.csv
2025-06-06 11:05:26.861723+07:00,Nha Trang,63,/dl/web/weather/ic-w-04-scattered-clouds-full.svg,9.2 km/h,62%,aqi_nha-trang_2025_jun.csv
2025-06-06 12:02:03.619483+07:00,Nha Trang,63,/dl/web/weather/ic-w-04-scattered-clouds-full.svg,13.8 km/h,61%,aqi_nha-trang_2025_jun.csv
2025-06-06 13:02:10.261600+07:00,Nha Trang,63,/dl/web/weather/ic-w-04-scattered-clouds-full.svg,12.1 km/h,61%,aqi_nha-trang_2025_jun.csv
2025-06-06 14:02:19.507120+07:00,Nha Trang,62,/dl/web/weather/ic-w-04-scattered-clouds-full.svg,11.6 km/h,61%,aqi_nha-trang_2025_jun.csv
2025-06-06 15:02:18.735942+07:00,Nha Trang,62,/dl/web/weather/ic-w-04-scattered-clouds-full.svg,10.8 km/h,59%,aqi_nha-trang_2025_jun.csv
2025-06-06 16:01:59.223154+07:00,Nha Trang,62,/dl/web/weather/ic-w-06-rain-full.svg,8.2 km/h,63%,aqi_nha-trang_2025_jun.csv
2025-06-06 17:02:11.999708+07:00,Nha Trang,64,/dl/web/weather/ic-w-04-scattered-clouds-full.svg,8.0 km/h,80%,aqi_nha-trang_2025_jun.csv
2025-06-06 18:02:06.896919+07:00,Nha Trang,64,/dl/web/weather/ic-w-04-scattered-clouds-full.svg,5.8 km/h,84%,aqi_nha-trang_2025_jun.csv
2025-06-06 19:02:33.966994+07:00,Nha Trang,64,/dl/web/weather/ic-w-12-night-rain-full.svg,1.0 km/h,86%,aqi_nha-trang_2025_jun.csv
2025-06-06 20:10:12.854444+07:00,Nha Trang,63,/dl/web/weather/ic-w-04-scattered-clouds-full.svg,1.4 km/h,88%,aqi_nha-trang_2025_jun.csv
2025-06-06 21:01:57.851639+07:00,Nha Trang,63,/dl/web/weather/ic-w-04-scattered-clouds-full.svg,5.1 km/h,85%,aqi_nha-trang_2025_jun.csv
2025-06-06 22:02:08.134988+07:00,Nha Trang,63,/dl/web/weather/ic-w-04-scattered-clouds-full.svg,5.6 km/h,89%,aqi_nha-trang_2025_jun.csv
2025-06-06 23:02:17.713159+07:00,Nha Trang,63,/dl/web/weather/ic-w-04-scattered-clouds-full.svg,7.2 km/h,89%,aqi_nha-trang_2025_jun.csv
2025-06-07 00:02:06.800966+07:00,Nha Trang,63,/dl/web/weather/ic-w-04-scattered-clouds-full.svg,8.2 km/h,93%,aqi_nha-trang_2025_jun.csv
2025-06-07 01:02:08.327491+07:00,Nha Trang,63,/dl/web/weather/ic-w-04-scattered-clouds-full.svg,7.9 km/h,90%,aqi_nha-trang_2025_jun.csv
2025-06-07 02:01:45.574853+07:00,Nha Trang,64,/dl/web/weather/ic-w-04-scattered-clouds-full.svg,8.5 km/h,88%,aqi_nha-trang_2025_jun.csv
2025-06-07 03:02:08.168505+07:00,Nha Trang,64,/dl/web/weather/ic-w-04-scattered-clouds-full.svg,8.0 km/h,89%,aqi_nha-trang_2025_jun.csv
2025-06-07 04:02:02.638339+07:00,Nha Trang,64,/dl/web/weather/ic-w-04-scattered-clouds-full.svg,8.5 km/h,89%,aqi_nha-trang_2025_jun.csv
2025-06-07 05:01:52.828679+07:00,Nha Trang,65,/dl/web/weather/ic-w-04-scattered-clouds-full.svg,7.9 km/h,87%,aqi_nha-trang_2025_jun.csv
2025-06-07 06:01:57.309325+07:00,Nha Trang,65,/dl/web/weather/ic-w-04-scattered-clouds-full.svg,7.9 km/h,87%,aqi_nha-trang_2025_jun.csv
2025-06-07 07:05:05.824131+07:00,Nha Trang,65,/dl/web/weather/ic-w-04-scattered-clouds-full.svg,6.4 km/h,81%,aqi_nha-trang_2025_jun.csv
2025-06-07 08:29:34.361254+07:00,Nha Trang,65,/dl/web/weather/ic-w-04-scattered-clouds-full.svg,5.6 km/h,69%,aqi_nha-trang_2025_jun.csv
2025-06-07 09:31:10.604224+07:00,Nha Trang,65,/dl/web/weather/ic-w-04-scattered-clouds-full.svg,0.8 km/h,64%,aqi_nha-trang_2025_jun.csv
2025-06-07 10:20:57.215809+07:00,Nha Trang,65,/dl/web/weather/ic-w-04-scattered-clouds-full.svg,3.9 km/h,58%,aqi_nha-trang_2025_jun.csv
2025-06-07 11:03:04.663692+07:00,Nha Trang,61,/dl/web/weather/ic-w-04-scattered-clouds-full.svg,6.4 km/h,57%,aqi_nha-trang_2025_jun.csv
2025-06-07 12:01:57.981411+07:00,Nha Trang,61,/dl/web/weather/ic-w-04-scattered-clouds-full.svg,9.3 km/h,57%,aqi_nha-trang_2025_jun.csv
2025-06-07 13:01:59.512826+07:00,Nha Trang,61,/dl/web/weather/ic-w-04-scattered-clouds-full.svg,11.7 km/h,57%,aqi_nha-trang_2025_jun.csv
2025-06-07 14:01:50.075727+07:00,Nha Trang,62,/dl/web/weather/ic-w-04-scattered-clouds-full.svg,11.7 km/h,57%,aqi_nha-trang_2025_jun.csv
2025-06-07 15:02:00.567890+07:00,Nha Trang,62,/dl/web/weather/ic-w-04-scattered-clouds-full.svg,9.8 km/h,59%,aqi_nha-trang_2025_jun.csv
2025-06-07 16:02:04.424039+07:00,Nha Trang,62,/dl/web/weather/ic-w-04-scattered-clouds-full.svg,7.6 km/h,60%,aqi_nha-trang_2025_jun.csv
2025-06-07 17:02:02.281499+07:00,Nha Trang,63,/dl/web/weather/ic-w-04-scattered-clouds-full.svg,5.1 km/h,68%,aqi_nha-trang_2025_jun.csv
2025-06-07 18:01:55.528468+07:00,Nha Trang,63,/dl/web/weather/ic-w-04-scattered-clouds-full.svg,5.1 km/h,68%,aqi_nha-trang_2025_jun.csv
2025-06-07 19:02:09.123390+07:00,Nha Trang,63,/dl/web/weather/ic-w-04-scattered-clouds-full.svg,3.1 km/h,74%,aqi_nha-trang_2025_jun.csv
2025-06-07 20:07:52.397819+07:00,Nha Trang,60,/dl/web/weather/ic-w-04-scattered-clouds-full.svg,3.4 km/h,79%,aqi_nha-trang_2025_jun.csv
2025-06-07 21:01:54.503599+07:00,Nha Trang,60,/dl/web/weather/ic-w-04-scattered-clouds-full.svg,3.4 km/h,79%,aqi_nha-trang_2025_jun.csv
2025-06-07 22:02:00.324779+07:00,Nha Trang,60,/dl/web/weather/ic-w-04-scattered-clouds-full.svg,7.6 km/h,82%,aqi_nha-trang_2025_jun.csv
2025-06-07 23:02:02.595220+07:00,Nha Trang,60,/dl/web/weather/ic-w-04-scattered-clouds-full.svg,9.0 km/h,80%,aqi_nha-trang_2025_jun.csv
2025-06-08 00:01:51.417187+07:00,Nha Trang,60,/dl/web/weather/ic-w-04-scattered-clouds-full.svg,9.0 km/h,80%,aqi_nha-trang_2025_jun.csv
2025-06-08 01:01:59.107427+07:00,Nha Trang,60,/dl/web/weather/ic-w-04-scattered-clouds-full.svg,9.5 km/h,74%,aqi_nha-trang_2025_jun.csv
2025-06-08 02:01:47.044132+07:00,Nha Trang,63,/dl/web/weather/ic-w-04-scattered-clouds-full.svg,9.7 km/h,81%,aqi_nha-trang_2025_jun.csv
2025-06-08 03:01:54.948847+07:00,Nha Trang,63,/dl/web/weather/ic-w-04-scattered-clouds-full.svg,8.7 km/h,81%,aqi_nha-trang_2025_jun.csv
2025-06-08 04:01:52.588210+07:00,Nha Trang,63,/dl/web/weather/ic-w-04-scattered-clouds-full.svg,6.1 km/h,78%,aqi_nha-trang_2025_jun.csv
2025-06-08 05:02:00.802890+07:00,Nha Trang,60,/dl/web/weather/ic-w-04-scattered-clouds-full.svg,6.1 km/h,78%,aqi_nha-trang_2025_jun.csv
2025-06-08 06:02:07.122015+07:00,Nha Trang,60,/dl/web/weather/ic-w-04-scattered-clouds-full.svg,7.2 km/h,82%,aqi_nha-trang_2025_jun.csv
2025-06-08 07:05:44.580317+07:00,Nha Trang,60,/dl/web/weather/ic-w-04-scattered-clouds-full.svg,7.7 km/h,82%,aqi_nha-trang_2025_jun.csv
2025-06-08 08:29:57.064865+07:00,Nha Trang,61,/dl/web/weather/ic-w-04-scattered-clouds-full.svg,6.9 km/h,77%,aqi_nha-trang_2025_jun.csv
2025-06-08 09:37:18.543776+07:00,Nha Trang,61,/dl/web/weather/ic-w-04-scattered-clouds-full.svg,2.9 km/h,70%,aqi_nha-trang_2025_jun.csv
2025-06-08 10:27:52.037932+07:00,Nha Trang,61,/dl/web/weather/ic-w-04-scattered-clouds-full.svg,4.2 km/h,55%,aqi_nha-trang_2025_jun.csv
2025-06-08 11:09:05.074083+07:00,Nha Trang,59,/dl/web/weather/ic-w-04-scattered-clouds-full.svg,7.6 km/h,62%,aqi_nha-trang_2025_jun.csv
2025-06-08 12:02:11.537552+07:00,Nha Trang,59,/dl/web/weather/ic-w-04-scattered-clouds-full.svg,7.6 km/h,62%,aqi_nha-trang_2025_jun.csv
2025-06-08 13:02:05.839768+07:00,Nha Trang,59,/dl/web/weather/ic-w-04-scattered-clouds-full.svg,9.7 km/h,70%,aqi_nha-trang_2025_jun.csv
2025-06-08 14:01:52.314508+07:00,Nha Trang,61,/dl/web/weather/ic-w-04-scattered-clouds-full.svg,9.7 km/h,70%,aqi_nha-trang_2025_jun.csv
2025-06-08 15:02:06.249926+07:00,Nha Trang,61,/dl/web/weather/ic-w-04-scattered-clouds-full.svg,9.5 km/h,73%,aqi_nha-trang_2025_jun.csv
2025-06-08 16:02:01.965782+07:00,Nha Trang,61,/dl/web/weather/ic-w-04-scattered-clouds-full.svg,9.5 km/h,73%,aqi_nha-trang_2025_jun.csv
2025-06-08 17:02:01.277464+07:00,Nha Trang,63,/dl/web/weather/ic-w-04-scattered-clouds-full.svg,5.1 km/h,77%,aqi_nha-trang_2025_jun.csv
2025-06-08 18:01:56.657268+07:00,Nha Trang,63,/dl/web/weather/ic-w-04-scattered-clouds-full.svg,5.1 km/h,77%,aqi_nha-trang_2025_jun.csv
2025-06-08 19:02:18.434176+07:00,Nha Trang,63,/dl/web/weather/ic-w-04-scattered-clouds-full.svg,8.2 km/h,79%,aqi_nha-trang_2025_jun.csv
2025-06-08 20:08:04.484925+07:00,Nha Trang,62,/dl/web/weather/ic-w-04-scattered-clouds-full.svg,7.4 km/h,82%,aqi_nha-trang_2025_jun.csv
2025-06-08 21:01:53.895084+07:00,Nha Trang,62,/dl/web/weather/ic-w-04-scattered-clouds-full.svg,6.9 km/h,79%,aqi_nha-trang_2025_jun.csv
2025-06-08 22:02:05.675186+07:00,Nha Trang,62,/dl/web/weather/ic-w-12-night-rain-full.svg,4.3 km/h,79%,aqi_nha-trang_2025_jun.csv
2025-06-08 23:02:12.144583+07:00,Nha Trang,62,/dl/web/weather/ic-w-04-scattered-clouds-full.svg,6.3 km/h,80%,aqi_nha-trang_2025_jun.csv
2025-06-09 00:01:51.723701+07:00,Nha Trang,62,/dl/web/weather/ic-w-04-scattered-clouds-full.svg,8.2 km/h,83%,aqi_nha-trang_2025_jun.csv
2025-06-09 01:02:08.121694+07:00,Nha Trang,62,/dl/web/weather/ic-w-04-scattered-clouds-full.svg,7.9 km/h,83%,aqi_nha-trang_2025_jun.csv
2025-06-09 02:01:54.696307+07:00,Nha Trang,62,/dl/web/weather/ic-w-04-scattered-clouds-full.svg,7.9 km/h,84%,aqi_nha-trang_2025_jun.csv
2025-06-09 03:02:02.649909+07:00,Nha Trang,62,/dl/web/weather/ic-w-04-scattered-clouds-full.svg,7.1 km/h,81%,aqi_nha-trang_2025_jun.csv
2025-06-09 04:01:46.388347+07:00,Nha Trang,62,/dl/web/weather/ic-w-04-scattered-clouds-full.svg,6.1 km/h,84%,aqi_nha-trang_2025_jun.csv
2025-06-09 05:01:42.564922+07:00,Nha Trang,62,/dl/web/weather/ic-w-04-scattered-clouds-full.svg,6.1 km/h,84%,aqi_nha-trang_2025_jun.csv
2025-06-09 06:01:56.878486+07:00,Nha Trang,62,/dl/web/weather/ic-w-04-scattered-clouds-full.svg,6.0 km/h,82%,aqi_nha-trang_2025_jun.csv
2025-06-09 07:05:36.597477+07:00,Nha Trang,62,/dl/web/weather/ic-w-04-scattered-clouds-full.svg,6.4 km/h,80%,aqi_nha-trang_2025_jun.csv
2025-06-09 08:29:52.063640+07:00,Nha Trang,61,/dl/web/weather/ic-w-04-scattered-clouds-full.svg,8.2 km/h,75%,aqi_nha-trang_2025_jun.csv
2025-06-09 09:35:22.340110+07:00,Nha Trang,61,/dl/web/weather/ic-w-06-rain-full.svg,5.3 km/h,65%,aqi_nha-trang_2025_jun.csv
2025-06-09 10:26:58.297309+07:00,Nha Trang,61,/dl/web/weather/ic-w-04-scattered-clouds-full.svg,3.4 km/h,61%,aqi_nha-trang_2025_jun.csv
2025-06-09 11:08:22.643967+07:00,Nha Trang,59,/dl/web/weather/ic-w-04-scattered-clouds-full.svg,10.0 km/h,61%,aqi_nha-trang_2025_jun.csv
2025-06-09 12:02:31.081209+07:00,Nha Trang,59,/dl/web/weather/ic-w-04-scattered-clouds-full.svg,13.5 km/h,58%,aqi_nha-trang_2025_jun.csv
2025-06-09 13:02:22.591930+07:00,Nha Trang,59,/dl/web/weather/ic-w-04-scattered-clouds-full.svg,13.7 km/h,56%,aqi_nha-trang_2025_jun.csv
2025-06-09 14:02:30.516244+07:00,Nha Trang,61,/dl/web/weather/ic-w-04-scattered-clouds-full.svg,8.9 km/h,66%,aqi_nha-trang_2025_jun.csv
2025-06-09 15:02:21.083198+07:00,Nha Trang,61,/dl/web/weather/ic-w-04-scattered-clouds-full.svg,6.8 km/h,71%,aqi_nha-trang_2025_jun.csv
2025-06-09 16:02:12.634468+07:00,Nha Trang,61,/dl/web/weather/ic-w-04-scattered-clouds-full.svg,3.9 km/h,75%,aqi_nha-trang_2025_jun.csv
2025-06-09 17:02:00.134345+07:00,Nha Trang,61,/dl/web/weather/ic-w-04-scattered-clouds-full.svg,1.3 km/h,69%,aqi_nha-trang_2025_jun.csv
2025-06-09 18:02:04.144916+07:00,Nha Trang,61,/dl/web/weather/ic-w-04-scattered-clouds-full.svg,3.7 km/h,78%,aqi_nha-trang_2025_jun.csv
2025-06-09 19:02:20.877595+07:00,Nha Trang,61,/dl/web/weather/ic-w-04-scattered-clouds-full.svg,8.0 km/h,86%,aqi_nha-trang_2025_jun.csv
2025-06-09 20:11:24.916737+07:00,Nha Trang,61,/dl/web/weather/ic-w-12-night-rain-full.svg,7.2 km/h,85%,aqi_nha-trang_2025_jun.csv
2025-06-09 21:02:04.738552+07:00,Nha Trang,61,/dl/web/weather/ic-w-04-scattered-clouds-full.svg,6.1 km/h,85%,aqi_nha-trang_2025_jun.csv
2025-06-09 22:02:29.760444+07:00,Nha Trang,61,/dl/web/weather/ic-w-04-scattered-clouds-full.svg,5.8 km/h,84%,aqi_nha-trang_2025_jun.csv
2025-06-09 23:02:15.045179+07:00,Nha Trang,60,/dl/web/weather/ic-w-04-scattered-clouds-full.svg,8.4 km/h,82%,aqi_nha-trang_2025_jun.csv
2025-06-10 00:02:08.586293+07:00,Nha Trang,60,/dl/web/weather/ic-w-04-scattered-clouds-full.svg,8.9 km/h,89%,aqi_nha-trang_2025_jun.csv
2025-06-10 01:02:13.758482+07:00,Nha Trang,60,/dl/web/weather/ic-w-04-scattered-clouds-full.svg,9.7 km/h,86%,aqi_nha-trang_2025_jun.csv
2025-06-10 02:01:56.597613+07:00,Nha Trang,61,/dl/web/weather/ic-w-04-scattered-clouds-full.svg,9.7 km/h,86%,aqi_nha-trang_2025_jun.csv
2025-06-10 03:02:11.989311+07:00,Nha Trang,61,/dl/web/weather/ic-w-12-night-rain-full.svg,7.2 km/h,82%,aqi_nha-trang_2025_jun.csv
2025-06-10 04:02:18.506249+07:00,Nha Trang,61,/dl/web/weather/ic-w-12-night-rain-full.svg,5.1 km/h,80%,aqi_nha-trang_2025_jun.csv
2025-06-10 05:02:09.281770+07:00,Nha Trang,60,/dl/web/weather/ic-w-04-scattered-clouds-full.svg,5.1 km/h,79%,aqi_nha-trang_2025_jun.csv
2025-06-10 06:02:10.626750+07:00,Nha Trang,60,/dl/web/weather/ic-w-04-scattered-clouds-full.svg,6.4 km/h,81%,aqi_nha-trang_2025_jun.csv
2025-06-10 07:05:21.241726+07:00,Nha Trang,60,/dl/web/weather/ic-w-06-rain-full.svg,6.6 km/h,80%,aqi_nha-trang_2025_jun.csv
2025-06-10 08:29:37.657666+07:00,Nha Trang,59,/dl/web/weather/ic-w-06-rain-full.svg,6.1 km/h,75%,aqi_nha-trang_2025_jun.csv
2025-06-10 09:32:33.085393+07:00,Nha Trang,59,/dl/web/weather/ic-w-06-rain-full.svg,5.1 km/h,66%,aqi_nha-trang_2025_jun.csv
2025-06-10 10:23:57.435908+07:00,Nha Trang,59,/dl/web/weather/ic-w-06-rain-full.svg,2.7 km/h,57%,aqi_nha-trang_2025_jun.csv
2025-06-10 11:06:49.984507+07:00,Nha Trang,58,/dl/web/weather/ic-w-04-scattered-clouds-full.svg,2.4 km/h,57%,aqi_nha-trang_2025_jun.csv
2025-06-10 12:02:01.933321+07:00,Nha Trang,58,/dl/web/weather/ic-w-04-scattered-clouds-full.svg,8.7 km/h,63%,aqi_nha-trang_2025_jun.csv
2025-06-10 13:02:17.697155+07:00,Nha Trang,58,/dl/web/weather/ic-w-06-rain-full.svg,6.3 km/h,67%,aqi_nha-trang_2025_jun.csv
2025-06-10 14:02:10.473987+07:00,Nha Trang,58,/dl/web/weather/ic-w-06-rain-full.svg,11.9 km/h,62%,aqi_nha-trang_2025_jun.csv
2025-06-10 15:02:09.865071+07:00,Nha Trang,58,/dl/web/weather/ic-w-04-scattered-clouds-full.svg,11.9 km/h,75%,aqi_nha-trang_2025_jun.csv
2025-06-10 16:02:28.852150+07:00,Nha Trang,58,/dl/web/weather/ic-w-06-rain-full.svg,5.8 km/h,72%,aqi_nha-trang_2025_jun.csv
2025-06-10 17:02:00.344840+07:00,Nha Trang,58,/dl/web/weather/ic-w-04-scattered-clouds-full.svg,3.7 km/h,79%,aqi_nha-trang_2025_jun.csv
2025-06-10 18:01:59.897527+07:00,Nha Trang,58,/dl/web/weather/ic-w-04-scattered-clouds-full.svg,7.2 km/h,81%,aqi_nha-trang_2025_jun.csv
2025-06-10 19:02:35.605670+07:00,Nha Trang,58,/dl/web/weather/ic-w-04-scattered-clouds-full.svg,7.1 km/h,82%,aqi_nha-trang_2025_jun.csv
2025-06-10 20:12:02.417519+07:00,Nha Trang,61,/dl/web/weather/ic-w-04-scattered-clouds-full.svg,7.2 km/h,80%,aqi_nha-trang_2025_jun.csv
2025-06-10 21:02:13.978850+07:00,Nha Trang,61,/dl/web/weather/ic-w-04-scattered-clouds-full.svg,7.4 km/h,86%,aqi_nha-trang_2025_jun.csv
2025-06-10 22:02:01.135177+07:00,Nha Trang,61,/dl/web/weather/ic-w-04-scattered-clouds-full.svg,9.5 km/h,86%,aqi_nha-trang_2025_jun.csv
2025-06-10 23:02:12.527249+07:00,Nha Trang,60,/dl/web/weather/ic-w-04-scattered-clouds-full.svg,10.3 km/h,87%,aqi_nha-trang_2025_jun.csv
2025-06-11 00:01:48.317366+07:00,Nha Trang,60,/dl/web/weather/ic-w-04-scattered-clouds-full.svg,9.3 km/h,89%,aqi_nha-trang_2025_jun.csv
2025-06-11 01:02:16.191482+07:00,Nha Trang,60,/dl/web/weather/ic-w-04-scattered-clouds-full.svg,10.8 km/h,86%,aqi_nha-trang_2025_jun.csv
2025-06-11 02:01:53.984924+07:00,Nha Trang,62,/dl/web/weather/ic-w-04-scattered-clouds-full.svg,10.8 km/h,86%,aqi_nha-trang_2025_jun.csv
2025-06-11 03:02:03.120379+07:00,Nha Trang,62,/dl/web/weather/ic-w-04-scattered-clouds-full.svg,9.8 km/h,82%,aqi_nha-trang_2025_jun.csv
2025-06-11 04:02:14.095067+07:00,Nha Trang,62,/dl/web/weather/ic-w-04-scattered-clouds-full.svg,8.5 km/h,85%,aqi_nha-trang_2025_jun.csv
2025-06-11 05:01:58.771124+07:00,Nha Trang,60,/dl/web/weather/ic-w-04-scattered-clouds-full.svg,8.5 km/h,85%,aqi_nha-trang_2025_jun.csv
2025-06-11 06:01:59.189194+07:00,Nha Trang,60,/dl/web/weather/ic-w-06-rain-full.svg,8.9 km/h,86%,aqi_nha-trang_2025_jun.csv
2025-06-11 07:05:06.836891+07:00,Nha Trang,60,/dl/web/weather/ic-w-06-rain-full.svg,10.5 km/h,87%,aqi_nha-trang_2025_jun.csv
2025-06-11 08:29:37.800958+07:00,Nha Trang,59,/dl/web/weather/ic-w-06-rain-full.svg,10.8 km/h,87%,aqi_nha-trang_2025_jun.csv
2025-06-11 09:32:11.008435+07:00,Nha Trang,59,/dl/web/weather/ic-w-06-rain-full.svg,9.7 km/h,88%,aqi_nha-trang_2025_jun.csv
2025-06-11 10:23:25.514617+07:00,Nha Trang,59,/dl/web/weather/ic-w-06-rain-full.svg,9.5 km/h,86%,aqi_nha-trang_2025_jun.csv
2025-06-11 11:07:02.458627+07:00,Nha Trang,58,/dl/web/weather/ic-w-06-rain-full.svg,10.1 km/h,77%,aqi_nha-trang_2025_jun.csv
2025-06-11 12:02:53.751665+07:00,Nha Trang,58,/dl/web/weather/ic-w-06-rain-full.svg,8.5 km/h,71%,aqi_nha-trang_2025_jun.csv
2025-06-11 13:02:40.721324+07:00,Nha Trang,58,/dl/web/weather/ic-w-04-scattered-clouds-full.svg,9.8 km/h,77%,aqi_nha-trang_2025_jun.csv
2025-06-11 14:02:07.603467+07:00,Nha Trang,58,/dl/web/weather/ic-w-06-rain-full.svg,6.8 km/h,81%,aqi_nha-trang_2025_jun.csv
2025-06-11 15:02:09.131624+07:00,Nha Trang,58,/dl/web/weather/ic-w-04-scattered-clouds-full.svg,5.5 km/h,80%,aqi_nha-trang_2025_jun.csv
2025-06-11 16:02:37.511350+07:00,Nha Trang,58,/dl/web/weather/ic-w-04-scattered-clouds-full.svg,6.6 km/h,72%,aqi_nha-trang_2025_jun.csv
2025-06-11 17:02:07.191255+07:00,Nha Trang,59,/dl/web/weather/ic-w-04-scattered-clouds-full.svg,6.9 km/h,77%,aqi_nha-trang_2025_jun.csv
2025-06-11 18:01:56.448714+07:00,Nha Trang,59,/dl/web/weather/ic-w-04-scattered-clouds-full.svg,6.9 km/h,77%,aqi_nha-trang_2025_jun.csv
2025-06-11 19:02:32.240958+07:00,Nha Trang,59,/dl/web/weather/ic-w-12-night-rain-full.svg,10.1 km/h,82%,aqi_nha-trang_2025_jun.csv
2025-06-11 20:11:51.316561+07:00,Nha Trang,60,/dl/web/weather/ic-w-12-night-rain-full.svg,10.0 km/h,91%,aqi_nha-trang_2025_jun.csv
2025-06-11 21:02:20.755065+07:00,Nha Trang,60,/dl/web/weather/ic-w-12-night-rain-full.svg,9.5 km/h,89%,aqi_nha-trang_2025_jun.csv
2025-06-11 22:02:11.063858+07:00,Nha Trang,60,/dl/web/weather/ic-w-04-scattered-clouds-full.svg,8.2 km/h,88%,aqi_nha-trang_2025_jun.csv
2025-06-11 23:02:13.266695+07:00,Nha Trang,62,/dl/web/weather/ic-w-12-night-rain-full.svg,8.7 km/h,85%,aqi_nha-trang_2025_jun.csv
2025-06-12 00:01:55.107431+07:00,Nha Trang,62,/dl/web/weather/ic-w-04-scattered-clouds-full.svg,10.8 km/h,87%,aqi_nha-trang_2025_jun.csv
2025-06-12 01:02:18.912301+07:00,Nha Trang,62,/dl/web/weather/ic-w-12-night-rain-full.svg,7.9 km/h,84%,aqi_nha-trang_2025_jun.csv
2025-06-12 02:02:07.491973+07:00,Nha Trang,64,/dl/web/weather/ic-w-04-scattered-clouds-full.svg,8.7 km/h,89%,aqi_nha-trang_2025_jun.csv
2025-06-12 03:01:46.662665+07:00,Nha Trang,64,/dl/web/weather/ic-w-04-scattered-clouds-full.svg,10.1 km/h,92%,aqi_nha-trang_2025_jun.csv
2025-06-12 04:02:07.445774+07:00,Nha Trang,64,/dl/web/weather/ic-w-04-scattered-clouds-full.svg,11.3 km/h,89%,aqi_nha-trang_2025_jun.csv
2025-06-12 05:02:07.690688+07:00,Nha Trang,63,/dl/web/weather/ic-w-12-night-rain-full.svg,8.5 km/h,88%,aqi_nha-trang_2025_jun.csv
2025-06-12 06:01:58.896309+07:00,Nha Trang,63,/dl/web/weather/ic-w-12-night-rain-full.svg,8.5 km/h,88%,aqi_nha-trang_2025_jun.csv
2025-06-12 07:04:52.563764+07:00,Nha Trang,63,/dl/web/weather/ic-w-04-scattered-clouds-full.svg,6.3 km/h,87%,aqi_nha-trang_2025_jun.csv
2025-06-12 08:29:39.421880+07:00,Nha Trang,60,/dl/web/weather/ic-w-06-rain-full.svg,6.9 km/h,85%,aqi_nha-trang_2025_jun.csv
2025-06-12 09:31:36.459900+07:00,Nha Trang,60,/dl/web/weather/ic-w-06-rain-full.svg,7.6 km/h,66%,aqi_nha-trang_2025_jun.csv
2025-06-12 10:22:43.154781+07:00,Nha Trang,60,/dl/web/weather/ic-w-04-scattered-clouds-full.svg,6.1 km/h,64%,aqi_nha-trang_2025_jun.csv
2025-06-12 11:06:09.238708+07:00,Nha Trang,59,/dl/web/weather/ic-w-06-rain-full.svg,2.4 km/h,62%,aqi_nha-trang_2025_jun.csv
2025-06-12 12:01:58.087670+07:00,Nha Trang,59,/dl/web/weather/ic-w-06-rain-full.svg,2.9 km/h,58%,aqi_nha-trang_2025_jun.csv
2025-06-12 13:02:08.286457+07:00,Nha Trang,59,/dl/web/weather/ic-w-06-rain-full.svg,5.1 km/h,59%,aqi_nha-trang_2025_jun.csv
2025-06-12 14:02:05.424044+07:00,Nha Trang,61,/dl/web/weather/ic-w-06-rain-full.svg,8.4 km/h,60%,aqi_nha-trang_2025_jun.csv
2025-06-12 15:02:09.459885+07:00,Nha Trang,61,/dl/web/weather/ic-w-06-rain-full.svg,6.9 km/h,58%,aqi_nha-trang_2025_jun.csv
2025-06-12 16:01:54.361807+07:00,Nha Trang,61,/dl/web/weather/ic-w-06-rain-full.svg,5.3 km/h,66%,aqi_nha-trang_2025_jun.csv
2025-06-12 17:02:05.599322+07:00,Nha Trang,63,/dl/web/weather/ic-w-06-rain-full.svg,2.7 km/h,65%,aqi_nha-trang_2025_jun.csv
2025-06-12 18:01:56.069723+07:00,Nha Trang,63,/dl/web/weather/ic-w-06-rain-full.svg,2.7 km/h,65%,aqi_nha-trang_2025_jun.csv
2025-06-12 19:02:33.218461+07:00,Nha Trang,63,/dl/web/weather/ic-w-12-night-rain-full.svg,4.2 km/h,74%,aqi_nha-trang_2025_jun.csv
2025-06-12 20:11:34.185796+07:00,Nha Trang,64,/dl/web/weather/ic-w-12-night-rain-full.svg,4.8 km/h,73%,aqi_nha-trang_2025_jun.csv
2025-06-12 21:02:04.482433+07:00,Nha Trang,64,/dl/web/weather/ic-w-12-night-rain-full.svg,8.5 km/h,75%,aqi_nha-trang_2025_jun.csv
2025-06-12 22:01:57.309425+07:00,Nha Trang,64,/dl/web/weather/ic-w-12-night-rain-full.svg,9.0 km/h,73%,aqi_nha-trang_2025_jun.csv
2025-06-12 23:02:12.166952+07:00,Nha Trang,66,/dl/web/weather/ic-w-12-night-rain-full.svg,7.1 km/h,74%,aqi_nha-trang_2025_jun.csv
2025-06-13 00:02:03.900007+07:00,Nha Trang,66,/dl/web/weather/ic-w-12-night-rain-full.svg,7.7 km/h,73%,aqi_nha-trang_2025_jun.csv
2025-06-13 01:02:00.042841+07:00,Nha Trang,66,/dl/web/weather/ic-w-12-night-rain-full.svg,7.6 km/h,69%,aqi_nha-trang_2025_jun.csv
2025-06-13 02:02:00.142759+07:00,Nha Trang,64,/dl/web/weather/ic-w-12-night-rain-full.svg,7.6 km/h,69%,aqi_nha-trang_2025_jun.csv
2025-06-13 03:01:56.346390+07:00,Nha Trang,64,/dl/web/weather/ic-w-04-scattered-clouds-full.svg,8.0 km/h,71%,aqi_nha-trang_2025_jun.csv
2025-06-13 04:02:21.725177+07:00,Nha Trang,64,/dl/web/weather/ic-w-04-scattered-clouds-full.svg,7.1 km/h,73%,aqi_nha-trang_2025_jun.csv
2025-06-13 05:02:06.962880+07:00,Nha Trang,67,/dl/web/weather/ic-w-04-scattered-clouds-full.svg,6.1 km/h,71%,aqi_nha-trang_2025_jun.csv
2025-06-13 06:02:07.307125+07:00,Nha Trang,67,/dl/web/weather/ic-w-04-scattered-clouds-full.svg,3.7 km/h,72%,aqi_nha-trang_2025_jun.csv
2025-06-13 07:05:34.312286+07:00,Nha Trang,67,/dl/web/weather/ic-w-06-rain-full.svg,3.7 km/h,70%,aqi_nha-trang_2025_jun.csv
2025-06-13 08:29:42.458623+07:00,Nha Trang,67,/dl/web/weather/ic-w-04-scattered-clouds-full.svg,6.0 km/h,65%,aqi_nha-trang_2025_jun.csv
2025-06-13 09:32:02.442506+07:00,Nha Trang,67,/dl/web/weather/ic-w-06-rain-full.svg,4.0 km/h,61%,aqi_nha-trang_2025_jun.csv
2025-06-13 10:23:41.455539+07:00,Nha Trang,67,/dl/web/weather/ic-w-04-scattered-clouds-full.svg,4.3 km/h,57%,aqi_nha-trang_2025_jun.csv
2025-06-13 11:06:28.794692+07:00,Nha Trang,59,/dl/web/weather/ic-w-04-scattered-clouds-full.svg,9.0 km/h,54%,aqi_nha-trang_2025_jun.csv
2025-06-13 12:01:56.125146+07:00,Nha Trang,59,/dl/web/weather/ic-w-04-scattered-clouds-full.svg,10.9 km/h,55%,aqi_nha-trang_2025_jun.csv
2025-06-13 13:02:17.932348+07:00,Nha Trang,59,/dl/web/weather/ic-w-04-scattered-clouds-full.svg,9.7 km/h,55%,aqi_nha-trang_2025_jun.csv
2025-06-13 14:02:05.125951+07:00,Nha Trang,61,/dl/web/weather/ic-w-04-scattered-clouds-full.svg,6.0 km/h,54%,aqi_nha-trang_2025_jun.csv
2025-06-13 15:02:15.055348+07:00,Nha Trang,61,/dl/web/weather/ic-w-04-scattered-clouds-full.svg,2.9 km/h,56%,aqi_nha-trang_2025_jun.csv
2025-06-13 16:01:54.251879+07:00,Nha Trang,61,/dl/web/weather/ic-w-04-scattered-clouds-full.svg,2.9 km/h,56%,aqi_nha-trang_2025_jun.csv
2025-06-13 17:01:58.373804+07:00,Nha Trang,66,/dl/web/weather/ic-w-04-scattered-clouds-full.svg,6.0 km/h,59%,aqi_nha-trang_2025_jun.csv
2025-06-13 18:02:01.712668+07:00,Nha Trang,66,/dl/web/weather/ic-w-04-scattered-clouds-full.svg,7.7 km/h,70%,aqi_nha-trang_2025_jun.csv
2025-06-13 19:02:28.714730+07:00,Nha Trang,66,/dl/web/weather/ic-w-04-scattered-clouds-full.svg,8.2 km/h,73%,aqi_nha-trang_2025_jun.csv
2025-06-13 20:10:52.249704+07:00,Nha Trang,72,/dl/web/weather/ic-w-04-scattered-clouds-full.svg,7.2 km/h,77%,aqi_nha-trang_2025_jun.csv
2025-06-13 21:02:08.805784+07:00,Nha Trang,72,/dl/web/weather/ic-w-04-scattered-clouds-full.svg,5.5 km/h,75%,aqi_nha-trang_2025_jun.csv
2025-06-13 22:01:55.160944+07:00,Nha Trang,72,/dl/web/weather/ic-w-04-scattered-clouds-full.svg,5.3 km/h,76%,aqi_nha-trang_2025_jun.csv
2025-06-13 23:02:10.310278+07:00,Nha Trang,71,/dl/web/weather/ic-w-04-scattered-clouds-full.svg,5.8 km/h,72%,aqi_nha-trang_2025_jun.csv
2025-06-14 00:01:44.497100+07:00,Nha Trang,71,/dl/web/weather/ic-w-04-scattered-clouds-full.svg,5.8 km/h,72%,aqi_nha-trang_2025_jun.csv
2025-06-14 01:02:11.258889+07:00,Nha Trang,71,/dl/web/weather/ic-w-04-scattered-clouds-full.svg,6.9 km/h,73%,aqi_nha-trang_2025_jun.csv
2025-06-14 02:02:08.029060+07:00,Nha Trang,72,/dl/web/weather/ic-w-04-scattered-clouds-full.svg,6.9 km/h,75%,aqi_nha-trang_2025_jun.csv
2025-06-14 03:01:53.302348+07:00,Nha Trang,72,/dl/web/weather/ic-w-04-scattered-clouds-full.svg,6.9 km/h,75%,aqi_nha-trang_2025_jun.csv
2025-06-14 04:02:00.466006+07:00,Nha Trang,72,/dl/web/weather/ic-w-04-scattered-clouds-full.svg,7.2 km/h,75%,aqi_nha-trang_2025_jun.csv
2025-06-14 05:02:02.627723+07:00,Nha Trang,75,/dl/web/weather/ic-w-04-scattered-clouds-full.svg,6.0 km/h,76%,aqi_nha-trang_2025_jun.csv
2025-06-14 06:02:06.865804+07:00,Nha Trang,75,/dl/web/weather/ic-w-06-rain-full.svg,5.8 km/h,74%,aqi_nha-trang_2025_jun.csv
2025-06-14 07:04:54.908928+07:00,Nha Trang,75,/dl/web/weather/ic-w-04-scattered-clouds-full.svg,4.0 km/h,68%,aqi_nha-trang_2025_jun.csv
2025-06-14 08:29:45.053338+07:00,Nha Trang,73,/dl/web/weather/ic-w-04-scattered-clouds-full.svg,3.9 km/h,66%,aqi_nha-trang_2025_jun.csv
2025-06-14 09:30:56.967065+07:00,Nha Trang,73,/dl/web/weather/ic-w-04-scattered-clouds-full.svg,1.8 km/h,63%,aqi_nha-trang_2025_jun.csv
2025-06-14 10:20:35.932086+07:00,Nha Trang,73,/dl/web/weather/ic-w-04-scattered-clouds-full.svg,6.9 km/h,59%,aqi_nha-trang_2025_jun.csv
2025-06-14 11:03:18.220627+07:00,Nha Trang,70,/dl/web/weather/ic-w-04-scattered-clouds-full.svg,10.9 km/h,60%,aqi_nha-trang_2025_jun.csv
2025-06-14 12:01:56.766913+07:00,Nha Trang,70,/dl/web/weather/ic-w-04-scattered-clouds-full.svg,10.9 km/h,61%,aqi_nha-trang_2025_jun.csv
2025-06-14 13:02:18.635038+07:00,Nha Trang,70,/dl/web/weather/ic-w-04-scattered-clouds-full.svg,10.1 km/h,66%,aqi_nha-trang_2025_jun.csv
2025-06-14 14:01:59.348916+07:00,Nha Trang,70,/dl/web/weather/ic-w-04-scattered-clouds-full.svg,10.1 km/h,66%,aqi_nha-trang_2025_jun.csv
2025-06-14 15:01:49.817182+07:00,Nha Trang,70,/dl/web/weather/ic-w-04-scattered-clouds-full.svg,10.1 km/h,68%,aqi_nha-trang_2025_jun.csv
2025-06-14 16:01:53.161616+07:00,Nha Trang,70,/dl/web/weather/ic-w-04-scattered-clouds-full.svg,9.2 km/h,62%,aqi_nha-trang_2025_jun.csv
2025-06-14 17:01:58.179971+07:00,Nha Trang,69,/dl/web/weather/ic-w-04-scattered-clouds-full.svg,6.6 km/h,70%,aqi_nha-trang_2025_jun.csv
2025-06-14 18:01:58.021033+07:00,Nha Trang,69,/dl/web/weather/ic-w-04-scattered-clouds-full.svg,7.6 km/h,76%,aqi_nha-trang_2025_jun.csv
2025-06-14 19:02:19.041602+07:00,Nha Trang,69,/dl/web/weather/ic-w-04-scattered-clouds-full.svg,7.1 km/h,80%,aqi_nha-trang_2025_jun.csv
2025-06-14 20:08:04.976067+07:00,Nha Trang,74,/dl/web/weather/ic-w-04-scattered-clouds-full.svg,3.9 km/h,82%,aqi_nha-trang_2025_jun.csv
2025-06-14 21:01:54.799632+07:00,Nha Trang,74,/dl/web/weather/ic-w-04-scattered-clouds-full.svg,5.0 km/h,82%,aqi_nha-trang_2025_jun.csv
2025-06-14 22:01:46.519393+07:00,Nha Trang,74,/dl/web/weather/ic-w-04-scattered-clouds-full.svg,6.1 km/h,82%,aqi_nha-trang_2025_jun.csv
2025-06-14 23:01:52.134615+07:00,Nha Trang,76,/dl/web/weather/ic-w-04-scattered-clouds-full.svg,6.1 km/h,82%,aqi_nha-trang_2025_jun.csv
2025-06-15 00:01:52.807386+07:00,Nha Trang,76,/dl/web/weather/ic-w-04-scattered-clouds-full.svg,9.8 km/h,82%,aqi_nha-trang_2025_jun.csv
2025-06-15 01:02:16.175856+07:00,Nha Trang,76,/dl/web/weather/ic-w-04-scattered-clouds-full.svg,8.2 km/h,81%,aqi_nha-trang_2025_jun.csv
2025-06-15 02:01:39.502182+07:00,Nha Trang,75,/dl/web/weather/ic-w-04-scattered-clouds-full.svg,9.0 km/h,80%,aqi_nha-trang_2025_jun.csv
2025-06-15 03:02:01.901470+07:00,Nha Trang,75,/dl/web/weather/ic-w-04-scattered-clouds-full.svg,8.2 km/h,80%,aqi_nha-trang_2025_jun.csv
2025-06-15 04:01:59.074367+07:00,Nha Trang,75,/dl/web/weather/ic-w-04-scattered-clouds-full.svg,7.7 km/h,86%,aqi_nha-trang_2025_jun.csv
2025-06-15 05:01:55.565520+07:00,Nha Trang,70,/dl/web/weather/ic-w-04-scattered-clouds-full.svg,7.7 km/h,86%,aqi_nha-trang_2025_jun.csv
2025-06-15 06:02:09.942658+07:00,Nha Trang,70,/dl/web/weather/ic-w-04-scattered-clouds-full.svg,8.2 km/h,81%,aqi_nha-trang_2025_jun.csv
2025-06-15 07:05:57.598398+07:00,Nha Trang,70,/dl/web/weather/ic-w-04-scattered-clouds-full.svg,5.3 km/h,76%,aqi_nha-trang_2025_jun.csv
2025-06-15 08:30:08.546867+07:00,Nha Trang,64,/dl/web/weather/ic-w-04-scattered-clouds-full.svg,3.1 km/h,65%,aqi_nha-trang_2025_jun.csv
2025-06-15 09:38:09.763210+07:00,Nha Trang,64,/dl/web/weather/ic-w-04-scattered-clouds-full.svg,4.0 km/h,62%,aqi_nha-trang_2025_jun.csv
2025-06-15 10:27:46.793673+07:00,Nha Trang,64,/dl/web/weather/ic-w-04-scattered-clouds-full.svg,6.9 km/h,62%,aqi_nha-trang_2025_jun.csv
2025-06-15 11:08:11.315344+07:00,Nha Trang,68,/dl/web/weather/ic-w-04-scattered-clouds-full.svg,8.4 km/h,59%,aqi_nha-trang_2025_jun.csv
2025-06-15 12:02:16.544975+07:00,Nha Trang,68,/dl/web/weather/ic-w-04-scattered-clouds-full.svg,13.5 km/h,60%,aqi_nha-trang_2025_jun.csv
2025-06-15 13:02:03.046687+07:00,Nha Trang,68,/dl/web/weather/ic-w-04-scattered-clouds-full.svg,13.2 km/h,60%,aqi_nha-trang_2025_jun.csv
2025-06-15 14:01:57.291627+07:00,Nha Trang,67,/dl/web/weather/ic-w-04-scattered-clouds-full.svg,13.2 km/h,62%,aqi_nha-trang_2025_jun.csv
2025-06-15 15:02:03.102480+07:00,Nha Trang,67,/dl/web/weather/ic-w-04-scattered-clouds-full.svg,10.1 km/h,64%,aqi_nha-trang_2025_jun.csv
2025-06-15 16:02:13.466214+07:00,Nha Trang,67,/dl/web/weather/ic-w-04-scattered-clouds-full.svg,7.9 km/h,60%,aqi_nha-trang_2025_jun.csv
2025-06-15 17:02:04.169917+07:00,Nha Trang,67,/dl/web/weather/ic-w-04-scattered-clouds-full.svg,5.8 km/h,63%,aqi_nha-trang_2025_jun.csv
2025-06-15 18:01:53.987532+07:00,Nha Trang,67,/dl/web/weather/ic-w-04-scattered-clouds-full.svg,5.8 km/h,63%,aqi_nha-trang_2025_jun.csv
2025-06-15 19:02:21.835730+07:00,Nha Trang,67,/dl/web/weather/ic-w-04-scattered-clouds-full.svg,4.5 km/h,77%,aqi_nha-trang_2025_jun.csv
2025-06-15 20:08:13.088031+07:00,Nha Trang,67,/dl/web/weather/ic-w-04-scattered-clouds-full.svg,4.3 km/h,78%,aqi_nha-trang_2025_jun.csv
2025-06-15 21:01:53.120640+07:00,Nha Trang,67,/dl/web/weather/ic-w-04-scattered-clouds-full.svg,4.3 km/h,78%,aqi_nha-trang_2025_jun.csv
2025-06-15 22:02:02.405189+07:00,Nha Trang,67,/dl/web/weather/ic-w-04-scattered-clouds-full.svg,4.5 km/h,81%,aqi_nha-trang_2025_jun.csv
2025-06-15 23:02:10.752694+07:00,Nha Trang,70,/dl/web/weather/ic-w-04-scattered-clouds-full.svg,4.5 km/h,81%,aqi_nha-trang_2025_jun.csv
2025-06-16 00:02:03.235127+07:00,Nha Trang,70,/dl/web/weather/ic-w-04-scattered-clouds-full.svg,5.6 km/h,82%,aqi_nha-trang_2025_jun.csv
2025-06-16 01:02:16.044288+07:00,Nha Trang,70,/dl/web/weather/ic-w-04-scattered-clouds-full.svg,5.1 km/h,83%,aqi_nha-trang_2025_jun.csv
2025-06-16 02:01:51.888430+07:00,Nha Trang,66,/dl/web/weather/ic-w-04-scattered-clouds-full.svg,5.5 km/h,82%,aqi_nha-trang_2025_jun.csv
2025-06-16 03:02:05.489754+07:00,Nha Trang,66,/dl/web/weather/ic-w-04-scattered-clouds-full.svg,6.4 km/h,84%,aqi_nha-trang_2025_jun.csv
2025-06-16 04:02:01.440628+07:00,Nha Trang,66,/dl/web/weather/ic-w-04-scattered-clouds-full.svg,6.4 km/h,84%,aqi_nha-trang_2025_jun.csv
2025-06-16 05:01:53.750023+07:00,Nha Trang,70,/dl/web/weather/ic-w-04-scattered-clouds-full.svg,6.1 km/h,86%,aqi_nha-trang_2025_jun.csv
2025-06-16 06:02:08.928961+07:00,Nha Trang,70,/dl/web/weather/ic-w-04-scattered-clouds-full.svg,6.4 km/h,88%,aqi_nha-trang_2025_jun.csv
2025-06-16 07:05:27.866387+07:00,Nha Trang,70,/dl/web/weather/ic-w-04-scattered-clouds-full.svg,4.7 km/h,82%,aqi_nha-trang_2025_jun.csv
2025-06-16 08:29:52.610513+07:00,Nha Trang,68,/dl/web/weather/ic-w-04-scattered-clouds-full.svg,2.3 km/h,71%,aqi_nha-trang_2025_jun.csv
2025-06-16 09:34:45.421238+07:00,Nha Trang,68,/dl/web/weather/ic-w-04-scattered-clouds-full.svg,4.0 km/h,70%,aqi_nha-trang_2025_jun.csv
2025-06-16 10:26:50.744613+07:00,Nha Trang,68,/dl/web/weather/ic-w-04-scattered-clouds-full.svg,9.3 km/h,71%,aqi_nha-trang_2025_jun.csv
2025-06-16 11:09:11.923711+07:00,Nha Trang,67,/dl/web/weather/ic-w-04-scattered-clouds-full.svg,12.9 km/h,67%,aqi_nha-trang_2025_jun.csv
2025-06-16 12:03:08.734616+07:00,Nha Trang,67,/dl/web/weather/ic-w-04-scattered-clouds-full.svg,11.3 km/h,64%,aqi_nha-trang_2025_jun.csv
2025-06-16 13:02:27.917352+07:00,Nha Trang,67,/dl/web/weather/ic-w-04-scattered-clouds-full.svg,12.9 km/h,66%,aqi_nha-trang_2025_jun.csv
2025-06-16 14:02:48.410272+07:00,Nha Trang,76,/dl/web/weather/ic-w-04-scattered-clouds-full.svg,11.4 km/h,69%,aqi_nha-trang_2025_jun.csv
2025-06-16 15:02:22.640611+07:00,Nha Trang,76,/dl/web/weather/ic-w-04-scattered-clouds-full.svg,12.4 km/h,63%,aqi_nha-trang_2025_jun.csv
2025-06-16 16:02:49.914761+07:00,Nha Trang,76,/dl/web/weather/ic-w-04-scattered-clouds-full.svg,11.9 km/h,68%,aqi_nha-trang_2025_jun.csv
2025-06-16 17:02:07.147524+07:00,Nha Trang,77,/dl/web/weather/ic-w-04-scattered-clouds-full.svg,12.4 km/h,82%,aqi_nha-trang_2025_jun.csv
2025-06-16 18:01:56.961370+07:00,Nha Trang,77,/dl/web/weather/ic-w-04-scattered-clouds-full.svg,12.1 km/h,84%,aqi_nha-trang_2025_jun.csv
2025-06-16 19:02:29.414787+07:00,Nha Trang,77,/dl/web/weather/ic-w-04-scattered-clouds-full.svg,11.9 km/h,87%,aqi_nha-trang_2025_jun.csv
2025-06-16 20:12:10.736401+07:00,Nha Trang,75,/dl/web/weather/ic-w-04-scattered-clouds-full.svg,10.9 km/h,82%,aqi_nha-trang_2025_jun.csv
2025-06-17 04:09:53.870542+07:00,Nha Trang,69,/dl/web/weather/ic-w-04-scattered-clouds-full.svg,5.3 km/h,91%,aqi_nha-trang_2025_jun.csv
2025-06-17 05:02:05.757704+07:00,Nha Trang,71,/dl/web/weather/ic-w-04-scattered-clouds-full.svg,5.1 km/h,91%,aqi_nha-trang_2025_jun.csv
2025-06-17 06:01:58.617165+07:00,Nha Trang,71,/dl/web/weather/ic-w-04-scattered-clouds-full.svg,4.8 km/h,90%,aqi_nha-trang_2025_jun.csv
2025-06-17 07:05:12.864440+07:00,Nha Trang,71,/dl/web/weather/ic-w-04-scattered-clouds-full.svg,1.9 km/h,88%,aqi_nha-trang_2025_jun.csv
2025-06-17 08:29:58.434525+07:00,Nha Trang,67,/dl/web/weather/ic-w-04-scattered-clouds-full.svg,3.2 km/h,77%,aqi_nha-trang_2025_jun.csv
2025-06-17 09:32:26.365264+07:00,Nha Trang,67,/dl/web/weather/ic-w-04-scattered-clouds-full.svg,5.0 km/h,73%,aqi_nha-trang_2025_jun.csv
2025-06-17 10:23:54.116041+07:00,Nha Trang,67,/dl/web/weather/ic-w-04-scattered-clouds-full.svg,9.6 km/h,69%,aqi_nha-trang_2025_jun.csv
2025-06-17 11:07:10.749999+07:00,Nha Trang,67,/dl/web/weather/ic-w-04-scattered-clouds-full.svg,14.6 km/h,67%,aqi_nha-trang_2025_jun.csv
2025-06-17 12:02:00.303533+07:00,Nha Trang,67,/dl/web/weather/ic-w-04-scattered-clouds-full.svg,17.7 km/h,61%,aqi_nha-trang_2025_jun.csv
2025-06-17 13:02:15.925500+07:00,Nha Trang,67,/dl/web/weather/ic-w-04-scattered-clouds-full.svg,17.5 km/h,64%,aqi_nha-trang_2025_jun.csv
2025-06-17 14:02:30.749306+07:00,Nha Trang,71,/dl/web/weather/ic-w-04-scattered-clouds-full.svg,20.1 km/h,66%,aqi_nha-trang_2025_jun.csv
2025-06-17 15:02:14.827770+07:00,Nha Trang,71,/dl/web/weather/ic-w-04-scattered-clouds-full.svg,20.1 km/h,63%,aqi_nha-trang_2025_jun.csv
2025-06-17 16:02:43.846470+07:00,Nha Trang,71,/dl/web/weather/ic-w-04-scattered-clouds-full.svg,17.4 km/h,69%,aqi_nha-trang_2025_jun.csv
2025-06-17 17:02:02.414214+07:00,Nha Trang,71,/dl/web/weather/ic-w-04-scattered-clouds-full.svg,13.2 km/h,76%,aqi_nha-trang_2025_jun.csv
2025-06-17 18:02:02.021628+07:00,Nha Trang,71,/dl/web/weather/ic-w-04-scattered-clouds-full.svg,13.0 km/h,81%,aqi_nha-trang_2025_jun.csv
2025-06-17 19:02:22.897383+07:00,Nha Trang,71,/dl/web/weather/ic-w-04-scattered-clouds-full.svg,11.4 km/h,82%,aqi_nha-trang_2025_jun.csv
2025-06-17 20:12:24.090639+07:00,Nha Trang,69,/dl/web/weather/ic-w-04-scattered-clouds-full.svg,10.3 km/h,88%,aqi_nha-trang_2025_jun.csv
2025-06-17 22:02:08.764782+07:00,Nha Trang,69,/dl/web/weather/ic-w-04-scattered-clouds-full.svg,6.4 km/h,85%,aqi_nha-trang_2025_jun.csv
2025-06-17 23:02:17.134411+07:00,Nha Trang,70,/dl/web/weather/ic-w-04-scattered-clouds-full.svg,7.6 km/h,88%,aqi_nha-trang_2025_jun.csv
2025-06-18 00:02:40.976766+07:00,Nha Trang,70,/dl/web/weather/ic-w-04-scattered-clouds-full.svg,7.1 km/h,89%,aqi_nha-trang_2025_jun.csv
2025-06-18 03:02:20.329585+07:00,Nha Trang,72,/dl/web/weather/ic-w-04-scattered-clouds-full.svg,5.6 km/h,87%,aqi_nha-trang_2025_jun.csv
2025-06-18 05:02:08.523260+07:00,Nha Trang,70,/dl/web/weather/ic-w-04-scattered-clouds-full.svg,7.6 km/h,92%,aqi_nha-trang_2025_jun.csv
2025-06-18 06:02:02.843073+07:00,Nha Trang,70,/dl/web/weather/ic-w-04-scattered-clouds-full.svg,6.8 km/h,90%,aqi_nha-trang_2025_jun.csv
2025-06-18 07:05:18.746429+07:00,Nha Trang,70,/dl/web/weather/ic-w-04-scattered-clouds-full.svg,4.0 km/h,84%,aqi_nha-trang_2025_jun.csv
2025-06-18 08:29:35.724412+07:00,Nha Trang,68,/dl/web/weather/ic-w-04-scattered-clouds-full.svg,3.9 km/h,78%,aqi_nha-trang_2025_jun.csv
2025-06-18 09:31:48.253464+07:00,Nha Trang,68,/dl/web/weather/ic-w-04-scattered-clouds-full.svg,4.2 km/h,68%,aqi_nha-trang_2025_jun.csv
2025-06-18 11:06:54.323631+07:00,Nha Trang,66,/dl/web/weather/ic-w-02-new-clouds-full.svg,12.7 km/h,63%,aqi_nha-trang_2025_jun.csv
2025-06-18 12:02:25.709055+07:00,Nha Trang,66,/dl/web/weather/ic-w-02-new-clouds-full.svg,15.8 km/h,59%,aqi_nha-trang_2025_jun.csv
2025-06-18 13:02:23.444141+07:00,Nha Trang,66,/dl/web/weather/ic-w-04-scattered-clouds-full.svg,15.4 km/h,66%,aqi_nha-trang_2025_jun.csv
2025-06-18 14:02:09.797716+07:00,Nha Trang,69,/dl/web/weather/ic-w-04-scattered-clouds-full.svg,15.3 km/h,67%,aqi_nha-trang_2025_jun.csv
2025-06-18 15:02:20.500348+07:00,Nha Trang,69,/dl/web/weather/ic-w-04-scattered-clouds-full.svg,14.2 km/h,67%,aqi_nha-trang_2025_jun.csv
2025-06-18 16:02:25.850988+07:00,Nha Trang,69,/dl/web/weather/ic-w-04-scattered-clouds-full.svg,8.7 km/h,77%,aqi_nha-trang_2025_jun.csv
2025-06-18 17:01:59.992062+07:00,Nha Trang,70,/dl/web/weather/ic-w-04-scattered-clouds-full.svg,4.2 km/h,74%,aqi_nha-trang_2025_jun.csv
2025-06-18 18:01:53.039042+07:00,Nha Trang,70,/dl/web/weather/ic-w-04-scattered-clouds-full.svg,4.2 km/h,74%,aqi_nha-trang_2025_jun.csv
2025-06-18 19:02:35.105167+07:00,Nha Trang,70,/dl/web/weather/ic-w-04-scattered-clouds-full.svg,7.4 km/h,84%,aqi_nha-trang_2025_jun.csv
2025-06-18 20:12:08.973133+07:00,Nha Trang,70,/dl/web/weather/ic-w-04-scattered-clouds-full.svg,5.8 km/h,83%,aqi_nha-trang_2025_jun.csv
2025-06-18 22:02:07.488194+07:00,Nha Trang,70,/dl/web/weather/ic-w-04-scattered-clouds-full.svg,6.4 km/h,83%,aqi_nha-trang_2025_jun.csv
2025-06-18 23:01:57.692703+07:00,Nha Trang,71,/dl/web/weather/ic-w-04-scattered-clouds-full.svg,8.7 km/h,83%,aqi_nha-trang_2025_jun.csv
2025-06-19 00:03:26.320713+07:00,Nha Trang,71,/dl/web/weather/ic-w-04-scattered-clouds-full.svg,7.7 km/h,85%,aqi_nha-trang_2025_jun.csv
2025-06-19 01:02:19.127160+07:00,Nha Trang,71,/dl/web/weather/ic-w-04-scattered-clouds-full.svg,8.0 km/h,84%,aqi_nha-trang_2025_jun.csv
2025-06-19 02:01:47.987068+07:00,Nha Trang,66,/dl/web/weather/ic-w-04-scattered-clouds-full.svg,7.2 km/h,86%,aqi_nha-trang_2025_jun.csv
2025-06-19 03:02:24.843689+07:00,Nha Trang,66,/dl/web/weather/ic-w-04-scattered-clouds-full.svg,4.8 km/h,83%,aqi_nha-trang_2025_jun.csv
2025-06-19 04:01:48.959133+07:00,Nha Trang,66,/dl/web/weather/ic-w-04-scattered-clouds-full.svg,4.8 km/h,83%,aqi_nha-trang_2025_jun.csv
2025-06-19 05:01:51.540494+07:00,Nha Trang,66,/dl/web/weather/ic-w-04-scattered-clouds-full.svg,8.0 km/h,85%,aqi_nha-trang_2025_jun.csv
2025-06-19 06:02:06.757161+07:00,Nha Trang,66,/dl/web/weather/ic-w-04-scattered-clouds-full.svg,6.8 km/h,84%,aqi_nha-trang_2025_jun.csv
2025-06-19 07:05:36.224636+07:00,Nha Trang,66,/dl/web/weather/ic-w-04-scattered-clouds-full.svg,6.9 km/h,75%,aqi_nha-trang_2025_jun.csv
2025-06-19 08:29:49.134150+07:00,Nha Trang,70,/dl/web/weather/ic-w-04-scattered-clouds-full.svg,4.8 km/h,65%,aqi_nha-trang_2025_jun.csv
2025-06-19 09:32:04.604282+07:00,Nha Trang,70,/dl/web/weather/ic-w-04-scattered-clouds-full.svg,2.7 km/h,61%,aqi_nha-trang_2025_jun.csv
2025-06-19 10:23:32.360113+07:00,Nha Trang,70,/dl/web/weather/ic-w-04-scattered-clouds-full.svg,7.2 km/h,61%,aqi_nha-trang_2025_jun.csv
2025-06-19 11:06:56.996960+07:00,Nha Trang,59,/dl/web/weather/ic-w-04-scattered-clouds-full.svg,9.5 km/h,64%,aqi_nha-trang_2025_jun.csv
2025-06-19 12:02:06.095520+07:00,Nha Trang,59,/dl/web/weather/ic-w-04-scattered-clouds-full.svg,9.0 km/h,64%,aqi_nha-trang_2025_jun.csv
2025-06-19 13:02:10.637182+07:00,Nha Trang,59,/dl/web/weather/ic-w-04-scattered-clouds-full.svg,10.1 km/h,62%,aqi_nha-trang_2025_jun.csv
2025-06-19 14:02:24.112942+07:00,Nha Trang,59,/dl/web/weather/ic-w-04-scattered-clouds-full.svg,13.0 km/h,62%,aqi_nha-trang_2025_jun.csv
2025-06-19 15:02:09.947383+07:00,Nha Trang,59,/dl/web/weather/ic-w-04-scattered-clouds-full.svg,13.2 km/h,65%,aqi_nha-trang_2025_jun.csv
2025-06-19 16:02:24.749541+07:00,Nha Trang,59,/dl/web/weather/ic-w-04-scattered-clouds-full.svg,10.3 km/h,71%,aqi_nha-trang_2025_jun.csv
2025-06-19 17:02:13.792323+07:00,Nha Trang,60,/dl/web/weather/ic-w-04-scattered-clouds-full.svg,8.9 km/h,69%,aqi_nha-trang_2025_jun.csv
2025-06-19 18:01:56.290647+07:00,Nha Trang,60,/dl/web/weather/ic-w-04-scattered-clouds-full.svg,7.1 km/h,81%,aqi_nha-trang_2025_jun.csv
2025-06-19 19:02:27.551572+07:00,Nha Trang,60,/dl/web/weather/ic-w-04-scattered-clouds-full.svg,8.0 km/h,83%,aqi_nha-trang_2025_jun.csv
2025-06-19 20:10:59.251159+07:00,Nha Trang,64,/dl/web/weather/ic-w-04-scattered-clouds-full.svg,5.9 km/h,84%,aqi_nha-trang_2025_jun.csv
2025-06-19 21:02:01.439196+07:00,Nha Trang,64,/dl/web/weather/ic-w-04-scattered-clouds-full.svg,4.5 km/h,81%,aqi_nha-trang_2025_jun.csv
2025-06-19 22:02:11.860736+07:00,Nha Trang,64,/dl/web/weather/ic-w-04-scattered-clouds-full.svg,5.8 km/h,81%,aqi_nha-trang_2025_jun.csv
2025-06-19 23:02:42.758781+07:00,Nha Trang,69,/dl/web/weather/ic-w-04-scattered-clouds-full.svg,4.3 km/h,81%,aqi_nha-trang_2025_jun.csv
2025-06-20 00:02:09.363437+07:00,Nha Trang,69,/dl/web/weather/ic-w-04-scattered-clouds-full.svg,5.1 km/h,85%,aqi_nha-trang_2025_jun.csv
2025-06-20 01:02:12.683573+07:00,Nha Trang,69,/dl/web/weather/ic-w-04-scattered-clouds-full.svg,6.3 km/h,87%,aqi_nha-trang_2025_jun.csv
2025-06-20 02:01:48.873928+07:00,Nha Trang,66,/dl/web/weather/ic-w-04-scattered-clouds-full.svg,6.3 km/h,87%,aqi_nha-trang_2025_jun.csv
2025-06-20 03:02:10.973447+07:00,Nha Trang,66,/dl/web/weather/ic-w-04-scattered-clouds-full.svg,6.4 km/h,89%,aqi_nha-trang_2025_jun.csv
2025-06-20 04:02:05.735000+07:00,Nha Trang,66,/dl/web/weather/ic-w-04-scattered-clouds-full.svg,6.1 km/h,88%,aqi_nha-trang_2025_jun.csv
2025-06-20 05:01:49.702615+07:00,Nha Trang,66,/dl/web/weather/ic-w-04-scattered-clouds-full.svg,6.1 km/h,88%,aqi_nha-trang_2025_jun.csv
2025-06-20 06:02:03.626522+07:00,Nha Trang,66,/dl/web/weather/ic-w-04-scattered-clouds-full.svg,6.8 km/h,87%,aqi_nha-trang_2025_jun.csv
2025-06-20 07:05:16.531715+07:00,Nha Trang,66,/dl/web/weather/ic-w-04-scattered-clouds-full.svg,5.8 km/h,82%,aqi_nha-trang_2025_jun.csv
2025-06-20 08:29:45.406302+07:00,Nha Trang,66,/dl/web/weather/ic-w-04-scattered-clouds-full.svg,3.9 km/h,71%,aqi_nha-trang_2025_jun.csv
2025-06-20 09:31:57.711578+07:00,Nha Trang,66,/dl/web/weather/ic-w-04-scattered-clouds-full.svg,1.3 km/h,68%,aqi_nha-trang_2025_jun.csv
2025-06-20 10:22:49.512694+07:00,Nha Trang,66,/dl/web/weather/ic-w-04-scattered-clouds-full.svg,5.6 km/h,67%,aqi_nha-trang_2025_jun.csv
2025-06-20 11:05:56.941410+07:00,Nha Trang,62,/dl/web/weather/ic-w-04-scattered-clouds-full.svg,11.7 km/h,66%,aqi_nha-trang_2025_jun.csv
2025-06-20 12:02:34.299056+07:00,Nha Trang,62,/dl/web/weather/ic-w-04-scattered-clouds-full.svg,12.6 km/h,66%,aqi_nha-trang_2025_jun.csv
2025-06-20 13:02:15.829247+07:00,Nha Trang,62,/dl/web/weather/ic-w-04-scattered-clouds-full.svg,12.7 km/h,65%,aqi_nha-trang_2025_jun.csv
2025-06-20 14:01:55.155259+07:00,Nha Trang,66,/dl/web/weather/ic-w-04-scattered-clouds-full.svg,14.0 km/h,65%,aqi_nha-trang_2025_jun.csv
2025-06-20 15:02:13.134500+07:00,Nha Trang,66,/dl/web/weather/ic-w-04-scattered-clouds-full.svg,12.1 km/h,72%,aqi_nha-trang_2025_jun.csv
2025-06-20 16:02:05.997532+07:00,Nha Trang,66,/dl/web/weather/ic-w-04-scattered-clouds-full.svg,10.9 km/h,73%,aqi_nha-trang_2025_jun.csv
2025-06-20 17:02:04.694639+07:00,Nha Trang,68,/dl/web/weather/ic-w-04-scattered-clouds-full.svg,10.5 km/h,70%,aqi_nha-trang_2025_jun.csv
2025-06-20 18:01:55.204438+07:00,Nha Trang,68,/dl/web/weather/ic-w-04-scattered-clouds-full.svg,10.5 km/h,70%,aqi_nha-trang_2025_jun.csv
2025-06-20 19:02:24.748877+07:00,Nha Trang,68,/dl/web/weather/ic-w-04-scattered-clouds-full.svg,11.6 km/h,84%,aqi_nha-trang_2025_jun.csv
2025-06-20 20:10:54.765637+07:00,Nha Trang,61,/dl/web/weather/ic-w-04-scattered-clouds-full.svg,11.4 km/h,84%,aqi_nha-trang_2025_jun.csv
2025-06-20 21:02:13.045088+07:00,Nha Trang,61,/dl/web/weather/ic-w-04-scattered-clouds-full.svg,10.0 km/h,81%,aqi_nha-trang_2025_jun.csv
2025-06-20 22:02:06.871326+07:00,Nha Trang,61,/dl/web/weather/ic-w-04-scattered-clouds-full.svg,8.7 km/h,84%,aqi_nha-trang_2025_jun.csv
2025-06-20 23:02:17.924797+07:00,Nha Trang,63,/dl/web/weather/ic-w-04-scattered-clouds-full.svg,7.2 km/h,87%,aqi_nha-trang_2025_jun.csv
2025-06-21 00:02:05.234368+07:00,Nha Trang,63,/dl/web/weather/ic-w-04-scattered-clouds-full.svg,5.1 km/h,84%,aqi_nha-trang_2025_jun.csv
2025-06-21 01:02:43.415855+07:00,Nha Trang,63,/dl/web/weather/ic-w-04-scattered-clouds-full.svg,6.6 km/h,85%,aqi_nha-trang_2025_jun.csv
2025-06-21 02:01:54.629404+07:00,Nha Trang,66,/dl/web/weather/ic-w-04-scattered-clouds-full.svg,6.6 km/h,85%,aqi_nha-trang_2025_jun.csv
2025-06-21 03:02:10.726103+07:00,Nha Trang,66,/dl/web/weather/ic-w-04-scattered-clouds-full.svg,6.0 km/h,87%,aqi_nha-trang_2025_jun.csv
2025-06-21 04:01:54.461276+07:00,Nha Trang,66,/dl/web/weather/ic-w-04-scattered-clouds-full.svg,6.0 km/h,87%,aqi_nha-trang_2025_jun.csv
2025-06-21 05:02:00.991714+07:00,Nha Trang,67,/dl/web/weather/ic-w-04-scattered-clouds-full.svg,7.4 km/h,88%,aqi_nha-trang_2025_jun.csv
2025-06-21 06:02:03.826428+07:00,Nha Trang,67,/dl/web/weather/ic-w-04-scattered-clouds-full.svg,6.3 km/h,85%,aqi_nha-trang_2025_jun.csv
2025-06-21 07:05:02.596113+07:00,Nha Trang,67,/dl/web/weather/ic-w-04-scattered-clouds-full.svg,6.4 km/h,81%,aqi_nha-trang_2025_jun.csv
2025-06-21 08:29:37.532382+07:00,Nha Trang,66,/dl/web/weather/ic-w-04-scattered-clouds-full.svg,1.8 km/h,67%,aqi_nha-trang_2025_jun.csv
2025-06-21 09:31:12.642042+07:00,Nha Trang,66,/dl/web/weather/ic-w-04-scattered-clouds-full.svg,7.1 km/h,65%,aqi_nha-trang_2025_jun.csv
2025-06-21 10:21:36.138748+07:00,Nha Trang,66,/dl/web/weather/ic-w-04-scattered-clouds-full.svg,8.7 km/h,66%,aqi_nha-trang_2025_jun.csv
2025-06-21 11:03:56.125042+07:00,Nha Trang,63,/dl/web/weather/ic-w-04-scattered-clouds-full.svg,10.9 km/h,65%,aqi_nha-trang_2025_jun.csv
2025-06-21 12:01:54.496729+07:00,Nha Trang,63,/dl/web/weather/ic-w-04-scattered-clouds-full.svg,10.9 km/h,65%,aqi_nha-trang_2025_jun.csv
2025-06-21 13:02:04.260775+07:00,Nha Trang,63,/dl/web/weather/ic-w-04-scattered-clouds-full.svg,18.5 km/h,63%,aqi_nha-trang_2025_jun.csv
2025-06-21 14:01:57.408877+07:00,Nha Trang,66,/dl/web/weather/ic-w-04-scattered-clouds-full.svg,17.2 km/h,62%,aqi_nha-trang_2025_jun.csv
2025-06-21 15:02:03.294757+07:00,Nha Trang,66,/dl/web/weather/ic-w-04-scattered-clouds-full.svg,16.9 km/h,67%,aqi_nha-trang_2025_jun.csv
2025-06-21 16:02:03.446502+07:00,Nha Trang,66,/dl/web/weather/ic-w-04-scattered-clouds-full.svg,12.4 km/h,64%,aqi_nha-trang_2025_jun.csv
2025-06-21 17:01:59.476406+07:00,Nha Trang,68,/dl/web/weather/ic-w-04-scattered-clouds-full.svg,10.8 km/h,67%,aqi_nha-trang_2025_jun.csv
2025-06-21 18:01:44.325377+07:00,Nha Trang,68,/dl/web/weather/ic-w-04-scattered-clouds-full.svg,10.6 km/h,81%,aqi_nha-trang_2025_jun.csv
2025-06-21 19:02:23.971023+07:00,Nha Trang,68,/dl/web/weather/ic-w-04-scattered-clouds-full.svg,9.8 km/h,82%,aqi_nha-trang_2025_jun.csv
2025-06-21 20:08:12.638343+07:00,Nha Trang,66,/dl/web/weather/ic-w-04-scattered-clouds-full.svg,8.5 km/h,82%,aqi_nha-trang_2025_jun.csv
2025-06-21 21:01:52.907775+07:00,Nha Trang,66,/dl/web/weather/ic-w-04-scattered-clouds-full.svg,8.5 km/h,82%,aqi_nha-trang_2025_jun.csv
2025-06-21 22:02:01.618965+07:00,Nha Trang,66,/dl/web/weather/ic-w-04-scattered-clouds-full.svg,6.8 km/h,81%,aqi_nha-trang_2025_jun.csv
2025-06-21 23:02:01.774506+07:00,Nha Trang,65,/dl/web/weather/ic-w-04-scattered-clouds-full.svg,5.6 km/h,83%,aqi_nha-trang_2025_jun.csv
2025-06-22 00:01:46.903297+07:00,Nha Trang,65,/dl/web/weather/ic-w-04-scattered-clouds-full.svg,6.0 km/h,86%,aqi_nha-trang_2025_jun.csv
2025-06-22 01:01:53.406580+07:00,Nha Trang,65,/dl/web/weather/ic-w-04-scattered-clouds-full.svg,7.4 km/h,87%,aqi_nha-trang_2025_jun.csv
2025-06-22 02:01:58.825930+07:00,Nha Trang,66,/dl/web/weather/ic-w-04-scattered-clouds-full.svg,7.3 km/h,87%,aqi_nha-trang_2025_jun.csv
2025-06-22 03:01:59.532547+07:00,Nha Trang,66,/dl/web/weather/ic-w-04-scattered-clouds-full.svg,4.5 km/h,92%,aqi_nha-trang_2025_jun.csv
2025-06-22 04:01:56.004122+07:00,Nha Trang,66,/dl/web/weather/ic-w-04-scattered-clouds-full.svg,4.7 km/h,91%,aqi_nha-trang_2025_jun.csv
2025-06-22 05:01:51.930059+07:00,Nha Trang,65,/dl/web/weather/ic-w-04-scattered-clouds-full.svg,4.7 km/h,88%,aqi_nha-trang_2025_jun.csv
2025-06-22 06:02:12.918778+07:00,Nha Trang,65,/dl/web/weather/ic-w-04-scattered-clouds-full.svg,4.7 km/h,88%,aqi_nha-trang_2025_jun.csv
2025-06-22 07:05:49.763948+07:00,Nha Trang,65,/dl/web/weather/ic-w-04-scattered-clouds-full.svg,5.6 km/h,85%,aqi_nha-trang_2025_jun.csv
2025-06-22 08:30:05.874960+07:00,Nha Trang,67,/dl/web/weather/ic-w-04-scattered-clouds-full.svg,3.7 km/h,72%,aqi_nha-trang_2025_jun.csv
2025-06-22 09:38:19.376404+07:00,Nha Trang,67,/dl/web/weather/ic-w-04-scattered-clouds-full.svg,0.8 km/h,70%,aqi_nha-trang_2025_jun.csv
2025-06-22 10:28:24.137381+07:00,Nha Trang,67,/dl/web/weather/ic-w-04-scattered-clouds-full.svg,3.9 km/h,70%,aqi_nha-trang_2025_jun.csv
2025-06-22 11:09:19.687808+07:00,Nha Trang,65,/dl/web/weather/ic-w-04-scattered-clouds-full.svg,7.1 km/h,62%,aqi_nha-trang_2025_jun.csv
2025-06-22 12:02:30.865380+07:00,Nha Trang,65,/dl/web/weather/ic-w-04-scattered-clouds-full.svg,11.3 km/h,60%,aqi_nha-trang_2025_jun.csv
2025-06-22 13:02:14.000743+07:00,Nha Trang,65,/dl/web/weather/ic-w-04-scattered-clouds-full.svg,9.3 km/h,61%,aqi_nha-trang_2025_jun.csv
2025-06-22 14:01:56.740382+07:00,Nha Trang,70,/dl/web/weather/ic-w-04-scattered-clouds-full.svg,9.3 km/h,61%,aqi_nha-trang_2025_jun.csv
2025-06-22 15:02:10.104537+07:00,Nha Trang,70,/dl/web/weather/ic-w-04-scattered-clouds-full.svg,6.9 km/h,63%,aqi_nha-trang_2025_jun.csv
2025-06-22 16:02:16.851061+07:00,Nha Trang,70,/dl/web/weather/ic-w-04-scattered-clouds-full.svg,1.6 km/h,71%,aqi_nha-trang_2025_jun.csv
2025-06-22 17:01:48.325310+07:00,Nha Trang,72,/dl/web/weather/ic-w-04-scattered-clouds-full.svg,2.9 km/h,73%,aqi_nha-trang_2025_jun.csv
2025-06-22 18:01:55.342430+07:00,Nha Trang,72,/dl/web/weather/ic-w-04-scattered-clouds-full.svg,2.9 km/h,73%,aqi_nha-trang_2025_jun.csv
2025-06-22 19:02:17.848035+07:00,Nha Trang,72,/dl/web/weather/ic-w-04-scattered-clouds-full.svg,1.4 km/h,78%,aqi_nha-trang_2025_jun.csv
2025-06-22 20:08:12.612903+07:00,Nha Trang,72,/dl/web/weather/ic-w-04-scattered-clouds-full.svg,1.3 km/h,81%,aqi_nha-trang_2025_jun.csv
2025-06-22 21:01:57.017629+07:00,Nha Trang,72,/dl/web/weather/ic-w-04-scattered-clouds-full.svg,1.3 km/h,81%,aqi_nha-trang_2025_jun.csv
2025-06-22 22:01:53.922254+07:00,Nha Trang,72,/dl/web/weather/ic-w-04-scattered-clouds-full.svg,4.2 km/h,83%,aqi_nha-trang_2025_jun.csv
2025-06-22 23:02:06.470864+07:00,Nha Trang,73,/dl/web/weather/ic-w-04-scattered-clouds-full.svg,8.0 km/h,80%,aqi_nha-trang_2025_jun.csv
2025-06-23 00:01:50.263624+07:00,Nha Trang,73,/dl/web/weather/ic-w-04-scattered-clouds-full.svg,8.9 km/h,84%,aqi_nha-trang_2025_jun.csv
2025-06-23 01:01:56.207687+07:00,Nha Trang,73,/dl/web/weather/ic-w-04-scattered-clouds-full.svg,8.7 km/h,84%,aqi_nha-trang_2025_jun.csv
2025-06-23 02:02:02.608953+07:00,Nha Trang,69,/dl/web/weather/ic-w-04-scattered-clouds-full.svg,8.7 km/h,85%,aqi_nha-trang_2025_jun.csv
2025-06-23 03:01:51.934788+07:00,Nha Trang,69,/dl/web/weather/ic-w-04-scattered-clouds-full.svg,8.7 km/h,85%,aqi_nha-trang_2025_jun.csv
2025-06-23 04:02:04.322432+07:00,Nha Trang,69,/dl/web/weather/ic-w-04-scattered-clouds-full.svg,9.5 km/h,85%,aqi_nha-trang_2025_jun.csv
2025-06-23 05:01:52.331682+07:00,Nha Trang,70,/dl/web/weather/ic-w-04-scattered-clouds-full.svg,7.6 km/h,87%,aqi_nha-trang_2025_jun.csv
2025-06-23 06:02:02.271564+07:00,Nha Trang,70,/dl/web/weather/ic-w-04-scattered-clouds-full.svg,7.9 km/h,85%,aqi_nha-trang_2025_jun.csv
2025-06-23 07:05:41.291293+07:00,Nha Trang,70,/dl/web/weather/ic-w-04-scattered-clouds-full.svg,6.9 km/h,76%,aqi_nha-trang_2025_jun.csv
2025-06-23 08:30:06.574960+07:00,Nha Trang,72,/dl/web/weather/ic-w-04-scattered-clouds-full.svg,6.4 km/h,68%,aqi_nha-trang_2025_jun.csv
2025-06-23 09:37:42.780876+07:00,Nha Trang,72,/dl/web/weather/ic-w-04-scattered-clouds-full.svg,3.2 km/h,60%,aqi_nha-trang_2025_jun.csv
2025-06-23 10:28:46.682544+07:00,Nha Trang,72,/dl/web/weather/ic-w-04-scattered-clouds-full.svg,4.8 km/h,63%,aqi_nha-trang_2025_jun.csv
2025-06-23 11:11:08.242935+07:00,Nha Trang,63,/dl/web/weather/ic-w-04-scattered-clouds-full.svg,13.4 km/h,64%,aqi_nha-trang_2025_jun.csv
2025-06-23 12:03:28.132344+07:00,Nha Trang,63,/dl/web/weather/ic-w-04-scattered-clouds-full.svg,15.0 km/h,62%,aqi_nha-trang_2025_jun.csv
2025-06-23 13:02:25.588716+07:00,Nha Trang,63,/dl/web/weather/ic-w-04-scattered-clouds-full.svg,14.2 km/h,61%,aqi_nha-trang_2025_jun.csv
2025-06-23 14:03:17.735481+07:00,Nha Trang,63,/dl/web/weather/ic-w-04-scattered-clouds-full.svg,12.4 km/h,56%,aqi_nha-trang_2025_jun.csv
2025-06-23 15:02:23.088633+07:00,Nha Trang,63,/dl/web/weather/ic-w-04-scattered-clouds-full.svg,12.4 km/h,56%,aqi_nha-trang_2025_jun.csv
2025-06-23 16:03:11.676208+07:00,Nha Trang,63,/dl/web/weather/ic-w-04-scattered-clouds-full.svg,5.5 km/h,63%,aqi_nha-trang_2025_jun.csv
2025-06-23 17:02:11.729244+07:00,Nha Trang,61,/dl/web/weather/ic-w-04-scattered-clouds-full.svg,2.4 km/h,65%,aqi_nha-trang_2025_jun.csv
2025-06-23 18:01:59.484895+07:00,Nha Trang,61,/dl/web/weather/ic-w-04-scattered-clouds-full.svg,5.8 km/h,71%,aqi_nha-trang_2025_jun.csv
2025-06-23 19:02:16.772754+07:00,Nha Trang,61,/dl/web/weather/ic-w-04-scattered-clouds-full.svg,6.9 km/h,79%,aqi_nha-trang_2025_jun.csv
2025-06-23 20:12:18.463711+07:00,Nha Trang,64,/dl/web/weather/ic-w-04-scattered-clouds-full.svg,8.4 km/h,78%,aqi_nha-trang_2025_jun.csv
2025-06-23 21:02:03.917553+07:00,Nha Trang,64,/dl/web/weather/ic-w-04-scattered-clouds-full.svg,9.3 km/h,84%,aqi_nha-trang_2025_jun.csv
2025-06-23 22:02:09.164105+07:00,Nha Trang,64,/dl/web/weather/ic-w-04-scattered-clouds-full.svg,10.1 km/h,76%,aqi_nha-trang_2025_jun.csv
2025-06-23 23:02:12.600372+07:00,Nha Trang,68,/dl/web/weather/ic-w-04-scattered-clouds-full.svg,10.1 km/h,83%,aqi_nha-trang_2025_jun.csv
2025-06-24 00:02:20.526604+07:00,Nha Trang,68,/dl/web/weather/ic-w-04-scattered-clouds-full.svg,10.0 km/h,85%,aqi_nha-trang_2025_jun.csv
2025-06-24 01:02:16.399103+07:00,Nha Trang,68,/dl/web/weather/ic-w-04-scattered-clouds-full.svg,9.8 km/h,83%,aqi_nha-trang_2025_jun.csv
2025-06-24 02:01:58.806465+07:00,Nha Trang,75,/dl/web/weather/ic-w-04-scattered-clouds-full.svg,9.7 km/h,84%,aqi_nha-trang_2025_jun.csv
2025-06-24 03:02:12.861162+07:00,Nha Trang,75,/dl/web/weather/ic-w-04-scattered-clouds-full.svg,8.4 km/h,83%,aqi_nha-trang_2025_jun.csv
2025-06-24 04:02:00.332177+07:00,Nha Trang,75,/dl/web/weather/ic-w-04-scattered-clouds-full.svg,8.4 km/h,83%,aqi_nha-trang_2025_jun.csv
2025-06-24 05:02:05.423454+07:00,Nha Trang,68,/dl/web/weather/ic-w-04-scattered-clouds-full.svg,8.9 km/h,82%,aqi_nha-trang_2025_jun.csv
2025-06-24 06:01:59.744761+07:00,Nha Trang,68,/dl/web/weather/ic-w-04-scattered-clouds-full.svg,8.9 km/h,82%,aqi_nha-trang_2025_jun.csv
2025-06-24 07:05:17.600589+07:00,Nha Trang,68,/dl/web/weather/ic-w-04-scattered-clouds-full.svg,7.7 km/h,78%,aqi_nha-trang_2025_jun.csv
2025-06-24 08:29:58.721811+07:00,Nha Trang,63,/dl/web/weather/ic-w-04-scattered-clouds-full.svg,6.3 km/h,73%,aqi_nha-trang_2025_jun.csv
2025-06-24 09:32:56.929428+07:00,Nha Trang,63,/dl/web/weather/ic-w-04-scattered-clouds-full.svg,2.4 km/h,64%,aqi_nha-trang_2025_jun.csv
2025-06-24 10:24:20.146641+07:00,Nha Trang,63,/dl/web/weather/ic-w-04-scattered-clouds-full.svg,5.6 km/h,59%,aqi_nha-trang_2025_jun.csv
2025-06-24 11:08:06.688830+07:00,Nha Trang,62,/dl/web/weather/ic-w-04-scattered-clouds-full.svg,11.4 km/h,60%,aqi_nha-trang_2025_jun.csv
2025-06-24 12:03:44.188275+07:00,Nha Trang,62,/dl/web/weather/ic-w-04-scattered-clouds-full.svg,16.9 km/h,59%,aqi_nha-trang_2025_jun.csv
2025-06-24 13:02:28.354306+07:00,Nha Trang,62,/dl/web/weather/ic-w-04-scattered-clouds-full.svg,15.4 km/h,68%,aqi_nha-trang_2025_jun.csv
2025-06-24 14:02:22.292981+07:00,Nha Trang,66,/dl/web/weather/ic-w-04-scattered-clouds-full.svg,11.7 km/h,71%,aqi_nha-trang_2025_jun.csv
2025-06-24 15:02:15.055209+07:00,Nha Trang,66,/dl/web/weather/ic-w-04-scattered-clouds-full.svg,11.4 km/h,72%,aqi_nha-trang_2025_jun.csv
2025-06-24 16:02:48.464115+07:00,Nha Trang,66,/dl/web/weather/ic-w-04-scattered-clouds-full.svg,11.4 km/h,72%,aqi_nha-trang_2025_jun.csv
2025-06-24 17:02:17.318223+07:00,Nha Trang,64,/dl/web/weather/ic-w-04-scattered-clouds-full.svg,5.1 km/h,71%,aqi_nha-trang_2025_jun.csv
2025-06-24 18:02:04.762051+07:00,Nha Trang,64,/dl/web/weather/ic-w-04-scattered-clouds-full.svg,4.7 km/h,75%,aqi_nha-trang_2025_jun.csv
2025-06-24 19:02:46.106069+07:00,Nha Trang,64,/dl/web/weather/ic-w-04-scattered-clouds-full.svg,4.7 km/h,75%,aqi_nha-trang_2025_jun.csv
2025-06-24 20:12:25.231518+07:00,Nha Trang,63,/dl/web/weather/ic-w-04-scattered-clouds-full.svg,3.7 km/h,77%,aqi_nha-trang_2025_jun.csv
2025-06-24 22:02:13.725055+07:00,Nha Trang,63,/dl/web/weather/ic-w-04-scattered-clouds-full.svg,8.0 km/h,90%,aqi_nha-trang_2025_jun.csv
2025-06-25 00:02:56.416691+07:00,Nha Trang,61,/dl/web/weather/ic-w-04-scattered-clouds-full.svg,9.8 km/h,89%,aqi_nha-trang_2025_jun.csv
2025-06-25 02:01:59.868965+07:00,Nha Trang,61,/dl/web/weather/ic-w-04-scattered-clouds-full.svg,9.0 km/h,88%,aqi_nha-trang_2025_jun.csv
2025-06-25 03:02:00.439148+07:00,Nha Trang,61,/dl/web/weather/ic-w-04-scattered-clouds-full.svg,9.2 km/h,90%,aqi_nha-trang_2025_jun.csv
2025-06-25 04:01:53.634326+07:00,Nha Trang,61,/dl/web/weather/ic-w-04-scattered-clouds-full.svg,9.2 km/h,88%,aqi_nha-trang_2025_jun.csv
2025-06-25 05:01:55.602467+07:00,Nha Trang,62,/dl/web/weather/ic-w-04-scattered-clouds-full.svg,8.5 km/h,86%,aqi_nha-trang_2025_jun.csv
2025-06-25 06:02:00.543310+07:00,Nha Trang,62,/dl/web/weather/ic-w-04-scattered-clouds-full.svg,8.5 km/h,86%,aqi_nha-trang_2025_jun.csv
2025-06-25 07:05:32.774274+07:00,Nha Trang,62,/dl/web/weather/ic-w-04-scattered-clouds-full.svg,9.8 km/h,79%,aqi_nha-trang_2025_jun.csv
2025-06-25 08:29:43.833410+07:00,Nha Trang,62,/dl/web/weather/ic-w-02-new-clouds-full.svg,5.6 km/h,70%,aqi_nha-trang_2025_jun.csv
2025-06-25 09:33:33.649733+07:00,Nha Trang,62,/dl/web/weather/ic-w-02-new-clouds-full.svg,4.0 km/h,60%,aqi_nha-trang_2025_jun.csv
2025-06-25 10:25:26.183097+07:00,Nha Trang,62,/dl/web/weather/ic-w-02-new-clouds-full.svg,12.4 km/h,56%,aqi_nha-trang_2025_jun.csv
2025-06-25 11:08:16.363573+07:00,Nha Trang,60,/dl/web/weather/ic-w-04-scattered-clouds-full.svg,19.5 km/h,55%,aqi_nha-trang_2025_jun.csv
2025-06-25 12:03:13.266319+07:00,Nha Trang,60,/dl/web/weather/ic-w-04-scattered-clouds-full.svg,21.1 km/h,57%,aqi_nha-trang_2025_jun.csv
2025-06-25 13:02:21.216887+07:00,Nha Trang,60,/dl/web/weather/ic-w-06-rain-full.svg,17.9 km/h,63%,aqi_nha-trang_2025_jun.csv
2025-06-25 14:02:52.248527+07:00,Nha Trang,60,/dl/web/weather/ic-w-04-scattered-clouds-full.svg,13.5 km/h,72%,aqi_nha-trang_2025_jun.csv
2025-06-25 15:02:09.498240+07:00,Nha Trang,60,/dl/web/weather/ic-w-04-scattered-clouds-full.svg,13.5 km/h,84%,aqi_nha-trang_2025_jun.csv
2025-06-25 16:03:18.792703+07:00,Nha Trang,60,/dl/web/weather/ic-w-06-rain-full.svg,8.7 km/h,83%,aqi_nha-trang_2025_jun.csv
2025-06-25 17:02:06.476748+07:00,Nha Trang,60,/dl/web/weather/ic-w-06-rain-full.svg,2.7 km/h,84%,aqi_nha-trang_2025_jun.csv
2025-06-25 18:02:13.712774+07:00,Nha Trang,60,/dl/web/weather/ic-w-04-scattered-clouds-full.svg,2.7 km/h,91%,aqi_nha-trang_2025_jun.csv
2025-06-25 19:02:45.602459+07:00,Nha Trang,60,/dl/web/weather/ic-w-04-scattered-clouds-full.svg,7.4 km/h,88%,aqi_nha-trang_2025_jun.csv
2025-06-25 20:12:30.722289+07:00,Nha Trang,62,/dl/web/weather/ic-w-04-scattered-clouds-full.svg,8.5 km/h,88%,aqi_nha-trang_2025_jun.csv
2025-06-25 21:02:16.481249+07:00,Nha Trang,62,/dl/web/weather/ic-w-04-scattered-clouds-full.svg,9.8 km/h,89%,aqi_nha-trang_2025_jun.csv
2025-06-25 22:02:18.250105+07:00,Nha Trang,62,/dl/web/weather/ic-w-04-scattered-clouds-full.svg,11.1 km/h,90%,aqi_nha-trang_2025_jun.csv
2025-06-26 00:02:30.128472+07:00,Nha Trang,63,/dl/web/weather/ic-w-04-scattered-clouds-full.svg,11.3 km/h,90%,aqi_nha-trang_2025_jun.csv
2025-06-26 01:02:15.932297+07:00,Nha Trang,63,/dl/web/weather/ic-w-04-scattered-clouds-full.svg,10.0 km/h,90%,aqi_nha-trang_2025_jun.csv
2025-06-26 02:02:06.487298+07:00,Nha Trang,63,/dl/web/weather/ic-w-04-scattered-clouds-full.svg,9.3 km/h,88%,aqi_nha-trang_2025_jun.csv
2025-06-26 03:02:05.309824+07:00,Nha Trang,63,/dl/web/weather/ic-w-04-scattered-clouds-full.svg,9.2 km/h,90%,aqi_nha-trang_2025_jun.csv
2025-06-26 04:01:57.477884+07:00,Nha Trang,63,/dl/web/weather/ic-w-04-scattered-clouds-full.svg,9.0 km/h,92%,aqi_nha-trang_2025_jun.csv
2025-06-26 05:01:55.686908+07:00,Nha Trang,64,/dl/web/weather/ic-w-04-scattered-clouds-full.svg,8.2 km/h,90%,aqi_nha-trang_2025_jun.csv
2025-06-26 06:01:56.562773+07:00,Nha Trang,64,/dl/web/weather/ic-w-04-scattered-clouds-full.svg,7.4 km/h,89%,aqi_nha-trang_2025_jun.csv
2025-06-26 07:05:14.866250+07:00,Nha Trang,64,/dl/web/weather/ic-w-04-scattered-clouds-full.svg,6.6 km/h,84%,aqi_nha-trang_2025_jun.csv
2025-06-26 08:29:40.600372+07:00,Nha Trang,63,/dl/web/weather/ic-w-04-scattered-clouds-full.svg,5.6 km/h,73%,aqi_nha-trang_2025_jun.csv
2025-06-26 09:32:41.419088+07:00,Nha Trang,63,/dl/web/weather/ic-w-04-scattered-clouds-full.svg,2.3 km/h,67%,aqi_nha-trang_2025_jun.csv
2025-06-26 10:24:21.055505+07:00,Nha Trang,63,/dl/web/weather/ic-w-04-scattered-clouds-full.svg,2.6 km/h,63%,aqi_nha-trang_2025_jun.csv
2025-06-26 11:07:16.388484+07:00,Nha Trang,60,/dl/web/weather/ic-w-04-scattered-clouds-full.svg,6.9 km/h,63%,aqi_nha-trang_2025_jun.csv
2025-06-26 12:02:25.864097+07:00,Nha Trang,60,/dl/web/weather/ic-w-04-scattered-clouds-full.svg,11.4 km/h,59%,aqi_nha-trang_2025_jun.csv
2025-06-26 13:02:18.817012+07:00,Nha Trang,60,/dl/web/weather/ic-w-04-scattered-clouds-full.svg,14.8 km/h,59%,aqi_nha-trang_2025_jun.csv
2025-06-26 14:02:35.011660+07:00,Nha Trang,60,/dl/web/weather/ic-w-04-scattered-clouds-full.svg,8.7 km/h,64%,aqi_nha-trang_2025_jun.csv
2025-06-26 15:02:18.491668+07:00,Nha Trang,60,/dl/web/weather/ic-w-04-scattered-clouds-full.svg,4.3 km/h,69%,aqi_nha-trang_2025_jun.csv
2025-06-26 16:02:28.533237+07:00,Nha Trang,60,/dl/web/weather/ic-w-04-scattered-clouds-full.svg,3.1 km/h,70%,aqi_nha-trang_2025_jun.csv
2025-06-26 17:02:10.630041+07:00,Nha Trang,61,/dl/web/weather/ic-w-06-rain-full.svg,10.1 km/h,76%,aqi_nha-trang_2025_jun.csv
2025-06-26 18:02:05.297141+07:00,Nha Trang,61,/dl/web/weather/ic-w-06-rain-full.svg,9.0 km/h,85%,aqi_nha-trang_2025_jun.csv
2025-06-26 19:02:25.397337+07:00,Nha Trang,61,/dl/web/weather/ic-w-12-night-rain-full.svg,7.2 km/h,91%,aqi_nha-trang_2025_jun.csv
2025-06-26 20:11:56.474237+07:00,Nha Trang,64,/dl/web/weather/ic-w-04-scattered-clouds-full.svg,8.9 km/h,89%,aqi_nha-trang_2025_jun.csv
2025-06-26 21:02:12.716282+07:00,Nha Trang,64,/dl/web/weather/ic-w-12-night-rain-full.svg,9.2 km/h,85%,aqi_nha-trang_2025_jun.csv
2025-06-26 22:01:59.192058+07:00,Nha Trang,64,/dl/web/weather/ic-w-12-night-rain-full.svg,7.9 km/h,80%,aqi_nha-trang_2025_jun.csv
2025-06-26 23:02:14.354292+07:00,Nha Trang,66,/dl/web/weather/ic-w-04-scattered-clouds-full.svg,8.5 km/h,85%,aqi_nha-trang_2025_jun.csv
2025-06-27 00:02:09.400061+07:00,Nha Trang,66,/dl/web/weather/ic-w-04-scattered-clouds-full.svg,8.0 km/h,85%,aqi_nha-trang_2025_jun.csv
2025-06-27 01:02:05.054984+07:00,Nha Trang,66,/dl/web/weather/ic-w-04-scattered-clouds-full.svg,10.6 km/h,85%,aqi_nha-trang_2025_jun.csv
2025-06-27 03:01:57.652814+07:00,Nha Trang,63,/dl/web/weather/ic-w-04-scattered-clouds-full.svg,9.3 km/h,90%,aqi_nha-trang_2025_jun.csv
2025-06-27 04:02:19.389506+07:00,Nha Trang,63,/dl/web/weather/ic-w-04-scattered-clouds-full.svg,8.7 km/h,90%,aqi_nha-trang_2025_jun.csv
2025-06-27 05:01:55.204334+07:00,Nha Trang,63,/dl/web/weather/ic-w-04-scattered-clouds-full.svg,8.0 km/h,87%,aqi_nha-trang_2025_jun.csv
2025-06-27 06:02:26.422772+07:00,Nha Trang,63,/dl/web/weather/ic-w-04-scattered-clouds-full.svg,7.9 km/h,82%,aqi_nha-trang_2025_jun.csv
2025-06-27 07:05:12.754996+07:00,Nha Trang,63,/dl/web/weather/ic-w-04-scattered-clouds-full.svg,6.6 km/h,84%,aqi_nha-trang_2025_jun.csv
2025-06-27 08:29:54.577385+07:00,Nha Trang,61,/dl/web/weather/ic-w-04-scattered-clouds-full.svg,4.0 km/h,72%,aqi_nha-trang_2025_jun.csv
2025-06-27 09:32:56.500426+07:00,Nha Trang,61,/dl/web/weather/ic-w-04-scattered-clouds-full.svg,1.1 km/h,62%,aqi_nha-trang_2025_jun.csv
2025-06-27 10:25:08.257529+07:00,Nha Trang,61,/dl/web/weather/ic-w-04-scattered-clouds-full.svg,4.2 km/h,61%,aqi_nha-trang_2025_jun.csv
2025-06-27 11:07:17.756548+07:00,Nha Trang,59,/dl/web/weather/ic-w-04-scattered-clouds-full.svg,9.2 km/h,59%,aqi_nha-trang_2025_jun.csv
2025-06-27 12:03:03.317190+07:00,Nha Trang,59,/dl/web/weather/ic-w-04-scattered-clouds-full.svg,13.0 km/h,62%,aqi_nha-trang_2025_jun.csv
2025-06-27 13:02:26.715782+07:00,Nha Trang,59,/dl/web/weather/ic-w-04-scattered-clouds-full.svg,11.9 km/h,63%,aqi_nha-trang_2025_jun.csv
2025-06-27 14:02:13.852444+07:00,Nha Trang,60,/dl/web/weather/ic-w-04-scattered-clouds-full.svg,8.4 km/h,72%,aqi_nha-trang_2025_jun.csv
2025-06-27 15:02:13.470328+07:00,Nha Trang,60,/dl/web/weather/ic-w-04-scattered-clouds-full.svg,2.7 km/h,74%,aqi_nha-trang_2025_jun.csv
2025-06-27 16:02:18.092276+07:00,Nha Trang,60,/dl/web/weather/ic-w-04-scattered-clouds-full.svg,0.2 km/h,64%,aqi_nha-trang_2025_jun.csv
2025-06-27 17:02:00.285520+07:00,Nha Trang,61,/dl/web/weather/ic-w-04-scattered-clouds-full.svg,3.1 km/h,69%,aqi_nha-trang_2025_jun.csv
2025-06-27 18:01:51.803300+07:00,Nha Trang,61,/dl/web/weather/ic-w-06-rain-full.svg,5.3 km/h,78%,aqi_nha-trang_2025_jun.csv
2025-06-27 19:02:24.440963+07:00,Nha Trang,61,/dl/web/weather/ic-w-12-night-rain-full.svg,6.1 km/h,80%,aqi_nha-trang_2025_jun.csv
2025-06-27 20:10:58.514070+07:00,Nha Trang,60,/dl/web/weather/ic-w-12-night-rain-full.svg,7.9 km/h,77%,aqi_nha-trang_2025_jun.csv
2025-06-27 21:02:03.497528+07:00,Nha Trang,60,/dl/web/weather/ic-w-04-scattered-clouds-full.svg,7.6 km/h,80%,aqi_nha-trang_2025_jun.csv
2025-06-27 22:02:11.737866+07:00,Nha Trang,60,/dl/web/weather/ic-w-04-scattered-clouds-full.svg,8.2 km/h,81%,aqi_nha-trang_2025_jun.csv
2025-06-27 23:02:06.870812+07:00,Nha Trang,61,/dl/web/weather/ic-w-04-scattered-clouds-full.svg,8.5 km/h,80%,aqi_nha-trang_2025_jun.csv
2025-06-28 00:01:53.899505+07:00,Nha Trang,61,/dl/web/weather/ic-w-04-scattered-clouds-full.svg,8.7 km/h,79%,aqi_nha-trang_2025_jun.csv
2025-06-28 01:02:11.695873+07:00,Nha Trang,61,/dl/web/weather/ic-w-04-scattered-clouds-full.svg,10.0 km/h,78%,aqi_nha-trang_2025_jun.csv
2025-06-28 02:01:50.483620+07:00,Nha Trang,63,/dl/web/weather/ic-w-04-scattered-clouds-full.svg,9.3 km/h,78%,aqi_nha-trang_2025_jun.csv
2025-06-28 03:02:02.995401+07:00,Nha Trang,63,/dl/web/weather/ic-w-04-scattered-clouds-full.svg,7.2 km/h,85%,aqi_nha-trang_2025_jun.csv
2025-06-28 04:02:05.594453+07:00,Nha Trang,63,/dl/web/weather/ic-w-04-scattered-clouds-full.svg,7.2 km/h,80%,aqi_nha-trang_2025_jun.csv
2025-06-28 05:02:36.078676+07:00,Nha Trang,63,/dl/web/weather/ic-w-04-scattered-clouds-full.svg,7.9 km/h,83%,aqi_nha-trang_2025_jun.csv
2025-06-28 06:02:03.305852+07:00,Nha Trang,63,/dl/web/weather/ic-w-04-scattered-clouds-full.svg,8.5 km/h,81%,aqi_nha-trang_2025_jun.csv
2025-06-28 07:04:47.236032+07:00,Nha Trang,63,/dl/web/weather/ic-w-04-scattered-clouds-full.svg,7.6 km/h,78%,aqi_nha-trang_2025_jun.csv
2025-06-28 08:29:32.484408+07:00,Nha Trang,62,/dl/web/weather/ic-w-04-scattered-clouds-full.svg,5.8 km/h,63%,aqi_nha-trang_2025_jun.csv
2025-06-28 09:31:29.584895+07:00,Nha Trang,62,/dl/web/weather/ic-w-04-scattered-clouds-full.svg,1.0 km/h,59%,aqi_nha-trang_2025_jun.csv
2025-06-28 10:21:32.198242+07:00,Nha Trang,62,/dl/web/weather/ic-w-04-scattered-clouds-full.svg,7.2 km/h,54%,aqi_nha-trang_2025_jun.csv
2025-06-28 11:03:44.894467+07:00,Nha Trang,59,/dl/web/weather/ic-w-04-scattered-clouds-full.svg,10.9 km/h,60%,aqi_nha-trang_2025_jun.csv
2025-06-28 12:02:04.711792+07:00,Nha Trang,59,/dl/web/weather/ic-w-04-scattered-clouds-full.svg,14.6 km/h,57%,aqi_nha-trang_2025_jun.csv
2025-06-28 13:01:59.496214+07:00,Nha Trang,59,/dl/web/weather/ic-w-04-scattered-clouds-full.svg,16.1 km/h,58%,aqi_nha-trang_2025_jun.csv
2025-06-28 14:01:48.612092+07:00,Nha Trang,61,/dl/web/weather/ic-w-04-scattered-clouds-full.svg,10.9 km/h,56%,aqi_nha-trang_2025_jun.csv
2025-06-28 15:01:55.541352+07:00,Nha Trang,61,/dl/web/weather/ic-w-04-scattered-clouds-full.svg,9.0 km/h,62%,aqi_nha-trang_2025_jun.csv
2025-06-28 16:02:03.688741+07:00,Nha Trang,61,/dl/web/weather/ic-w-04-scattered-clouds-full.svg,5.1 km/h,60%,aqi_nha-trang_2025_jun.csv
2025-06-28 17:02:09.259047+07:00,Nha Trang,61,/dl/web/weather/ic-w-04-scattered-clouds-full.svg,4.2 km/h,63%,aqi_nha-trang_2025_jun.csv
2025-06-28 18:01:51.771159+07:00,Nha Trang,61,/dl/web/weather/ic-w-04-scattered-clouds-full.svg,8.0 km/h,71%,aqi_nha-trang_2025_jun.csv
2025-06-28 19:02:17.787232+07:00,Nha Trang,61,/dl/web/weather/ic-w-12-night-rain-full.svg,6.9 km/h,74%,aqi_nha-trang_2025_jun.csv
2025-06-28 20:08:34.125614+07:00,Nha Trang,61,/dl/web/weather/ic-w-10-night-clear-sky-full.svg,9.3 km/h,74%,aqi_nha-trang_2025_jun.csv
2025-06-28 21:02:19.948477+07:00,Nha Trang,61,/dl/web/weather/ic-w-10-night-clear-sky-full.svg,9.3 km/h,77%,aqi_nha-trang_2025_jun.csv
2025-06-28 22:01:56.045282+07:00,Nha Trang,61,/dl/web/weather/ic-w-04-scattered-clouds-full.svg,9.3 km/h,78%,aqi_nha-trang_2025_jun.csv
2025-06-28 23:01:51.212066+07:00,Nha Trang,63,/dl/web/weather/ic-w-04-scattered-clouds-full.svg,8.5 km/h,80%,aqi_nha-trang_2025_jun.csv
2025-06-29 00:02:03.246630+07:00,Nha Trang,63,/dl/web/weather/ic-w-04-scattered-clouds-full.svg,9.7 km/h,78%,aqi_nha-trang_2025_jun.csv
2025-06-29 01:01:58.898988+07:00,Nha Trang,63,/dl/web/weather/ic-w-04-scattered-clouds-full.svg,10.1 km/h,81%,aqi_nha-trang_2025_jun.csv
2025-06-29 02:01:51.101813+07:00,Nha Trang,62,/dl/web/weather/ic-w-04-scattered-clouds-full.svg,9.0 km/h,86%,aqi_nha-trang_2025_jun.csv
2025-06-29 03:02:06.012077+07:00,Nha Trang,62,/dl/web/weather/ic-w-04-scattered-clouds-full.svg,8.7 km/h,83%,aqi_nha-trang_2025_jun.csv
2025-06-29 04:02:05.620969+07:00,Nha Trang,62,/dl/web/weather/ic-w-04-scattered-clouds-full.svg,8.4 km/h,82%,aqi_nha-trang_2025_jun.csv
2025-06-29 05:01:52.645235+07:00,Nha Trang,60,/dl/web/weather/ic-w-04-scattered-clouds-full.svg,8.5 km/h,82%,aqi_nha-trang_2025_jun.csv
2025-06-29 06:02:11.478867+07:00,Nha Trang,60,/dl/web/weather/ic-w-04-scattered-clouds-full.svg,8.7 km/h,81%,aqi_nha-trang_2025_jun.csv
2025-06-29 07:05:50.320195+07:00,Nha Trang,60,/dl/web/weather/ic-w-04-scattered-clouds-full.svg,8.4 km/h,74%,aqi_nha-trang_2025_jun.csv
2025-06-29 08:30:10.484002+07:00,Nha Trang,59,/dl/web/weather/ic-w-04-scattered-clouds-full.svg,7.2 km/h,69%,aqi_nha-trang_2025_jun.csv
2025-06-29 09:40:42.444965+07:00,Nha Trang,59,/dl/web/weather/ic-w-04-scattered-clouds-full.svg,4.2 km/h,53%,aqi_nha-trang_2025_jun.csv
2025-06-29 10:29:26.265903+07:00,Nha Trang,59,/dl/web/weather/ic-w-04-scattered-clouds-full.svg,2.1 km/h,48%,aqi_nha-trang_2025_jun.csv
2025-06-29 11:12:01.771434+07:00,Nha Trang,57,/dl/web/weather/ic-w-04-scattered-clouds-full.svg,9.5 km/h,48%,aqi_nha-trang_2025_jun.csv
2025-06-29 12:04:47.833663+07:00,Nha Trang,57,/dl/web/weather/ic-w-04-scattered-clouds-full.svg,15.1 km/h,50%,aqi_nha-trang_2025_jun.csv
2025-06-29 13:02:12.887400+07:00,Nha Trang,57,/dl/web/weather/ic-w-04-scattered-clouds-full.svg,16.1 km/h,55%,aqi_nha-trang_2025_jun.csv
2025-06-29 14:02:00.927575+07:00,Nha Trang,58,/dl/web/weather/ic-w-04-scattered-clouds-full.svg,13.4 km/h,55%,aqi_nha-trang_2025_jun.csv
2025-06-29 15:02:05.966668+07:00,Nha Trang,58,/dl/web/weather/ic-w-04-scattered-clouds-full.svg,9.5 km/h,61%,aqi_nha-trang_2025_jun.csv
2025-06-29 16:02:05.366636+07:00,Nha Trang,58,/dl/web/weather/ic-w-04-scattered-clouds-full.svg,6.0 km/h,57%,aqi_nha-trang_2025_jun.csv
2025-06-29 17:02:13.197779+07:00,Nha Trang,58,/dl/web/weather/ic-w-04-scattered-clouds-full.svg,2.7 km/h,54%,aqi_nha-trang_2025_jun.csv
2025-06-29 18:01:56.507426+07:00,Nha Trang,58,/dl/web/weather/ic-w-04-scattered-clouds-full.svg,5.3 km/h,60%,aqi_nha-trang_2025_jun.csv
2025-06-29 19:02:12.713298+07:00,Nha Trang,58,/dl/web/weather/ic-w-04-scattered-clouds-full.svg,5.3 km/h,60%,aqi_nha-trang_2025_jun.csv
2025-06-29 20:08:51.588188+07:00,Nha Trang,61,/dl/web/weather/ic-w-04-scattered-clouds-full.svg,9.7 km/h,73%,aqi_nha-trang_2025_jun.csv
2025-06-29 21:02:05.518925+07:00,Nha Trang,61,/dl/web/weather/ic-w-04-scattered-clouds-full.svg,9.3 km/h,76%,aqi_nha-trang_2025_jun.csv
2025-06-29 22:01:47.394764+07:00,Nha Trang,61,/dl/web/weather/ic-w-04-scattered-clouds-full.svg,10.0 km/h,81%,aqi_nha-trang_2025_jun.csv
2025-06-29 23:01:50.091595+07:00,Nha Trang,63,/dl/web/weather/ic-w-04-scattered-clouds-full.svg,10.0 km/h,79%,aqi_nha-trang_2025_jun.csv
2025-06-30 00:02:12.919431+07:00,Nha Trang,63,/dl/web/weather/ic-w-04-scattered-clouds-full.svg,9.7 km/h,81%,aqi_nha-trang_2025_jun.csv
2025-06-30 01:02:07.456473+07:00,Nha Trang,63,/dl/web/weather/ic-w-04-scattered-clouds-full.svg,10.8 km/h,79%,aqi_nha-trang_2025_jun.csv
2025-06-30 02:01:50.541688+07:00,Nha Trang,61,/dl/web/weather/ic-w-04-scattered-clouds-full.svg,10.3 km/h,80%,aqi_nha-trang_2025_jun.csv
2025-06-30 03:02:00.867030+07:00,Nha Trang,61,/dl/web/weather/ic-w-04-scattered-clouds-full.svg,10.0 km/h,76%,aqi_nha-trang_2025_jun.csv
2025-06-30 04:01:49.242170+07:00,Nha Trang,61,/dl/web/weather/ic-w-04-scattered-clouds-full.svg,10.8 km/h,79%,aqi_nha-trang_2025_jun.csv
2025-06-30 05:02:02.726999+07:00,Nha Trang,60,/dl/web/weather/ic-w-04-scattered-clouds-full.svg,9.8 km/h,79%,aqi_nha-trang_2025_jun.csv
2025-06-30 06:02:02.409016+07:00,Nha Trang,60,/dl/web/weather/ic-w-04-scattered-clouds-full.svg,9.2 km/h,78%,aqi_nha-trang_2025_jun.csv
2025-06-30 07:05:41.785831+07:00,Nha Trang,60,/dl/web/weather/ic-w-04-scattered-clouds-full.svg,8.2 km/h,72%,aqi_nha-trang_2025_jun.csv
2025-06-30 08:29:59.255644+07:00,Nha Trang,59,/dl/web/weather/ic-w-04-scattered-clouds-full.svg,6.1 km/h,65%,aqi_nha-trang_2025_jun.csv
2025-06-30 09:36:37.275956+07:00,Nha Trang,59,/dl/web/weather/ic-w-04-scattered-clouds-full.svg,4.2 km/h,58%,aqi_nha-trang_2025_jun.csv
2025-06-30 10:28:22.660545+07:00,Nha Trang,59,/dl/web/weather/ic-w-04-scattered-clouds-full.svg,0.3 km/h,60%,aqi_nha-trang_2025_jun.csv
2025-06-30 11:10:29.743992+07:00,Nha Trang,57,/dl/web/weather/ic-w-04-scattered-clouds-full.svg,9.0 km/h,55%,aqi_nha-trang_2025_jun.csv
2025-06-30 12:03:35.740700+07:00,Nha Trang,57,/dl/web/weather/ic-w-04-scattered-clouds-full.svg,15.1 km/h,55%,aqi_nha-trang_2025_jun.csv
2025-06-30 13:02:17.708892+07:00,Nha Trang,57,/dl/web/weather/ic-w-04-scattered-clouds-full.svg,15.1 km/h,59%,aqi_nha-trang_2025_jun.csv
2025-06-30 14:02:49.272537+07:00,Nha Trang,58,/dl/web/weather/ic-w-04-scattered-clouds-full.svg,16.1 km/h,60%,aqi_nha-trang_2025_jun.csv
2025-06-30 15:02:13.016333+07:00,Nha Trang,58,/dl/web/weather/ic-w-04-scattered-clouds-full.svg,18.0 km/h,62%,aqi_nha-trang_2025_jun.csv
2025-06-30 16:03:00.240837+07:00,Nha Trang,58,/dl/web/weather/ic-w-04-scattered-clouds-full.svg,11.7 km/h,68%,aqi_nha-trang_2025_jun.csv
2025-06-30 17:02:02.944652+07:00,Nha Trang,59,/dl/web/weather/ic-w-04-scattered-clouds-full.svg,9.7 km/h,76%,aqi_nha-trang_2025_jun.csv
2025-06-30 18:02:03.471939+07:00,Nha Trang,59,/dl/web/weather/ic-w-04-scattered-clouds-full.svg,6.1 km/h,82%,aqi_nha-trang_2025_jun.csv
2025-06-30 19:02:26.031698+07:00,Nha Trang,59,/dl/web/weather/ic-w-04-scattered-clouds-full.svg,6.6 km/h,83%,aqi_nha-trang_2025_jun.csv
2025-07-01 00:02:10.345553+07:00,Nha Trang,60,/dl/web/weather/ic-w-04-scattered-clouds-full.svg,8.0 km/h,85%,aqi_nha-trang_2025_jul.csv
2025-07-01 01:02:32.938090+07:00,Nha Trang,60,/dl/web/weather/ic-w-04-scattered-clouds-full.svg,9.0 km/h,84%,aqi_nha-trang_2025_jul.csv
2025-07-01 02:01:53.174880+07:00,Nha Trang,61,/dl/web/weather/ic-w-04-scattered-clouds-full.svg,8.4 km/h,83%,aqi_nha-trang_2025_jul.csv
2025-07-01 03:02:08.377458+07:00,Nha Trang,61,/dl/web/weather/ic-w-04-scattered-clouds-full.svg,8.4 km/h,84%,aqi_nha-trang_2025_jul.csv
2025-07-01 04:01:54.522478+07:00,Nha Trang,61,/dl/web/weather/ic-w-04-scattered-clouds-full.svg,8.9 km/h,81%,aqi_nha-trang_2025_jul.csv
2025-07-01 05:02:36.075519+07:00,Nha Trang,59,/dl/web/weather/ic-w-04-scattered-clouds-full.svg,8.5 km/h,82%,aqi_nha-trang_2025_jul.csv
2025-07-01 06:02:00.916489+07:00,Nha Trang,59,/dl/web/weather/ic-w-04-scattered-clouds-full.svg,6.6 km/h,82%,aqi_nha-trang_2025_jul.csv
2025-07-01 07:05:54.100460+07:00,Nha Trang,59,/dl/web/weather/ic-w-04-scattered-clouds-full.svg,5.8 km/h,74%,aqi_nha-trang_2025_jul.csv
2025-07-01 08:30:11.780204+07:00,Nha Trang,60,/dl/web/weather/ic-w-04-scattered-clouds-full.svg,5.1 km/h,66%,aqi_nha-trang_2025_jul.csv
2025-07-01 09:41:48.144691+07:00,Nha Trang,60,/dl/web/weather/ic-w-04-scattered-clouds-full.svg,1.8 km/h,57%,aqi_nha-trang_2025_jul.csv
2025-07-01 10:29:50.520727+07:00,Nha Trang,60,/dl/web/weather/ic-w-04-scattered-clouds-full.svg,6.3 km/h,59%,aqi_nha-trang_2025_jul.csv
2025-07-01 11:14:13.426791+07:00,Nha Trang,57,/dl/web/weather/ic-w-04-scattered-clouds-full.svg,13.7 km/h,58%,aqi_nha-trang_2025_jul.csv
2025-07-01 12:04:32.104611+07:00,Nha Trang,57,/dl/web/weather/ic-w-04-scattered-clouds-full.svg,13.7 km/h,58%,aqi_nha-trang_2025_jul.csv
2025-07-01 13:02:29.462054+07:00,Nha Trang,57,/dl/web/weather/ic-w-04-scattered-clouds-full.svg,15.1 km/h,66%,aqi_nha-trang_2025_jul.csv
2025-07-01 14:02:47.262332+07:00,Nha Trang,59,/dl/web/weather/ic-w-04-scattered-clouds-full.svg,11.9 km/h,70%,aqi_nha-trang_2025_jul.csv
2025-07-01 15:02:14.200063+07:00,Nha Trang,59,/dl/web/weather/ic-w-06-rain-full.svg,10.0 km/h,72%,aqi_nha-trang_2025_jul.csv
2025-07-01 16:03:09.626958+07:00,Nha Trang,59,/dl/web/weather/ic-w-06-rain-full.svg,6.0 km/h,82%,aqi_nha-trang_2025_jul.csv
2025-07-01 17:02:17.378014+07:00,Nha Trang,59,/dl/web/weather/ic-w-06-rain-full.svg,2.4 km/h,79%,aqi_nha-trang_2025_jul.csv
2025-07-01 18:01:54.424828+07:00,Nha Trang,59,/dl/web/weather/ic-w-06-rain-full.svg,0.6 km/h,82%,aqi_nha-trang_2025_jul.csv
2025-07-01 19:02:42.715586+07:00,Nha Trang,59,/dl/web/weather/ic-w-04-scattered-clouds-full.svg,2.6 km/h,85%,aqi_nha-trang_2025_jul.csv
2025-07-01 20:12:19.519323+07:00,Nha Trang,58,/dl/web/weather/ic-w-12-night-rain-full.svg,5.5 km/h,86%,aqi_nha-trang_2025_jul.csv
2025-07-01 21:02:02.483215+07:00,Nha Trang,58,/dl/web/weather/ic-w-04-scattered-clouds-full.svg,7.4 km/h,86%,aqi_nha-trang_2025_jul.csv
2025-07-01 23:02:06.171599+07:00,Nha Trang,57,/dl/web/weather/ic-w-04-scattered-clouds-full.svg,7.6 km/h,82%,aqi_nha-trang_2025_jul.csv
2025-07-02 00:02:25.325182+07:00,Nha Trang,57,/dl/web/weather/ic-w-04-scattered-clouds-full.svg,7.2 km/h,85%,aqi_nha-trang_2025_jul.csv
2025-07-02 01:02:35.509339+07:00,Nha Trang,57,/dl/web/weather/ic-w-04-scattered-clouds-full.svg,10.0 km/h,85%,aqi_nha-trang_2025_jul.csv
2025-07-02 02:01:57.834209+07:00,Nha Trang,58,/dl/web/weather/ic-w-12-night-rain-full.svg,10.0 km/h,85%,aqi_nha-trang_2025_jul.csv
2025-07-02 03:02:05.894230+07:00,Nha Trang,58,/dl/web/weather/ic-w-04-scattered-clouds-full.svg,8.5 km/h,86%,aqi_nha-trang_2025_jul.csv
2025-07-02 05:01:55.043456+07:00,Nha Trang,59,/dl/web/weather/ic-w-04-scattered-clouds-full.svg,7.6 km/h,85%,aqi_nha-trang_2025_jul.csv
2025-07-02 06:02:17.144001+07:00,Nha Trang,59,/dl/web/weather/ic-w-04-scattered-clouds-full.svg,7.7 km/h,84%,aqi_nha-trang_2025_jul.csv
2025-07-02 07:05:15.590697+07:00,Nha Trang,59,/dl/web/weather/ic-w-04-scattered-clouds-full.svg,6.0 km/h,81%,aqi_nha-trang_2025_jul.csv
2025-07-02 08:29:47.617923+07:00,Nha Trang,60,/dl/web/weather/ic-w-04-scattered-clouds-full.svg,5.6 km/h,73%,aqi_nha-trang_2025_jul.csv
2025-07-02 09:33:01.021127+07:00,Nha Trang,60,/dl/web/weather/ic-w-04-scattered-clouds-full.svg,1.1 km/h,73%,aqi_nha-trang_2025_jul.csv
2025-07-02 10:24:44.888579+07:00,Nha Trang,60,/dl/web/weather/ic-w-06-rain-full.svg,6.4 km/h,66%,aqi_nha-trang_2025_jul.csv
2025-07-02 11:07:59.841482+07:00,Nha Trang,58,/dl/web/weather/ic-w-04-scattered-clouds-full.svg,14.2 km/h,59%,aqi_nha-trang_2025_jul.csv
2025-07-02 12:03:35.502970+07:00,Nha Trang,58,/dl/web/weather/ic-w-04-scattered-clouds-full.svg,14.6 km/h,59%,aqi_nha-trang_2025_jul.csv
2025-07-02 13:02:26.407470+07:00,Nha Trang,58,/dl/web/weather/ic-w-04-scattered-clouds-full.svg,16.7 km/h,64%,aqi_nha-trang_2025_jul.csv
2025-07-02 14:02:22.519949+07:00,Nha Trang,59,/dl/web/weather/ic-w-04-scattered-clouds-full.svg,11.7 km/h,61%,aqi_nha-trang_2025_jul.csv
2025-07-02 15:02:20.168982+07:00,Nha Trang,59,/dl/web/weather/ic-w-04-scattered-clouds-full.svg,13.7 km/h,71%,aqi_nha-trang_2025_jul.csv
2025-07-02 16:03:01.210441+07:00,Nha Trang,59,/dl/web/weather/ic-w-04-scattered-clouds-full.svg,11.9 km/h,75%,aqi_nha-trang_2025_jul.csv
2025-07-02 17:02:01.789163+07:00,Nha Trang,59,/dl/web/weather/ic-w-04-scattered-clouds-full.svg,7.2 km/h,80%,aqi_nha-trang_2025_jul.csv
2025-07-02 18:02:11.879319+07:00,Nha Trang,59,/dl/web/weather/ic-w-04-scattered-clouds-full.svg,7.7 km/h,79%,aqi_nha-trang_2025_jul.csv
2025-07-02 19:02:43.776723+07:00,Nha Trang,59,/dl/web/weather/ic-w-04-scattered-clouds-full.svg,6.8 km/h,83%,aqi_nha-trang_2025_jul.csv
2025-07-02 20:11:53.438640+07:00,Nha Trang,63,/dl/web/weather/ic-w-04-scattered-clouds-full.svg,6.9 km/h,81%,aqi_nha-trang_2025_jul.csv
2025-07-02 23:02:08.868118+07:00,Nha Trang,63,/dl/web/weather/ic-w-04-scattered-clouds-full.svg,8.5 km/h,83%,aqi_nha-trang_2025_jul.csv
2025-07-03 02:01:57.235595+07:00,Nha Trang,62,/dl/web/weather/ic-w-04-scattered-clouds-full.svg,6.9 km/h,86%,aqi_nha-trang_2025_jul.csv
2025-07-03 03:02:04.675127+07:00,Nha Trang,62,/dl/web/weather/ic-w-04-scattered-clouds-full.svg,7.9 km/h,88%,aqi_nha-trang_2025_jul.csv
2025-07-03 04:02:18.165541+07:00,Nha Trang,62,/dl/web/weather/ic-w-04-scattered-clouds-full.svg,6.8 km/h,87%,aqi_nha-trang_2025_jul.csv
2025-07-03 05:02:03.861229+07:00,Nha Trang,61,/dl/web/weather/ic-w-04-scattered-clouds-full.svg,9.0 km/h,85%,aqi_nha-trang_2025_jul.csv
2025-07-03 06:02:11.022659+07:00,Nha Trang,61,/dl/web/weather/ic-w-04-scattered-clouds-full.svg,9.8 km/h,84%,aqi_nha-trang_2025_jul.csv
2025-07-03 07:05:33.614066+07:00,Nha Trang,61,/dl/web/weather/ic-w-04-scattered-clouds-full.svg,9.3 km/h,79%,aqi_nha-trang_2025_jul.csv
2025-07-03 08:29:46.121033+07:00,Nha Trang,63,/dl/web/weather/ic-w-04-scattered-clouds-full.svg,8.7 km/h,70%,aqi_nha-trang_2025_jul.csv
2025-07-03 09:33:31.809707+07:00,Nha Trang,63,/dl/web/weather/ic-w-04-scattered-clouds-full.svg,6.1 km/h,65%,aqi_nha-trang_2025_jul.csv
2025-07-03 10:26:00.192663+07:00,Nha Trang,63,/dl/web/weather/ic-w-04-scattered-clouds-full.svg,4.7 km/h,67%,aqi_nha-trang_2025_jul.csv
2025-07-03 11:09:27.567888+07:00,Nha Trang,60,/dl/web/weather/ic-w-04-scattered-clouds-full.svg,1.1 km/h,63%,aqi_nha-trang_2025_jul.csv
2025-07-03 12:04:15.564371+07:00,Nha Trang,60,/dl/web/weather/ic-w-04-scattered-clouds-full.svg,2.7 km/h,64%,aqi_nha-trang_2025_jul.csv
2025-07-03 14:02:42.425301+07:00,Nha Trang,60,/dl/web/weather/ic-w-04-scattered-clouds-full.svg,11.7 km/h,59%,aqi_nha-trang_2025_jul.csv
2025-07-03 15:02:06.600464+07:00,Nha Trang,60,/dl/web/weather/ic-w-04-scattered-clouds-full.svg,10.3 km/h,65%,aqi_nha-trang_2025_jul.csv
2025-07-03 16:02:34.973824+07:00,Nha Trang,60,/dl/web/weather/ic-w-04-scattered-clouds-full.svg,10.6 km/h,69%,aqi_nha-trang_2025_jul.csv
2025-07-03 17:02:12.638849+07:00,Nha Trang,61,/dl/web/weather/ic-w-04-scattered-clouds-full.svg,10.1 km/h,75%,aqi_nha-trang_2025_jul.csv
2025-07-03 19:02:45.834575+07:00,Nha Trang,61,/dl/web/weather/ic-w-04-scattered-clouds-full.svg,8.4 km/h,84%,aqi_nha-trang_2025_jul.csv
2025-07-03 20:11:07.697490+07:00,Nha Trang,64,/dl/web/weather/ic-w-04-scattered-clouds-full.svg,7.6 km/h,86%,aqi_nha-trang_2025_jul.csv
2025-07-03 21:02:06.873239+07:00,Nha Trang,64,/dl/web/weather/ic-w-04-scattered-clouds-full.svg,7.1 km/h,86%,aqi_nha-trang_2025_jul.csv
2025-07-03 23:02:07.768894+07:00,Nha Trang,65,/dl/web/weather/ic-w-04-scattered-clouds-full.svg,8.5 km/h,89%,aqi_nha-trang_2025_jul.csv
2025-07-04 00:03:04.861316+07:00,Nha Trang,65,/dl/web/weather/ic-w-04-scattered-clouds-full.svg,9.7 km/h,89%,aqi_nha-trang_2025_jul.csv
2025-07-04 01:02:13.784801+07:00,Nha Trang,65,/dl/web/weather/ic-w-04-scattered-clouds-full.svg,10.9 km/h,90%,aqi_nha-trang_2025_jul.csv
2025-07-04 03:02:00.890821+07:00,Nha Trang,63,/dl/web/weather/ic-w-04-scattered-clouds-full.svg,10.5 km/h,82%,aqi_nha-trang_2025_jul.csv
2025-07-04 04:02:04.043695+07:00,Nha Trang,63,/dl/web/weather/ic-w-04-scattered-clouds-full.svg,10.5 km/h,86%,aqi_nha-trang_2025_jul.csv
2025-07-04 05:02:07.837269+07:00,Nha Trang,61,/dl/web/weather/ic-w-04-scattered-clouds-full.svg,10.0 km/h,85%,aqi_nha-trang_2025_jul.csv
2025-07-04 06:02:06.273913+07:00,Nha Trang,61,/dl/web/weather/ic-w-04-scattered-clouds-full.svg,9.3 km/h,83%,aqi_nha-trang_2025_jul.csv
2025-07-04 07:05:29.126184+07:00,Nha Trang,61,/dl/web/weather/ic-w-04-scattered-clouds-full.svg,8.9 km/h,77%,aqi_nha-trang_2025_jul.csv
2025-07-04 08:29:39.145718+07:00,Nha Trang,61,/dl/web/weather/ic-w-04-scattered-clouds-full.svg,6.0 km/h,71%,aqi_nha-trang_2025_jul.csv
2025-07-04 09:32:46.465343+07:00,Nha Trang,61,/dl/web/weather/ic-w-04-scattered-clouds-full.svg,2.9 km/h,62%,aqi_nha-trang_2025_jul.csv
2025-07-04 10:24:19.979397+07:00,Nha Trang,61,/dl/web/weather/ic-w-04-scattered-clouds-full.svg,8.7 km/h,62%,aqi_nha-trang_2025_jul.csv
2025-07-04 11:07:49.867299+07:00,Nha Trang,60,/dl/web/weather/ic-w-04-scattered-clouds-full.svg,15.4 km/h,61%,aqi_nha-trang_2025_jul.csv
2025-07-04 12:03:43.763244+07:00,Nha Trang,60,/dl/web/weather/ic-w-04-scattered-clouds-full.svg,20.6 km/h,65%,aqi_nha-trang_2025_jul.csv
2025-07-04 13:02:18.791135+07:00,Nha Trang,60,/dl/web/weather/ic-w-04-scattered-clouds-full.svg,19.5 km/h,67%,aqi_nha-trang_2025_jul.csv
2025-07-04 14:02:46.695126+07:00,Nha Trang,61,/dl/web/weather/ic-w-04-scattered-clouds-full.svg,13.8 km/h,72%,aqi_nha-trang_2025_jul.csv
2025-07-04 15:02:11.191073+07:00,Nha Trang,61,/dl/web/weather/ic-w-04-scattered-clouds-full.svg,11.9 km/h,75%,aqi_nha-trang_2025_jul.csv
2025-07-04 16:02:11.238850+07:00,Nha Trang,61,/dl/web/weather/ic-w-04-scattered-clouds-full.svg,7.1 km/h,80%,aqi_nha-trang_2025_jul.csv
2025-07-04 17:02:07.095287+07:00,Nha Trang,62,/dl/web/weather/ic-w-04-scattered-clouds-full.svg,3.4 km/h,72%,aqi_nha-trang_2025_jul.csv
2025-07-04 18:02:12.912388+07:00,Nha Trang,62,/dl/web/weather/ic-w-04-scattered-clouds-full.svg,1.8 km/h,72%,aqi_nha-trang_2025_jul.csv
2025-07-04 19:02:45.301542+07:00,Nha Trang,62,/dl/web/weather/ic-w-04-scattered-clouds-full.svg,5.1 km/h,79%,aqi_nha-trang_2025_jul.csv
2025-07-04 20:10:39.353189+07:00,Nha Trang,64,/dl/web/weather/ic-w-04-scattered-clouds-full.svg,7.6 km/h,82%,aqi_nha-trang_2025_jul.csv
2025-07-04 21:02:14.852542+07:00,Nha Trang,64,/dl/web/weather/ic-w-04-scattered-clouds-full.svg,8.4 km/h,84%,aqi_nha-trang_2025_jul.csv
2025-07-04 22:02:10.331471+07:00,Nha Trang,64,/dl/web/weather/ic-w-04-scattered-clouds-full.svg,9.2 km/h,84%,aqi_nha-trang_2025_jul.csv
2025-07-04 23:01:55.251509+07:00,Nha Trang,61,/dl/web/weather/ic-w-04-scattered-clouds-full.svg,9.3 km/h,83%,aqi_nha-trang_2025_jul.csv
2025-07-05 00:01:54.489299+07:00,Nha Trang,61,/dl/web/weather/ic-w-04-scattered-clouds-full.svg,9.0 km/h,85%,aqi_nha-trang_2025_jul.csv
2025-07-05 01:02:05.234744+07:00,Nha Trang,61,/dl/web/weather/ic-w-04-scattered-clouds-full.svg,9.7 km/h,86%,aqi_nha-trang_2025_jul.csv
2025-07-05 02:02:04.328671+07:00,Nha Trang,60,/dl/web/weather/ic-w-04-scattered-clouds-full.svg,9.8 km/h,85%,aqi_nha-trang_2025_jul.csv
2025-07-05 03:01:55.726903+07:00,Nha Trang,60,/dl/web/weather/ic-w-04-scattered-clouds-full.svg,8.2 km/h,84%,aqi_nha-trang_2025_jul.csv
2025-07-05 04:01:58.057775+07:00,Nha Trang,60,/dl/web/weather/ic-w-04-scattered-clouds-full.svg,9.0 km/h,87%,aqi_nha-trang_2025_jul.csv
2025-07-05 05:02:01.713026+07:00,Nha Trang,60,/dl/web/weather/ic-w-04-scattered-clouds-full.svg,9.2 km/h,84%,aqi_nha-trang_2025_jul.csv
2025-07-05 06:02:02.365292+07:00,Nha Trang,60,/dl/web/weather/ic-w-04-scattered-clouds-full.svg,9.2 km/h,81%,aqi_nha-trang_2025_jul.csv
2025-07-05 07:04:53.048364+07:00,Nha Trang,60,/dl/web/weather/ic-w-04-scattered-clouds-full.svg,8.9 km/h,75%,aqi_nha-trang_2025_jul.csv
2025-07-05 08:29:27.513533+07:00,Nha Trang,60,/dl/web/weather/ic-w-04-scattered-clouds-full.svg,6.6 km/h,64%,aqi_nha-trang_2025_jul.csv
2025-07-05 09:31:16.439089+07:00,Nha Trang,60,/dl/web/weather/ic-w-04-scattered-clouds-full.svg,1.4 km/h,57%,aqi_nha-trang_2025_jul.csv
2025-07-05 10:21:37.748868+07:00,Nha Trang,60,/dl/web/weather/ic-w-04-scattered-clouds-full.svg,7.4 km/h,55%,aqi_nha-trang_2025_jul.csv
2025-07-05 11:04:47.325054+07:00,Nha Trang,58,/dl/web/weather/ic-w-04-scattered-clouds-full.svg,13.5 km/h,63%,aqi_nha-trang_2025_jul.csv
2025-07-05 12:01:54.558935+07:00,Nha Trang,58,/dl/web/weather/ic-w-04-scattered-clouds-full.svg,16.9 km/h,63%,aqi_nha-trang_2025_jul.csv
2025-07-05 13:02:15.428162+07:00,Nha Trang,58,/dl/web/weather/ic-w-04-scattered-clouds-full.svg,16.1 km/h,65%,aqi_nha-trang_2025_jul.csv
2025-07-05 14:01:52.994614+07:00,Nha Trang,59,/dl/web/weather/ic-w-04-scattered-clouds-full.svg,13.8 km/h,64%,aqi_nha-trang_2025_jul.csv
2025-07-05 15:02:05.899726+07:00,Nha Trang,59,/dl/web/weather/ic-w-04-scattered-clouds-full.svg,13.8 km/h,64%,aqi_nha-trang_2025_jul.csv
2025-07-05 16:01:55.933072+07:00,Nha Trang,59,/dl/web/weather/ic-w-04-scattered-clouds-full.svg,4.2 km/h,71%,aqi_nha-trang_2025_jul.csv
2025-07-05 17:01:48.664750+07:00,Nha Trang,59,/dl/web/weather/ic-w-04-scattered-clouds-full.svg,2.6 km/h,70%,aqi_nha-trang_2025_jul.csv
2025-07-05 18:01:53.501736+07:00,Nha Trang,59,/dl/web/weather/ic-w-04-scattered-clouds-full.svg,2.4 km/h,74%,aqi_nha-trang_2025_jul.csv
2025-07-05 19:02:16.889409+07:00,Nha Trang,59,/dl/web/weather/ic-w-04-scattered-clouds-full.svg,6.6 km/h,80%,aqi_nha-trang_2025_jul.csv
2025-07-05 20:08:27.442248+07:00,Nha Trang,60,/dl/web/weather/ic-w-11-night-few-clouds-full.svg,7.7 km/h,81%,aqi_nha-trang_2025_jul.csv
2025-07-05 21:01:57.072019+07:00,Nha Trang,60,/dl/web/weather/ic-w-11-night-few-clouds-full.svg,8.2 km/h,80%,aqi_nha-trang_2025_jul.csv
2025-07-05 22:01:53.464607+07:00,Nha Trang,60,/dl/web/weather/ic-w-11-night-few-clouds-full.svg,9.3 km/h,82%,aqi_nha-trang_2025_jul.csv
2025-07-05 23:02:02.047153+07:00,Nha Trang,61,/dl/web/weather/ic-w-04-scattered-clouds-full.svg,9.2 km/h,82%,aqi_nha-trang_2025_jul.csv
2025-07-06 00:02:08.126653+07:00,Nha Trang,61,/dl/web/weather/ic-w-04-scattered-clouds-full.svg,8.7 km/h,84%,aqi_nha-trang_2025_jul.csv
2025-07-06 01:02:00.022745+07:00,Nha Trang,61,/dl/web/weather/ic-w-12-night-rain-full.svg,8.5 km/h,83%,aqi_nha-trang_2025_jul.csv
2025-07-06 02:02:06.585724+07:00,Nha Trang,60,/dl/web/weather/ic-w-04-scattered-clouds-full.svg,8.9 km/h,80%,aqi_nha-trang_2025_jul.csv
2025-07-06 03:01:55.521296+07:00,Nha Trang,60,/dl/web/weather/ic-w-12-night-rain-full.svg,8.7 km/h,81%,aqi_nha-trang_2025_jul.csv
2025-07-06 04:01:58.649324+07:00,Nha Trang,60,/dl/web/weather/ic-w-04-scattered-clouds-full.svg,7.9 km/h,80%,aqi_nha-trang_2025_jul.csv
2025-07-06 05:01:55.652673+07:00,Nha Trang,60,/dl/web/weather/ic-w-04-scattered-clouds-full.svg,8.2 km/h,79%,aqi_nha-trang_2025_jul.csv
2025-07-06 06:01:59.342333+07:00,Nha Trang,60,/dl/web/weather/ic-w-04-scattered-clouds-full.svg,7.4 km/h,78%,aqi_nha-trang_2025_jul.csv
2025-07-06 07:05:48.217055+07:00,Nha Trang,60,/dl/web/weather/ic-w-04-scattered-clouds-full.svg,5.1 km/h,77%,aqi_nha-trang_2025_jul.csv
2025-07-06 08:30:03.135887+07:00,Nha Trang,60,/dl/web/weather/ic-w-04-scattered-clouds-full.svg,4.2 km/h,72%,aqi_nha-trang_2025_jul.csv
2025-07-06 09:39:21.087284+07:00,Nha Trang,60,/dl/web/weather/ic-w-04-scattered-clouds-full.svg,1.8 km/h,61%,aqi_nha-trang_2025_jul.csv
2025-07-06 10:28:56.262785+07:00,Nha Trang,60,/dl/web/weather/ic-w-04-scattered-clouds-full.svg,8.2 km/h,61%,aqi_nha-trang_2025_jul.csv
2025-07-06 11:11:13.048987+07:00,Nha Trang,57,/dl/web/weather/ic-w-04-scattered-clouds-full.svg,12 km/h,61%,aqi_nha-trang_2025_jul.csv
2025-07-06 12:02:39.944210+07:00,Nha Trang,57,/dl/web/weather/ic-w-04-scattered-clouds-full.svg,14.0 km/h,59%,aqi_nha-trang_2025_jul.csv
2025-07-06 13:02:09.480878+07:00,Nha Trang,57,/dl/web/weather/ic-w-04-scattered-clouds-full.svg,11.1 km/h,61%,aqi_nha-trang_2025_jul.csv
2025-07-06 14:01:50.097491+07:00,Nha Trang,56,/dl/web/weather/ic-w-04-scattered-clouds-full.svg,6.8 km/h,68%,aqi_nha-trang_2025_jul.csv
2025-07-06 15:02:01.723477+07:00,Nha Trang,56,/dl/web/weather/ic-w-04-scattered-clouds-full.svg,5.5 km/h,68%,aqi_nha-trang_2025_jul.csv
2025-07-06 16:01:50.112800+07:00,Nha Trang,56,/dl/web/weather/ic-w-04-scattered-clouds-full.svg,4.3 km/h,73%,aqi_nha-trang_2025_jul.csv
2025-07-06 17:02:09.628614+07:00,Nha Trang,57,/dl/web/weather/ic-w-04-scattered-clouds-full.svg,1.9 km/h,78%,aqi_nha-trang_2025_jul.csv
2025-07-06 18:01:55.877911+07:00,Nha Trang,57,/dl/web/weather/ic-w-04-scattered-clouds-full.svg,2.9 km/h,79%,aqi_nha-trang_2025_jul.csv
2025-07-06 19:02:13.904994+07:00,Nha Trang,57,/dl/web/weather/ic-w-04-scattered-clouds-full.svg,5.0 km/h,79%,aqi_nha-trang_2025_jul.csv
2025-07-06 20:08:56.099460+07:00,Nha Trang,60,/dl/web/weather/ic-w-04-scattered-clouds-full.svg,6.9 km/h,80%,aqi_nha-trang_2025_jul.csv
2025-07-06 21:01:57.918706+07:00,Nha Trang,60,/dl/web/weather/ic-w-04-scattered-clouds-full.svg,7.9 km/h,82%,aqi_nha-trang_2025_jul.csv
2025-07-06 22:01:59.921028+07:00,Nha Trang,60,/dl/web/weather/ic-w-04-scattered-clouds-full.svg,9.2 km/h,83%,aqi_nha-trang_2025_jul.csv
2025-07-06 23:01:55.709016+07:00,Nha Trang,61,/dl/web/weather/ic-w-04-scattered-clouds-full.svg,10.1 km/h,83%,aqi_nha-trang_2025_jul.csv
2025-07-07 00:02:10.540127+07:00,Nha Trang,61,/dl/web/weather/ic-w-04-scattered-clouds-full.svg,10.0 km/h,84%,aqi_nha-trang_2025_jul.csv
2025-07-07 01:02:04.692153+07:00,Nha Trang,61,/dl/web/weather/ic-w-04-scattered-clouds-full.svg,9.3 km/h,83%,aqi_nha-trang_2025_jul.csv
2025-07-07 02:01:55.132808+07:00,Nha Trang,60,/dl/web/weather/ic-w-04-scattered-clouds-full.svg,9.0 km/h,83%,aqi_nha-trang_2025_jul.csv
2025-07-07 03:01:54.499892+07:00,Nha Trang,60,/dl/web/weather/ic-w-04-scattered-clouds-full.svg,9.1 km/h,83%,aqi_nha-trang_2025_jul.csv
2025-07-07 04:01:54.399191+07:00,Nha Trang,60,/dl/web/weather/ic-w-04-scattered-clouds-full.svg,8.4 km/h,80%,aqi_nha-trang_2025_jul.csv
2025-07-07 05:02:10.932406+07:00,Nha Trang,61,/dl/web/weather/ic-w-04-scattered-clouds-full.svg,8.7 km/h,80%,aqi_nha-trang_2025_jul.csv
2025-07-07 06:02:05.673069+07:00,Nha Trang,61,/dl/web/weather/ic-w-04-scattered-clouds-full.svg,7.9 km/h,78%,aqi_nha-trang_2025_jul.csv
2025-07-07 07:05:37.918731+07:00,Nha Trang,61,/dl/web/weather/ic-w-04-scattered-clouds-full.svg,6.9 km/h,71%,aqi_nha-trang_2025_jul.csv
2025-07-07 08:29:55.029653+07:00,Nha Trang,60,/dl/web/weather/ic-w-04-scattered-clouds-full.svg,4.2 km/h,64%,aqi_nha-trang_2025_jul.csv
2025-07-07 09:36:59.340510+07:00,Nha Trang,60,/dl/web/weather/ic-w-04-scattered-clouds-full.svg,1.8 km/h,53%,aqi_nha-trang_2025_jul.csv
2025-07-07 10:28:36.240460+07:00,Nha Trang,60,/dl/web/weather/ic-w-04-scattered-clouds-full.svg,8.2 km/h,51%,aqi_nha-trang_2025_jul.csv
2025-07-07 11:11:10.844161+07:00,Nha Trang,58,/dl/web/weather/ic-w-04-scattered-clouds-full.svg,13.4 km/h,55%,aqi_nha-trang_2025_jul.csv
2025-07-07 12:03:55.059840+07:00,Nha Trang,58,/dl/web/weather/ic-w-04-scattered-clouds-full.svg,18.0 km/h,51%,aqi_nha-trang_2025_jul.csv
2025-07-07 13:02:23.707566+07:00,Nha Trang,58,/dl/web/weather/ic-w-04-scattered-clouds-full.svg,20.1 km/h,51%,aqi_nha-trang_2025_jul.csv
2025-07-07 14:02:55.368961+07:00,Nha Trang,58,/dl/web/weather/ic-w-04-scattered-clouds-full.svg,16.6 km/h,56%,aqi_nha-trang_2025_jul.csv
2025-07-07 15:02:28.714006+07:00,Nha Trang,58,/dl/web/weather/ic-w-04-scattered-clouds-full.svg,10.9 km/h,59%,aqi_nha-trang_2025_jul.csv
2025-07-07 16:03:17.335231+07:00,Nha Trang,58,/dl/web/weather/ic-w-04-scattered-clouds-full.svg,9.7 km/h,56%,aqi_nha-trang_2025_jul.csv
2025-07-07 17:02:20.335946+07:00,Nha Trang,57,/dl/web/weather/ic-w-04-scattered-clouds-full.svg,5.1 km/h,60%,aqi_nha-trang_2025_jul.csv
2025-07-07 18:02:00.450422+07:00,Nha Trang,57,/dl/web/weather/ic-w-04-scattered-clouds-full.svg,4.7 km/h,72%,aqi_nha-trang_2025_jul.csv
2025-07-07 19:02:29.096278+07:00,Nha Trang,57,/dl/web/weather/ic-w-04-scattered-clouds-full.svg,7.4 km/h,79%,aqi_nha-trang_2025_jul.csv
2025-07-07 20:11:54.665003+07:00,Nha Trang,58,/dl/web/weather/ic-w-04-scattered-clouds-full.svg,8.5 km/h,79%,aqi_nha-trang_2025_jul.csv
2025-07-07 21:02:03.136901+07:00,Nha Trang,58,/dl/web/weather/ic-w-04-scattered-clouds-full.svg,8.4 km/h,77%,aqi_nha-trang_2025_jul.csv
2025-07-07 23:02:38.743884+07:00,Nha Trang,57,/dl/web/weather/ic-w-04-scattered-clouds-full.svg,8.9 km/h,81%,aqi_nha-trang_2025_jul.csv
2025-07-08 01:02:13.287049+07:00,Nha Trang,57,/dl/web/weather/ic-w-04-scattered-clouds-full.svg,8.9 km/h,83%,aqi_nha-trang_2025_jul.csv
2025-07-08 02:02:47.274127+07:00,Nha Trang,56,/dl/web/weather/ic-w-04-scattered-clouds-full.svg,8.0 km/h,80%,aqi_nha-trang_2025_jul.csv
2025-07-08 03:02:36.217428+07:00,Nha Trang,56,/dl/web/weather/ic-w-04-scattered-clouds-full.svg,6.9 km/h,81%,aqi_nha-trang_2025_jul.csv
2025-07-08 04:02:34.888059+07:00,Nha Trang,56,/dl/web/weather/ic-w-04-scattered-clouds-full.svg,7.6 km/h,81%,aqi_nha-trang_2025_jul.csv
2025-07-08 05:01:57.488672+07:00,Nha Trang,57,/dl/web/weather/ic-w-04-scattered-clouds-full.svg,8.0 km/h,80%,aqi_nha-trang_2025_jul.csv
2025-07-08 06:01:58.688731+07:00,Nha Trang,57,/dl/web/weather/ic-w-04-scattered-clouds-full.svg,9.0 km/h,81%,aqi_nha-trang_2025_jul.csv
2025-07-08 07:05:41.893613+07:00,Nha Trang,57,/dl/web/weather/ic-w-04-scattered-clouds-full.svg,6.9 km/h,72%,aqi_nha-trang_2025_jul.csv
2025-07-08 08:30:04.240745+07:00,Nha Trang,56,/dl/web/weather/ic-w-04-scattered-clouds-full.svg,5.0 km/h,66%,aqi_nha-trang_2025_jul.csv
2025-07-08 09:33:54.241665+07:00,Nha Trang,56,/dl/web/weather/ic-w-04-scattered-clouds-full.svg,1.3 km/h,58%,aqi_nha-trang_2025_jul.csv
2025-07-08 10:25:22.017297+07:00,Nha Trang,56,/dl/web/weather/ic-w-04-scattered-clouds-full.svg,3.5 km/h,54%,aqi_nha-trang_2025_jul.csv
2025-07-08 11:08:16.637943+07:00,Nha Trang,56,/dl/web/weather/ic-w-04-scattered-clouds-full.svg,11.6 km/h,52%,aqi_nha-trang_2025_jul.csv
2025-07-08 12:02:41.274111+07:00,Nha Trang,56,/dl/web/weather/ic-w-04-scattered-clouds-full.svg,17.2 km/h,51%,aqi_nha-trang_2025_jul.csv
2025-07-08 13:02:12.868402+07:00,Nha Trang,56,/dl/web/weather/ic-w-04-scattered-clouds-full.svg,15.4 km/h,54%,aqi_nha-trang_2025_jul.csv
2025-07-08 14:02:41.887989+07:00,Nha Trang,56,/dl/web/weather/ic-w-04-scattered-clouds-full.svg,13.4 km/h,65%,aqi_nha-trang_2025_jul.csv
2025-07-08 15:02:18.433544+07:00,Nha Trang,56,/dl/web/weather/ic-w-04-scattered-clouds-full.svg,9.8 km/h,68%,aqi_nha-trang_2025_jul.csv
2025-07-08 16:03:26.614670+07:00,Nha Trang,56,/dl/web/weather/ic-w-04-scattered-clouds-full.svg,7.2 km/h,60%,aqi_nha-trang_2025_jul.csv
2025-07-08 17:01:56.882084+07:00,Nha Trang,56,/dl/web/weather/ic-w-04-scattered-clouds-full.svg,3.1 km/h,59%,aqi_nha-trang_2025_jul.csv
2025-07-08 18:02:05.204525+07:00,Nha Trang,56,/dl/web/weather/ic-w-04-scattered-clouds-full.svg,5.3 km/h,60%,aqi_nha-trang_2025_jul.csv
2025-07-08 19:02:45.115272+07:00,Nha Trang,56,/dl/web/weather/ic-w-04-scattered-clouds-full.svg,10.3 km/h,67%,aqi_nha-trang_2025_jul.csv
2025-07-08 21:02:23.872353+07:00,Nha Trang,58,/dl/web/weather/ic-w-04-scattered-clouds-full.svg,9.2 km/h,78%,aqi_nha-trang_2025_jul.csv
2025-07-08 22:02:31.779880+07:00,Nha Trang,58,/dl/web/weather/ic-w-04-scattered-clouds-full.svg,9.7 km/h,77%,aqi_nha-trang_2025_jul.csv
2025-07-08 23:02:04.880215+07:00,Nha Trang,60,/dl/web/weather/ic-w-04-scattered-clouds-full.svg,10.5 km/h,73%,aqi_nha-trang_2025_jul.csv
2025-07-09 00:02:49.279370+07:00,Nha Trang,60,/dl/web/weather/ic-w-04-scattered-clouds-full.svg,10.0 km/h,73%,aqi_nha-trang_2025_jul.csv
2025-07-09 01:02:12.099674+07:00,Nha Trang,60,/dl/web/weather/ic-w-04-scattered-clouds-full.svg,9.7 km/h,75%,aqi_nha-trang_2025_jul.csv
2025-07-09 03:02:02.160152+07:00,Nha Trang,60,/dl/web/weather/ic-w-04-scattered-clouds-full.svg,8.2 km/h,77%,aqi_nha-trang_2025_jul.csv
2025-07-09 04:02:04.442835+07:00,Nha Trang,60,/dl/web/weather/ic-w-04-scattered-clouds-full.svg,9.7 km/h,76%,aqi_nha-trang_2025_jul.csv
2025-07-09 05:02:00.420815+07:00,Nha Trang,60,/dl/web/weather/ic-w-04-scattered-clouds-full.svg,9.8 km/h,75%,aqi_nha-trang_2025_jul.csv
2025-07-09 06:02:32.196606+07:00,Nha Trang,60,/dl/web/weather/ic-w-04-scattered-clouds-full.svg,9.0 km/h,74%,aqi_nha-trang_2025_jul.csv
2025-07-09 07:05:39.475152+07:00,Nha Trang,60,/dl/web/weather/ic-w-04-scattered-clouds-full.svg,9.0 km/h,69%,aqi_nha-trang_2025_jul.csv
2025-07-09 08:29:50.221176+07:00,Nha Trang,60,/dl/web/weather/ic-w-01-clear-sky-full.svg,6.4 km/h,63%,aqi_nha-trang_2025_jul.csv
2025-07-09 09:34:44.707872+07:00,Nha Trang,60,/dl/web/weather/ic-w-02-new-clouds-full.svg,1.6 km/h,59%,aqi_nha-trang_2025_jul.csv
2025-07-09 10:27:12.321184+07:00,Nha Trang,60,/dl/web/weather/ic-w-04-scattered-clouds-full.svg,4.8 km/h,54%,aqi_nha-trang_2025_jul.csv
2025-07-09 11:10:23.908830+07:00,Nha Trang,57,/dl/web/weather/ic-w-04-scattered-clouds-full.svg,14.6 km/h,55%,aqi_nha-trang_2025_jul.csv
2025-07-09 12:04:44.966723+07:00,Nha Trang,57,/dl/web/weather/ic-w-04-scattered-clouds-full.svg,17.9 km/h,56%,aqi_nha-trang_2025_jul.csv
2025-07-09 13:02:16.636262+07:00,Nha Trang,57,/dl/web/weather/ic-w-04-scattered-clouds-full.svg,15.9 km/h,59%,aqi_nha-trang_2025_jul.csv
2025-07-09 14:02:57.138011+07:00,Nha Trang,57,/dl/web/weather/ic-w-04-scattered-clouds-full.svg,6.4 km/h,72%,aqi_nha-trang_2025_jul.csv
2025-07-09 15:02:13.225369+07:00,Nha Trang,57,/dl/web/weather/ic-w-04-scattered-clouds-full.svg,3.4 km/h,62%,aqi_nha-trang_2025_jul.csv
2025-07-09 16:03:33.131758+07:00,Nha Trang,57,/dl/web/weather/ic-w-04-scattered-clouds-full.svg,3.3 km/h,62%,aqi_nha-trang_2025_jul.csv
2025-07-09 17:02:13.204731+07:00,Nha Trang,57,/dl/web/weather/ic-w-04-scattered-clouds-full.svg,2.3 km/h,61%,aqi_nha-trang_2025_jul.csv
2025-07-09 18:02:05.034455+07:00,Nha Trang,57,/dl/web/weather/ic-w-04-scattered-clouds-full.svg,1.3 km/h,58%,aqi_nha-trang_2025_jul.csv
2025-07-09 19:02:46.871342+07:00,Nha Trang,57,/dl/web/weather/ic-w-04-scattered-clouds-full.svg,3.5 km/h,65%,aqi_nha-trang_2025_jul.csv
2025-07-09 21:01:58.836553+07:00,Nha Trang,60,/dl/web/weather/ic-w-11-night-few-clouds-full.svg,9.5 km/h,79%,aqi_nha-trang_2025_jul.csv
2025-07-09 22:02:11.398859+07:00,Nha Trang,60,/dl/web/weather/ic-w-04-scattered-clouds-full.svg,12.4 km/h,82%,aqi_nha-trang_2025_jul.csv
2025-07-09 23:02:01.715063+07:00,Nha Trang,60,/dl/web/weather/ic-w-04-scattered-clouds-full.svg,13.4 km/h,82%,aqi_nha-trang_2025_jul.csv
2025-07-10 00:03:16.140746+07:00,Nha Trang,60,/dl/web/weather/ic-w-04-scattered-clouds-full.svg,12.4 km/h,79%,aqi_nha-trang_2025_jul.csv
2025-07-10 01:02:09.294429+07:00,Nha Trang,60,/dl/web/weather/ic-w-04-scattered-clouds-full.svg,11.7 km/h,82%,aqi_nha-trang_2025_jul.csv
2025-07-10 02:02:20.837830+07:00,Nha Trang,59,/dl/web/weather/ic-w-04-scattered-clouds-full.svg,11.4 km/h,80%,aqi_nha-trang_2025_jul.csv
2025-07-10 03:02:04.818868+07:00,Nha Trang,59,/dl/web/weather/ic-w-04-scattered-clouds-full.svg,10.0 km/h,80%,aqi_nha-trang_2025_jul.csv
2025-07-10 04:02:08.651824+07:00,Nha Trang,59,/dl/web/weather/ic-w-04-scattered-clouds-full.svg,10.1 km/h,83%,aqi_nha-trang_2025_jul.csv
2025-07-10 06:02:10.287793+07:00,Nha Trang,57,/dl/web/weather/ic-w-04-scattered-clouds-full.svg,9.7 km/h,79%,aqi_nha-trang_2025_jul.csv
2025-07-10 07:05:39.641364+07:00,Nha Trang,57,/dl/web/weather/ic-w-04-scattered-clouds-full.svg,9.0 km/h,74%,aqi_nha-trang_2025_jul.csv
2025-07-10 08:29:49.726161+07:00,Nha Trang,57,/dl/web/weather/ic-w-04-scattered-clouds-full.svg,7.2 km/h,65%,aqi_nha-trang_2025_jul.csv
2025-07-10 09:34:47.421495+07:00,Nha Trang,57,/dl/web/weather/ic-w-04-scattered-clouds-full.svg,4.7 km/h,57%,aqi_nha-trang_2025_jul.csv
2025-07-10 10:27:07.047882+07:00,Nha Trang,57,/dl/web/weather/ic-w-04-scattered-clouds-full.svg,3.5 km/h,48%,aqi_nha-trang_2025_jul.csv
2025-07-10 11:09:11.706614+07:00,Nha Trang,58,/dl/web/weather/ic-w-04-scattered-clouds-full.svg,10.1 km/h,56%,aqi_nha-trang_2025_jul.csv
2025-07-10 12:04:09.873633+07:00,Nha Trang,58,/dl/web/weather/ic-w-04-scattered-clouds-full.svg,13.4 km/h,54%,aqi_nha-trang_2025_jul.csv
2025-07-10 13:02:26.269705+07:00,Nha Trang,58,/dl/web/weather/ic-w-04-scattered-clouds-full.svg,14.2 km/h,60%,aqi_nha-trang_2025_jul.csv
2025-07-10 14:03:09.587325+07:00,Nha Trang,58,/dl/web/weather/ic-w-04-scattered-clouds-full.svg,9.5 km/h,57%,aqi_nha-trang_2025_jul.csv
2025-07-10 15:02:03.828768+07:00,Nha Trang,58,/dl/web/weather/ic-w-04-scattered-clouds-full.svg,7.9 km/h,55%,aqi_nha-trang_2025_jul.csv
2025-07-10 16:03:03.990079+07:00,Nha Trang,58,/dl/web/weather/ic-w-04-scattered-clouds-full.svg,5.1 km/h,56%,aqi_nha-trang_2025_jul.csv
2025-07-10 17:02:12.455387+07:00,Nha Trang,59,/dl/web/weather/ic-w-04-scattered-clouds-full.svg,4.2 km/h,56%,aqi_nha-trang_2025_jul.csv
2025-07-10 18:01:57.261123+07:00,Nha Trang,59,/dl/web/weather/ic-w-04-scattered-clouds-full.svg,6.0 km/h,58%,aqi_nha-trang_2025_jul.csv
2025-07-10 19:02:47.266755+07:00,Nha Trang,59,/dl/web/weather/ic-w-04-scattered-clouds-full.svg,7.6 km/h,65%,aqi_nha-trang_2025_jul.csv
2025-07-10 21:02:52.809967+07:00,Nha Trang,60,/dl/web/weather/ic-w-04-scattered-clouds-full.svg,7.9 km/h,72%,aqi_nha-trang_2025_jul.csv
2025-07-11 00:03:45.553614+07:00,Nha Trang,60,/dl/web/weather/ic-w-04-scattered-clouds-full.svg,8.4 km/h,73%,aqi_nha-trang_2025_jul.csv
2025-07-11 01:02:22.399137+07:00,Nha Trang,60,/dl/web/weather/ic-w-04-scattered-clouds-full.svg,7.9 km/h,74%,aqi_nha-trang_2025_jul.csv
2025-07-11 02:02:00.144795+07:00,Nha Trang,58,/dl/web/weather/ic-w-04-scattered-clouds-full.svg,8.4 km/h,74%,aqi_nha-trang_2025_jul.csv
2025-07-11 03:02:08.885792+07:00,Nha Trang,58,/dl/web/weather/ic-w-04-scattered-clouds-full.svg,9.8 km/h,73%,aqi_nha-trang_2025_jul.csv
2025-07-11 04:02:06.930482+07:00,Nha Trang,58,/dl/web/weather/ic-w-04-scattered-clouds-full.svg,9.8 km/h,70%,aqi_nha-trang_2025_jul.csv
2025-07-11 05:01:57.005176+07:00,Nha Trang,58,/dl/web/weather/ic-w-04-scattered-clouds-full.svg,10.3 km/h,70%,aqi_nha-trang_2025_jul.csv
2025-07-11 06:01:58.365897+07:00,Nha Trang,58,/dl/web/weather/ic-w-04-scattered-clouds-full.svg,11.3 km/h,70%,aqi_nha-trang_2025_jul.csv
2025-07-11 07:05:31.791657+07:00,Nha Trang,58,/dl/web/weather/ic-w-04-scattered-clouds-full.svg,9.3 km/h,64%,aqi_nha-trang_2025_jul.csv
2025-07-11 08:29:51.184473+07:00,Nha Trang,58,/dl/web/weather/ic-w-04-scattered-clouds-full.svg,6.6 km/h,63%,aqi_nha-trang_2025_jul.csv
2025-07-11 09:37:11.886217+07:00,Nha Trang,58,/dl/web/weather/ic-w-04-scattered-clouds-full.svg,2.6 km/h,53%,aqi_nha-trang_2025_jul.csv
2025-07-11 10:29:32.359239+07:00,Nha Trang,58,/dl/web/weather/ic-w-04-scattered-clouds-full.svg,6.4 km/h,50%,aqi_nha-trang_2025_jul.csv
2025-07-11 11:13:23.739084+07:00,Nha Trang,59,/dl/web/weather/ic-w-04-scattered-clouds-full.svg,15.8 km/h,49%,aqi_nha-trang_2025_jul.csv
2025-07-11 12:04:24.800264+07:00,Nha Trang,59,/dl/web/weather/ic-w-04-scattered-clouds-full.svg,16.6 km/h,50%,aqi_nha-trang_2025_jul.csv
2025-07-11 13:02:16.531874+07:00,Nha Trang,59,/dl/web/weather/ic-w-04-scattered-clouds-full.svg,12.1 km/h,57%,aqi_nha-trang_2025_jul.csv
2025-07-11 14:02:59.767807+07:00,Nha Trang,59,/dl/web/weather/ic-w-04-scattered-clouds-full.svg,10.5 km/h,60%,aqi_nha-trang_2025_jul.csv
2025-07-11 15:02:11.985472+07:00,Nha Trang,59,/dl/web/weather/ic-w-04-scattered-clouds-full.svg,11.4 km/h,51%,aqi_nha-trang_2025_jul.csv
2025-07-11 16:02:46.509828+07:00,Nha Trang,59,/dl/web/weather/ic-w-04-scattered-clouds-full.svg,8.2 km/h,51%,aqi_nha-trang_2025_jul.csv
2025-07-11 17:02:06.128821+07:00,Nha Trang,60,/dl/web/weather/ic-w-04-scattered-clouds-full.svg,8.0 km/h,61%,aqi_nha-trang_2025_jul.csv
2025-07-11 18:01:58.852952+07:00,Nha Trang,60,/dl/web/weather/ic-w-04-scattered-clouds-full.svg,4.7 km/h,67%,aqi_nha-trang_2025_jul.csv
2025-07-11 19:02:38.876699+07:00,Nha Trang,60,/dl/web/weather/ic-w-04-scattered-clouds-full.svg,7.1 km/h,72%,aqi_nha-trang_2025_jul.csv
2025-07-11 20:11:41.035418+07:00,Nha Trang,61,/dl/web/weather/ic-w-04-scattered-clouds-full.svg,8.5 km/h,70%,aqi_nha-trang_2025_jul.csv
2025-07-11 21:02:01.275775+07:00,Nha Trang,61,/dl/web/weather/ic-w-04-scattered-clouds-full.svg,8.0 km/h,72%,aqi_nha-trang_2025_jul.csv
2025-07-11 23:02:10.147786+07:00,Nha Trang,61,/dl/web/weather/ic-w-04-scattered-clouds-full.svg,8.0 km/h,71%,aqi_nha-trang_2025_jul.csv
2025-07-12 00:03:13.570351+07:00,Nha Trang,61,/dl/web/weather/ic-w-04-scattered-clouds-full.svg,9.7 km/h,75%,aqi_nha-trang_2025_jul.csv
2025-07-12 01:02:12.195342+07:00,Nha Trang,61,/dl/web/weather/ic-w-04-scattered-clouds-full.svg,9.5 km/h,74%,aqi_nha-trang_2025_jul.csv
2025-07-12 02:01:47.209827+07:00,Nha Trang,59,/dl/web/weather/ic-w-04-scattered-clouds-full.svg,6.9 km/h,73%,aqi_nha-trang_2025_jul.csv
2025-07-12 03:02:17.486009+07:00,Nha Trang,59,/dl/web/weather/ic-w-04-scattered-clouds-full.svg,7.9 km/h,73%,aqi_nha-trang_2025_jul.csv
2025-07-12 04:02:00.550893+07:00,Nha Trang,59,/dl/web/weather/ic-w-04-scattered-clouds-full.svg,7.9 km/h,77%,aqi_nha-trang_2025_jul.csv
2025-07-12 05:02:09.500306+07:00,Nha Trang,58,/dl/web/weather/ic-w-04-scattered-clouds-full.svg,6.8 km/h,76%,aqi_nha-trang_2025_jul.csv
2025-07-12 06:02:03.111204+07:00,Nha Trang,58,/dl/web/weather/ic-w-04-scattered-clouds-full.svg,7.4 km/h,79%,aqi_nha-trang_2025_jul.csv
2025-07-12 07:05:09.056665+07:00,Nha Trang,58,/dl/web/weather/ic-w-04-scattered-clouds-full.svg,6.0 km/h,71%,aqi_nha-trang_2025_jul.csv
2025-07-12 08:29:55.044588+07:00,Nha Trang,58,/dl/web/weather/ic-w-04-scattered-clouds-full.svg,5.0 km/h,65%,aqi_nha-trang_2025_jul.csv
2025-07-12 09:36:42.843307+07:00,Nha Trang,58,/dl/web/weather/ic-w-04-scattered-clouds-full.svg,0.3 km/h,53%,aqi_nha-trang_2025_jul.csv
2025-07-12 10:28:48.775835+07:00,Nha Trang,58,/dl/web/weather/ic-w-04-scattered-clouds-full.svg,6.8 km/h,54%,aqi_nha-trang_2025_jul.csv
2025-07-12 11:09:28.564277+07:00,Nha Trang,58,/dl/web/weather/ic-w-04-scattered-clouds-full.svg,13.0 km/h,54%,aqi_nha-trang_2025_jul.csv
2025-07-12 12:02:53.058937+07:00,Nha Trang,58,/dl/web/weather/ic-w-04-scattered-clouds-full.svg,14.8 km/h,52%,aqi_nha-trang_2025_jul.csv
2025-07-12 13:02:20.307875+07:00,Nha Trang,58,/dl/web/weather/ic-w-04-scattered-clouds-full.svg,17.1 km/h,53%,aqi_nha-trang_2025_jul.csv
2025-07-12 14:02:28.883683+07:00,Nha Trang,59,/dl/web/weather/ic-w-04-scattered-clouds-full.svg,14.0 km/h,57%,aqi_nha-trang_2025_jul.csv
2025-07-12 15:02:05.699269+07:00,Nha Trang,59,/dl/web/weather/ic-w-04-scattered-clouds-full.svg,10.1 km/h,60%,aqi_nha-trang_2025_jul.csv
2025-07-12 16:01:54.492333+07:00,Nha Trang,59,/dl/web/weather/ic-w-04-scattered-clouds-full.svg,9.2 km/h,63%,aqi_nha-trang_2025_jul.csv
2025-07-12 17:01:53.087805+07:00,Nha Trang,59,/dl/web/weather/ic-w-04-scattered-clouds-full.svg,6.8 km/h,67%,aqi_nha-trang_2025_jul.csv
2025-07-12 18:02:13.217658+07:00,Nha Trang,59,/dl/web/weather/ic-w-04-scattered-clouds-full.svg,7.6 km/h,72%,aqi_nha-trang_2025_jul.csv
2025-07-12 19:02:11.104793+07:00,Nha Trang,59,/dl/web/weather/ic-w-04-scattered-clouds-full.svg,0.8 km/h,75%,aqi_nha-trang_2025_jul.csv
2025-07-12 20:09:26.602579+07:00,Nha Trang,60,/dl/web/weather/ic-w-04-scattered-clouds-full.svg,3.5 km/h,81%,aqi_nha-trang_2025_jul.csv
2025-07-12 21:02:00.312223+07:00,Nha Trang,60,/dl/web/weather/ic-w-04-scattered-clouds-full.svg,5.0 km/h,78%,aqi_nha-trang_2025_jul.csv
2025-07-12 22:02:00.917592+07:00,Nha Trang,60,/dl/web/weather/ic-w-04-scattered-clouds-full.svg,7.9 km/h,75%,aqi_nha-trang_2025_jul.csv
2025-07-12 23:02:05.391996+07:00,Nha Trang,62,/dl/web/weather/ic-w-04-scattered-clouds-full.svg,9.0 km/h,78%,aqi_nha-trang_2025_jul.csv
2025-07-13 00:01:55.709625+07:00,Nha Trang,62,/dl/web/weather/ic-w-04-scattered-clouds-full.svg,9.8 km/h,78%,aqi_nha-trang_2025_jul.csv
2025-07-13 01:02:04.010694+07:00,Nha Trang,62,/dl/web/weather/ic-w-04-scattered-clouds-full.svg,8.4 km/h,78%,aqi_nha-trang_2025_jul.csv
2025-07-13 02:01:51.394271+07:00,Nha Trang,62,/dl/web/weather/ic-w-04-scattered-clouds-full.svg,4.5 km/h,76%,aqi_nha-trang_2025_jul.csv
2025-07-13 03:02:18.592027+07:00,Nha Trang,62,/dl/web/weather/ic-w-04-scattered-clouds-full.svg,4.7 km/h,79%,aqi_nha-trang_2025_jul.csv
2025-07-13 04:01:55.325237+07:00,Nha Trang,62,/dl/web/weather/ic-w-04-scattered-clouds-full.svg,4.7 km/h,80%,aqi_nha-trang_2025_jul.csv
2025-07-13 05:02:03.514858+07:00,Nha Trang,62,/dl/web/weather/ic-w-04-scattered-clouds-full.svg,5.8 km/h,78%,aqi_nha-trang_2025_jul.csv
2025-07-13 06:02:13.797036+07:00,Nha Trang,62,/dl/web/weather/ic-w-04-scattered-clouds-full.svg,6.1 km/h,78%,aqi_nha-trang_2025_jul.csv
2025-07-13 07:05:57.278311+07:00,Nha Trang,62,/dl/web/weather/ic-w-04-scattered-clouds-full.svg,5.3 km/h,74%,aqi_nha-trang_2025_jul.csv
2025-07-13 08:30:18.821492+07:00,Nha Trang,62,/dl/web/weather/ic-w-02-new-clouds-full.svg,3.7 km/h,63%,aqi_nha-trang_2025_jul.csv
2025-07-13 09:43:32.386326+07:00,Nha Trang,62,/dl/web/weather/ic-w-02-new-clouds-full.svg,1.1 km/h,57%,aqi_nha-trang_2025_jul.csv
2025-07-13 10:30:22.337458+07:00,Nha Trang,62,/dl/web/weather/ic-w-02-new-clouds-full.svg,8.7 km/h,51%,aqi_nha-trang_2025_jul.csv
2025-07-13 11:14:23.146326+07:00,Nha Trang,59,/dl/web/weather/ic-w-02-new-clouds-full.svg,15.1 km/h,55%,aqi_nha-trang_2025_jul.csv
2025-07-13 12:04:00.946250+07:00,Nha Trang,59,/dl/web/weather/ic-w-02-new-clouds-full.svg,17.2 km/h,51%,aqi_nha-trang_2025_jul.csv
2025-07-13 13:02:18.808917+07:00,Nha Trang,59,/dl/web/weather/ic-w-04-scattered-clouds-full.svg,17.9 km/h,55%,aqi_nha-trang_2025_jul.csv
2025-07-13 14:03:09.699807+07:00,Nha Trang,60,/dl/web/weather/ic-w-04-scattered-clouds-full.svg,10.9 km/h,57%,aqi_nha-trang_2025_jul.csv
2025-07-13 15:02:07.641822+07:00,Nha Trang,60,/dl/web/weather/ic-w-04-scattered-clouds-full.svg,9.0 km/h,54%,aqi_nha-trang_2025_jul.csv
2025-07-13 16:02:12.793177+07:00,Nha Trang,60,/dl/web/weather/ic-w-04-scattered-clouds-full.svg,7.9 km/h,55%,aqi_nha-trang_2025_jul.csv
2025-07-13 17:02:03.090639+07:00,Nha Trang,60,/dl/web/weather/ic-w-04-scattered-clouds-full.svg,3.2 km/h,62%,aqi_nha-trang_2025_jul.csv
2025-07-13 18:01:50.860597+07:00,Nha Trang,60,/dl/web/weather/ic-w-04-scattered-clouds-full.svg,2.6 km/h,74%,aqi_nha-trang_2025_jul.csv
2025-07-13 19:02:15.914401+07:00,Nha Trang,60,/dl/web/weather/ic-w-04-scattered-clouds-full.svg,6.0 km/h,79%,aqi_nha-trang_2025_jul.csv
2025-07-13 20:09:41.786490+07:00,Nha Trang,61,/dl/web/weather/ic-w-04-scattered-clouds-full.svg,7.9 km/h,77%,aqi_nha-trang_2025_jul.csv
2025-07-13 21:01:56.632974+07:00,Nha Trang,61,/dl/web/weather/ic-w-04-scattered-clouds-full.svg,7.9 km/h,77%,aqi_nha-trang_2025_jul.csv
2025-07-13 22:01:43.269009+07:00,Nha Trang,61,/dl/web/weather/ic-w-04-scattered-clouds-full.svg,7.2 km/h,79%,aqi_nha-trang_2025_jul.csv
2025-07-13 23:01:59.312562+07:00,Nha Trang,61,/dl/web/weather/ic-w-04-scattered-clouds-full.svg,6.4 km/h,79%,aqi_nha-trang_2025_jul.csv
2025-07-14 00:01:53.568330+07:00,Nha Trang,61,/dl/web/weather/ic-w-04-scattered-clouds-full.svg,8.2 km/h,80%,aqi_nha-trang_2025_jul.csv
2025-07-14 01:02:12.675426+07:00,Nha Trang,61,/dl/web/weather/ic-w-04-scattered-clouds-full.svg,9.5 km/h,83%,aqi_nha-trang_2025_jul.csv
2025-07-14 02:01:51.333408+07:00,Nha Trang,62,/dl/web/weather/ic-w-10-night-clear-sky-full.svg,8.9 km/h,78%,aqi_nha-trang_2025_jul.csv
2025-07-14 03:02:04.578478+07:00,Nha Trang,62,/dl/web/weather/ic-w-11-night-few-clouds-full.svg,8.4 km/h,80%,aqi_nha-trang_2025_jul.csv
2025-07-14 04:02:08.982512+07:00,Nha Trang,62,/dl/web/weather/ic-w-04-scattered-clouds-full.svg,8.5 km/h,83%,aqi_nha-trang_2025_jul.csv
2025-07-14 05:02:12.658088+07:00,Nha Trang,62,/dl/web/weather/ic-w-04-scattered-clouds-full.svg,8.5 km/h,83%,aqi_nha-trang_2025_jul.csv
2025-07-14 06:01:55.910194+07:00,Nha Trang,62,/dl/web/weather/ic-w-04-scattered-clouds-full.svg,8.4 km/h,82%,aqi_nha-trang_2025_jul.csv
2025-07-14 07:05:54.803309+07:00,Nha Trang,62,/dl/web/weather/ic-w-04-scattered-clouds-full.svg,6.1 km/h,73%,aqi_nha-trang_2025_jul.csv
2025-07-14 08:30:19.860527+07:00,Nha Trang,61,/dl/web/weather/ic-w-04-scattered-clouds-full.svg,4.2 km/h,64%,aqi_nha-trang_2025_jul.csv
2025-07-14 09:40:17.396973+07:00,Nha Trang,61,/dl/web/weather/ic-w-04-scattered-clouds-full.svg,2.4 km/h,60%,aqi_nha-trang_2025_jul.csv
2025-07-14 10:30:26.403407+07:00,Nha Trang,61,/dl/web/weather/ic-w-04-scattered-clouds-full.svg,10.5 km/h,58%,aqi_nha-trang_2025_jul.csv
2025-07-14 11:16:11.754278+07:00,Nha Trang,58,/dl/web/weather/ic-w-04-scattered-clouds-full.svg,12.7 km/h,57%,aqi_nha-trang_2025_jul.csv
2025-07-14 12:06:11.012879+07:00,Nha Trang,58,/dl/web/weather/ic-w-04-scattered-clouds-full.svg,18.3 km/h,55%,aqi_nha-trang_2025_jul.csv
2025-07-14 13:02:31.924745+07:00,Nha Trang,58,/dl/web/weather/ic-w-04-scattered-clouds-full.svg,17.4 km/h,57%,aqi_nha-trang_2025_jul.csv
2025-07-14 14:04:08.305177+07:00,Nha Trang,61,/dl/web/weather/ic-w-04-scattered-clouds-full.svg,16.7 km/h,58%,aqi_nha-trang_2025_jul.csv
2025-07-14 15:02:24.624342+07:00,Nha Trang,61,/dl/web/weather/ic-w-04-scattered-clouds-full.svg,11.3 km/h,65%,aqi_nha-trang_2025_jul.csv
2025-07-14 16:05:01.061537+07:00,Nha Trang,61,/dl/web/weather/ic-w-04-scattered-clouds-full.svg,7.2 km/h,62%,aqi_nha-trang_2025_jul.csv
2025-07-14 17:02:00.782929+07:00,Nha Trang,61,/dl/web/weather/ic-w-04-scattered-clouds-full.svg,2.3 km/h,63%,aqi_nha-trang_2025_jul.csv
2025-07-14 18:02:04.594616+07:00,Nha Trang,61,/dl/web/weather/ic-w-04-scattered-clouds-full.svg,2.4 km/h,72%,aqi_nha-trang_2025_jul.csv
2025-07-14 19:02:52.359470+07:00,Nha Trang,61,/dl/web/weather/ic-w-04-scattered-clouds-full.svg,1.1 km/h,80%,aqi_nha-trang_2025_jul.csv
2025-07-14 20:13:13.193789+07:00,Nha Trang,58,/dl/web/weather/ic-w-04-scattered-clouds-full.svg,4.8 km/h,77%,aqi_nha-trang_2025_jul.csv
2025-07-14 21:02:58.717162+07:00,Nha Trang,58,/dl/web/weather/ic-w-04-scattered-clouds-full.svg,5.6 km/h,79%,aqi_nha-trang_2025_jul.csv
2025-07-14 22:02:09.152840+07:00,Nha Trang,58,/dl/web/weather/ic-w-04-scattered-clouds-full.svg,7.1 km/h,77%,aqi_nha-trang_2025_jul.csv
2025-07-14 23:02:01.313616+07:00,Nha Trang,57,/dl/web/weather/ic-w-04-scattered-clouds-full.svg,7.9 km/h,78%,aqi_nha-trang_2025_jul.csv
2025-07-15 00:03:11.220156+07:00,Nha Trang,57,/dl/web/weather/ic-w-04-scattered-clouds-full.svg,8.2 km/h,77%,aqi_nha-trang_2025_jul.csv
2025-07-15 01:02:21.607927+07:00,Nha Trang,57,/dl/web/weather/ic-w-04-scattered-clouds-full.svg,8.0 km/h,77%,aqi_nha-trang_2025_jul.csv
2025-07-15 02:03:25.555596+07:00,Nha Trang,58,/dl/web/weather/ic-w-04-scattered-clouds-full.svg,7.4 km/h,81%,aqi_nha-trang_2025_jul.csv
2025-07-15 03:02:32.626046+07:00,Nha Trang,58,/dl/web/weather/ic-w-04-scattered-clouds-full.svg,8.0 km/h,83%,aqi_nha-trang_2025_jul.csv
2025-07-15 04:02:00.169072+07:00,Nha Trang,58,/dl/web/weather/ic-w-04-scattered-clouds-full.svg,8.2 km/h,79%,aqi_nha-trang_2025_jul.csv
2025-07-15 05:02:03.762792+07:00,Nha Trang,60,/dl/web/weather/ic-w-04-scattered-clouds-full.svg,7.6 km/h,82%,aqi_nha-trang_2025_jul.csv
2025-07-15 06:01:57.781621+07:00,Nha Trang,60,/dl/web/weather/ic-w-04-scattered-clouds-full.svg,7.9 km/h,81%,aqi_nha-trang_2025_jul.csv
2025-07-15 07:05:49.675843+07:00,Nha Trang,60,/dl/web/weather/ic-w-02-new-clouds-full.svg,7.1 km/h,75%,aqi_nha-trang_2025_jul.csv
2025-07-15 08:30:14.413829+07:00,Nha Trang,61,/dl/web/weather/ic-w-01-clear-sky-full.svg,5.5 km/h,64%,aqi_nha-trang_2025_jul.csv
2025-07-15 09:39:24.879464+07:00,Nha Trang,61,/dl/web/weather/ic-w-01-clear-sky-full.svg,0.8 km/h,53%,aqi_nha-trang_2025_jul.csv
2025-07-15 10:29:54.518157+07:00,Nha Trang,61,/dl/web/weather/ic-w-01-clear-sky-full.svg,8.2 km/h,51%,aqi_nha-trang_2025_jul.csv
2025-07-15 11:14:25.041363+07:00,Nha Trang,61,/dl/web/weather/ic-w-01-clear-sky-full.svg,14.6 km/h,50%,aqi_nha-trang_2025_jul.csv
2025-07-15 12:05:19.212445+07:00,Nha Trang,61,/dl/web/weather/ic-w-02-new-clouds-full.svg,18.7 km/h,53%,aqi_nha-trang_2025_jul.csv
2025-07-15 13:02:13.496126+07:00,Nha Trang,61,/dl/web/weather/ic-w-02-new-clouds-full.svg,19.2 km/h,60%,aqi_nha-trang_2025_jul.csv
2025-07-15 14:03:44.554614+07:00,Nha Trang,61,/dl/web/weather/ic-w-06-rain-full.svg,15.3 km/h,64%,aqi_nha-trang_2025_jul.csv
2025-07-15 15:02:34.839583+07:00,Nha Trang,61,/dl/web/weather/ic-w-04-scattered-clouds-full.svg,8.2 km/h,70%,aqi_nha-trang_2025_jul.csv
2025-07-15 16:06:33.589676+07:00,Nha Trang,61,/dl/web/weather/ic-w-04-scattered-clouds-full.svg,4.2 km/h,73%,aqi_nha-trang_2025_jul.csv
2025-07-15 17:02:03.206761+07:00,Nha Trang,63,/dl/web/weather/ic-w-04-scattered-clouds-full.svg,2.1 km/h,65%,aqi_nha-trang_2025_jul.csv
2025-07-15 18:02:01.943496+07:00,Nha Trang,63,/dl/web/weather/ic-w-04-scattered-clouds-full.svg,5.1 km/h,70%,aqi_nha-trang_2025_jul.csv
2025-07-15 19:02:26.030419+07:00,Nha Trang,63,/dl/web/weather/ic-w-04-scattered-clouds-full.svg,5.1 km/h,74%,aqi_nha-trang_2025_jul.csv
2025-07-15 20:13:58.050091+07:00,Nha Trang,65,/dl/web/weather/ic-w-10-night-clear-sky-full.svg,3.5 km/h,79%,aqi_nha-trang_2025_jul.csv
2025-07-15 21:03:01.395765+07:00,Nha Trang,65,/dl/web/weather/ic-w-10-night-clear-sky-full.svg,5.1 km/h,76%,aqi_nha-trang_2025_jul.csv
2025-07-15 22:02:08.326671+07:00,Nha Trang,65,/dl/web/weather/ic-w-11-night-few-clouds-full.svg,7.4 km/h,80%,aqi_nha-trang_2025_jul.csv
2025-07-15 23:02:30.420624+07:00,Nha Trang,69,/dl/web/weather/ic-w-04-scattered-clouds-full.svg,8.7 km/h,78%,aqi_nha-trang_2025_jul.csv
2025-07-16 00:02:21.447175+07:00,Nha Trang,69,/dl/web/weather/ic-w-04-scattered-clouds-full.svg,8.2 km/h,81%,aqi_nha-trang_2025_jul.csv
2025-07-16 01:02:21.434628+07:00,Nha Trang,69,/dl/web/weather/ic-w-04-scattered-clouds-full.svg,7.6 km/h,82%,aqi_nha-trang_2025_jul.csv
2025-07-16 02:03:11.531853+07:00,Nha Trang,69,/dl/web/weather/ic-w-04-scattered-clouds-full.svg,8.7 km/h,79%,aqi_nha-trang_2025_jul.csv
2025-07-16 03:01:54.353112+07:00,Nha Trang,69,/dl/web/weather/ic-w-04-scattered-clouds-full.svg,8.6 km/h,79%,aqi_nha-trang_2025_jul.csv
2025-07-16 04:01:48.120510+07:00,Nha Trang,69,/dl/web/weather/ic-w-04-scattered-clouds-full.svg,7.2 km/h,79%,aqi_nha-trang_2025_jul.csv
2025-07-16 05:02:07.412178+07:00,Nha Trang,59,/dl/web/weather/ic-w-04-scattered-clouds-full.svg,8.5 km/h,78%,aqi_nha-trang_2025_jul.csv
2025-07-16 06:01:51.828135+07:00,Nha Trang,59,/dl/web/weather/ic-w-04-scattered-clouds-full.svg,7.4 km/h,72%,aqi_nha-trang_2025_jul.csv
2025-07-16 07:05:37.960351+07:00,Nha Trang,59,/dl/web/weather/ic-w-04-scattered-clouds-full.svg,6.3 km/h,66%,aqi_nha-trang_2025_jul.csv
2025-07-16 08:30:04.250907+07:00,Nha Trang,59,/dl/web/weather/ic-w-04-scattered-clouds-full.svg,4.0 km/h,59%,aqi_nha-trang_2025_jul.csv
2025-07-16 09:37:40.538170+07:00,Nha Trang,59,/dl/web/weather/ic-w-04-scattered-clouds-full.svg,2.7 km/h,54%,aqi_nha-trang_2025_jul.csv
2025-07-16 10:29:19.876408+07:00,Nha Trang,59,/dl/web/weather/ic-w-04-scattered-clouds-full.svg,6.9 km/h,51%,aqi_nha-trang_2025_jul.csv
2025-07-16 11:13:42.174644+07:00,Nha Trang,58,/dl/web/weather/ic-w-04-scattered-clouds-full.svg,13.4 km/h,48%,aqi_nha-trang_2025_jul.csv
2025-07-16 12:05:48.193224+07:00,Nha Trang,58,/dl/web/weather/ic-w-04-scattered-clouds-full.svg,17.7 km/h,48%,aqi_nha-trang_2025_jul.csv
2025-07-16 13:02:14.875629+07:00,Nha Trang,58,/dl/web/weather/ic-w-04-scattered-clouds-full.svg,18.2 km/h,54%,aqi_nha-trang_2025_jul.csv
2025-07-16 14:03:30.291314+07:00,Nha Trang,61,/dl/web/weather/ic-w-04-scattered-clouds-full.svg,11.3 km/h,62%,aqi_nha-trang_2025_jul.csv
2025-07-16 16:04:15.908806+07:00,Nha Trang,61,/dl/web/weather/ic-w-04-scattered-clouds-full.svg,8.0 km/h,55%,aqi_nha-trang_2025_jul.csv
2025-07-16 17:02:07.813597+07:00,Nha Trang,61,/dl/web/weather/ic-w-04-scattered-clouds-full.svg,6.9 km/h,60%,aqi_nha-trang_2025_jul.csv
2025-07-16 18:02:01.403038+07:00,Nha Trang,61,/dl/web/weather/ic-w-04-scattered-clouds-full.svg,2.9 km/h,67%,aqi_nha-trang_2025_jul.csv
2025-07-16 19:02:36.247094+07:00,Nha Trang,61,/dl/web/weather/ic-w-04-scattered-clouds-full.svg,2.4 km/h,71%,aqi_nha-trang_2025_jul.csv
2025-07-16 20:13:33.717097+07:00,Nha Trang,64,/dl/web/weather/ic-w-11-night-few-clouds-full.svg,6.1 km/h,72%,aqi_nha-trang_2025_jul.csv
2025-07-16 21:02:38.506661+07:00,Nha Trang,64,/dl/web/weather/ic-w-11-night-few-clouds-full.svg,6.6 km/h,79%,aqi_nha-trang_2025_jul.csv
2025-07-16 22:02:16.016233+07:00,Nha Trang,64,/dl/web/weather/ic-w-11-night-few-clouds-full.svg,7.9 km/h,69%,aqi_nha-trang_2025_jul.csv
2025-07-16 23:02:12.377333+07:00,Nha Trang,68,/dl/web/weather/ic-w-04-scattered-clouds-full.svg,9.3 km/h,73%,aqi_nha-trang_2025_jul.csv
2025-07-17 00:04:04.186103+07:00,Nha Trang,68,/dl/web/weather/ic-w-04-scattered-clouds-full.svg,9.8 km/h,73%,aqi_nha-trang_2025_jul.csv
2025-07-17 01:02:08.130340+07:00,Nha Trang,68,/dl/web/weather/ic-w-04-scattered-clouds-full.svg,10.6 km/h,72%,aqi_nha-trang_2025_jul.csv
2025-07-17 03:01:58.167419+07:00,Nha Trang,68,/dl/web/weather/ic-weather-scattered-clouds.svg,8.2 km/h,75%,aqi_nha-trang_2025_jul.csv
2025-07-17 05:02:06.312272+07:00,Nha Trang,64,/dl/web/weather/ic-weather-04n.svg,8.9 km/h,75%,aqi_nha-trang_2025_jul.csv
2025-07-17 06:02:00.856717+07:00,Nha Trang,64,/dl/web/weather/ic-weather-04d.svg,8.2 km/h,73%,aqi_nha-trang_2025_jul.csv
2025-07-17 07:05:41.391238+07:00,Nha Trang,64,/dl/web/weather/ic-weather-04d.svg,7.2 km/h,69%,aqi_nha-trang_2025_jul.csv
2025-07-17 08:30:02.874936+07:00,Nha Trang,64,/dl/web/weather/ic-weather-04d.svg,7.1 km/h,63%,aqi_nha-trang_2025_jul.csv
2025-07-17 09:37:40.962369+07:00,Nha Trang,64,/dl/web/weather/ic-weather-04d.svg,4.7 km/h,53%,aqi_nha-trang_2025_jul.csv
2025-07-17 10:29:19.814624+07:00,Nha Trang,64,/dl/web/weather/ic-weather-04d.svg,5.3 km/h,49%,aqi_nha-trang_2025_jul.csv
2025-07-17 11:13:35.364659+07:00,Nha Trang,65,/dl/web/weather/ic-weather-04d.svg,10.1 km/h,49%,aqi_nha-trang_2025_jul.csv
2025-07-17 12:05:13.066842+07:00,Nha Trang,65,/dl/web/weather/ic-weather-04d.svg,14.3 km/h,48%,aqi_nha-trang_2025_jul.csv
2025-07-17 13:02:20.234071+07:00,Nha Trang,65,/dl/web/weather/ic-weather-04d.svg,15.4 km/h,52%,aqi_nha-trang_2025_jul.csv
2025-07-17 14:03:56.386921+07:00,Nha Trang,66,/dl/web/weather/ic-weather-04d.svg,15.4 km/h,55%,aqi_nha-trang_2025_jul.csv
2025-07-17 15:02:24.908740+07:00,Nha Trang,66,/dl/web/weather/ic-weather-04d.svg,10.9 km/h,57%,aqi_nha-trang_2025_jul.csv
2025-07-17 16:04:07.254668+07:00,Nha Trang,66,/dl/web/weather/ic-weather-04d.svg,6.3 km/h,52%,aqi_nha-trang_2025_jul.csv
2025-07-17 17:02:08.155134+07:00,Nha Trang,65,/dl/web/weather/ic-weather-04d.svg,7.6 km/h,55%,aqi_nha-trang_2025_jul.csv
2025-07-17 18:02:09.052919+07:00,Nha Trang,65,/dl/web/weather/ic-weather-04d.svg,7.2 km/h,67%,aqi_nha-trang_2025_jul.csv
2025-07-17 19:02:40.096459+07:00,Nha Trang,65,/dl/web/weather/ic-weather-04n.svg,5.5 km/h,75%,aqi_nha-trang_2025_jul.csv
2025-07-17 20:13:22.263493+07:00,Nha Trang,64,/dl/web/weather/ic-weather-04n.svg,7.2 km/h,77%,aqi_nha-trang_2025_jul.csv
2025-07-17 21:02:22.279562+07:00,Nha Trang,64,/dl/web/weather/ic-weather-04n.svg,10.9 km/h,77%,aqi_nha-trang_2025_jul.csv
2025-07-17 22:02:20.138763+07:00,Nha Trang,64,/dl/web/weather/ic-weather-04n.svg,11.3 km/h,79%,aqi_nha-trang_2025_jul.csv
2025-07-17 23:02:40.894526+07:00,Nha Trang,61,/dl/web/weather/ic-weather-04n.svg,10.6 km/h,81%,aqi_nha-trang_2025_jul.csv
2025-07-18 00:03:12.388878+07:00,Nha Trang,61,/dl/web/weather/ic-weather-04n.svg,11.4 km/h,82%,aqi_nha-trang_2025_jul.csv
2025-07-18 01:02:14.512568+07:00,Nha Trang,61,/dl/web/weather/ic-weather-04n.svg,10.1 km/h,82%,aqi_nha-trang_2025_jul.csv
2025-07-18 02:03:08.465816+07:00,Nha Trang,60,/dl/web/weather/ic-weather-04n.svg,9.5 km/h,79%,aqi_nha-trang_2025_jul.csv
2025-07-18 04:02:06.684349+07:00,Nha Trang,60,/dl/web/weather/ic-weather-04n.svg,10.1 km/h,78%,aqi_nha-trang_2025_jul.csv
2025-07-18 05:02:13.691875+07:00,Nha Trang,67,/dl/web/weather/ic-weather-04n.svg,11.6 km/h,75%,aqi_nha-trang_2025_jul.csv
2025-07-18 06:02:12.300090+07:00,Nha Trang,67,/dl/web/weather/ic-weather-04d.svg,10.5 km/h,76%,aqi_nha-trang_2025_jul.csv
2025-07-18 07:05:43.610764+07:00,Nha Trang,67,/dl/web/weather/ic-weather-04d.svg,10.0 km/h,72%,aqi_nha-trang_2025_jul.csv
2025-07-18 08:30:22.259017+07:00,Nha Trang,60,/dl/web/weather/ic-weather-04d.svg,7.7 km/h,66%,aqi_nha-trang_2025_jul.csv
2025-07-18 09:39:01.230051+07:00,Nha Trang,60,/dl/web/weather/ic-weather-04d.svg,3.5 km/h,59%,aqi_nha-trang_2025_jul.csv
2025-07-18 10:29:44.006375+07:00,Nha Trang,60,/dl/web/weather/ic-weather-04d.svg,2.1 km/h,58%,aqi_nha-trang_2025_jul.csv
2025-07-18 11:14:43.639312+07:00,Nha Trang,66,/dl/web/weather/ic-weather-04d.svg,9.7 km/h,56%,aqi_nha-trang_2025_jul.csv
2025-07-18 12:06:17.059724+07:00,Nha Trang,66,/dl/web/weather/ic-weather-04d.svg,14.2 km/h,51%,aqi_nha-trang_2025_jul.csv
2025-07-18 13:02:10.464740+07:00,Nha Trang,66,/dl/web/weather/ic-weather-04d.svg,14.8 km/h,56%,aqi_nha-trang_2025_jul.csv
2025-07-18 14:04:40.950739+07:00,Nha Trang,68,/dl/web/weather/ic-weather-04d.svg,10.5 km/h,56%,aqi_nha-trang_2025_jul.csv
2025-07-18 15:02:23.776383+07:00,Nha Trang,68,/dl/web/weather/ic-weather-04d.svg,10.0 km/h,56%,aqi_nha-trang_2025_jul.csv
2025-07-18 16:04:00.199433+07:00,Nha Trang,68,/dl/web/weather/ic-weather-04d.svg,8.9 km/h,57%,aqi_nha-trang_2025_jul.csv
2025-07-18 17:01:59.880547+07:00,Nha Trang,67,/dl/web/weather/ic-weather-04d.svg,8.8 km/h,57%,aqi_nha-trang_2025_jul.csv
2025-07-18 18:02:10.452434+07:00,Nha Trang,67,/dl/web/weather/ic-weather-04d.svg,3.4 km/h,65%,aqi_nha-trang_2025_jul.csv
2025-07-18 19:02:52.677244+07:00,Nha Trang,67,/dl/web/weather/ic-weather-04n.svg,4.5 km/h,63%,aqi_nha-trang_2025_jul.csv
2025-07-18 20:13:38.245533+07:00,Nha Trang,68,/dl/web/weather/ic-weather-04n.svg,9.3 km/h,65%,aqi_nha-trang_2025_jul.csv
2025-07-18 21:02:44.477384+07:00,Nha Trang,68,/dl/web/weather/ic-weather-04n.svg,9.2 km/h,70%,aqi_nha-trang_2025_jul.csv
2025-07-18 22:02:17.208116+07:00,Nha Trang,68,/dl/web/weather/ic-weather-04n.svg,10.9 km/h,69%,aqi_nha-trang_2025_jul.csv
2025-07-18 23:03:10.275796+07:00,Nha Trang,68,/dl/web/weather/ic-weather-04n.svg,10.8 km/h,73%,aqi_nha-trang_2025_jul.csv
2025-07-19 00:04:18.130524+07:00,Nha Trang,68,/dl/web/weather/ic-weather-04n.svg,11.3 km/h,72%,aqi_nha-trang_2025_jul.csv
2025-07-19 01:02:09.498763+07:00,Nha Trang,68,/dl/web/weather/ic-weather-04n.svg,11.7 km/h,72%,aqi_nha-trang_2025_jul.csv
2025-07-19 03:02:10.393719+07:00,Nha Trang,67,/dl/web/weather/ic-weather-04n.svg,10.0 km/h,74%,aqi_nha-trang_2025_jul.csv
2025-07-19 04:01:57.200103+07:00,Nha Trang,67,/dl/web/weather/ic-weather-04n.svg,10.3 km/h,71%,aqi_nha-trang_2025_jul.csv
2025-07-19 05:01:53.390297+07:00,Nha Trang,65,/dl/web/weather/ic-weather-04n.svg,9.3 km/h,72%,aqi_nha-trang_2025_jul.csv
2025-07-19 06:01:53.493163+07:00,Nha Trang,65,/dl/web/weather/ic-weather-04d.svg,8.5 km/h,73%,aqi_nha-trang_2025_jul.csv
2025-07-19 07:05:45.147307+07:00,Nha Trang,65,/dl/web/weather/ic-weather-04d.svg,7.4 km/h,71%,aqi_nha-trang_2025_jul.csv
2025-07-19 08:29:43.004536+07:00,Nha Trang,65,/dl/web/weather/ic-weather-04d.svg,6.8 km/h,67%,aqi_nha-trang_2025_jul.csv
2025-07-19 09:34:15.119440+07:00,Nha Trang,65,/dl/web/weather/ic-weather-04d.svg,5.1 km/h,61%,aqi_nha-trang_2025_jul.csv
2025-07-19 10:27:42.340035+07:00,Nha Trang,65,/dl/web/weather/ic-weather-04d.svg,8.5 km/h,57%,aqi_nha-trang_2025_jul.csv
2025-07-19 11:08:46.300705+07:00,Nha Trang,63,/dl/web/weather/ic-weather-04d.svg,10.6 km/h,56%,aqi_nha-trang_2025_jul.csv
2025-07-19 12:04:03.456876+07:00,Nha Trang,63,/dl/web/weather/ic-weather-04d.svg,10.3 km/h,46%,aqi_nha-trang_2025_jul.csv
2025-07-19 13:02:06.929592+07:00,Nha Trang,63,/dl/web/weather/ic-weather-04d.svg,8.5 km/h,41%,aqi_nha-trang_2025_jul.csv
2025-07-19 14:02:06.319897+07:00,Nha Trang,61,/dl/web/weather/ic-weather-03d.svg,5.5 km/h,43%,aqi_nha-trang_2025_jul.csv
2025-07-19 15:02:04.241864+07:00,Nha Trang,61,/dl/web/weather/ic-weather-04d.svg,3.1 km/h,45%,aqi_nha-trang_2025_jul.csv
2025-07-19 16:01:52.704189+07:00,Nha Trang,61,/dl/web/weather/ic-weather-04d.svg,2.4 km/h,53%,aqi_nha-trang_2025_jul.csv
2025-07-19 17:01:55.911527+07:00,Nha Trang,60,/dl/web/weather/ic-weather-04d.svg,6.1 km/h,53%,aqi_nha-trang_2025_jul.csv
2025-07-19 18:01:55.453498+07:00,Nha Trang,60,/dl/web/weather/ic-weather-04d.svg,7.1 km/h,61%,aqi_nha-trang_2025_jul.csv
2025-07-19 19:02:22.946828+07:00,Nha Trang,60,/dl/web/weather/ic-weather-04n.svg,4.2 km/h,62%,aqi_nha-trang_2025_jul.csv
2025-07-19 20:10:30.394560+07:00,Nha Trang,59,/dl/web/weather/ic-weather-04n.svg,6.1 km/h,69%,aqi_nha-trang_2025_jul.csv
2025-07-19 21:01:49.703438+07:00,Nha Trang,59,/dl/web/weather/ic-weather-04n.svg,6.1 km/h,69%,aqi_nha-trang_2025_jul.csv
2025-07-19 22:02:02.873461+07:00,Nha Trang,59,/dl/web/weather/ic-weather-04n.svg,9.2 km/h,67%,aqi_nha-trang_2025_jul.csv
2025-07-19 23:02:07.885543+07:00,Nha Trang,58,/dl/web/weather/ic-weather-04n.svg,8.5 km/h,67%,aqi_nha-trang_2025_jul.csv
2025-07-20 00:01:56.789105+07:00,Nha Trang,58,/dl/web/weather/ic-weather-04n.svg,7.2 km/h,66%,aqi_nha-trang_2025_jul.csv
2025-07-20 01:02:11.532616+07:00,Nha Trang,58,/dl/web/weather/ic-weather-04n.svg,8.4 km/h,67%,aqi_nha-trang_2025_jul.csv
2025-07-20 02:01:54.478538+07:00,Nha Trang,58,/dl/web/weather/ic-weather-04n.svg,7.9 km/h,63%,aqi_nha-trang_2025_jul.csv
2025-07-20 03:02:05.997134+07:00,Nha Trang,58,/dl/web/weather/ic-weather-04n.svg,9.3 km/h,66%,aqi_nha-trang_2025_jul.csv
2025-07-20 04:02:07.000383+07:00,Nha Trang,58,/dl/web/weather/ic-weather-04n.svg,9.3 km/h,69%,aqi_nha-trang_2025_jul.csv
2025-07-20 05:02:09.073256+07:00,Nha Trang,62,/dl/web/weather/ic-weather-04n.svg,8.4 km/h,65%,aqi_nha-trang_2025_jul.csv
2025-07-20 06:02:10.844315+07:00,Nha Trang,62,/dl/web/weather/ic-weather-04d.svg,7.4 km/h,65%,aqi_nha-trang_2025_jul.csv
2025-07-20 07:06:00.628102+07:00,Nha Trang,62,/dl/web/weather/ic-weather-04d.svg,4.7 km/h,62%,aqi_nha-trang_2025_jul.csv
2025-07-20 08:30:24.296521+07:00,Nha Trang,63,/dl/web/weather/ic-weather-04d.svg,2.3 km/h,57%,aqi_nha-trang_2025_jul.csv
2025-07-20 09:44:38.333099+07:00,Nha Trang,63,/dl/web/weather/ic-weather-04d.svg,3.1 km/h,49%,aqi_nha-trang_2025_jul.csv
2025-07-20 10:31:41.262562+07:00,Nha Trang,63,/dl/web/weather/ic-weather-04d.svg,4.5 km/h,45%,aqi_nha-trang_2025_jul.csv
2025-07-20 11:16:47.893111+07:00,Nha Trang,60,/dl/web/weather/ic-weather-04d.svg,3.2 km/h,44%,aqi_nha-trang_2025_jul.csv
2025-07-20 12:06:06.173686+07:00,Nha Trang,60,/dl/web/weather/ic-weather-04d.svg,6.3 km/h,40%,aqi_nha-trang_2025_jul.csv
2025-07-20 13:02:23.072319+07:00,Nha Trang,60,/dl/web/weather/ic-weather-04d.svg,8.0 km/h,42%,aqi_nha-trang_2025_jul.csv
2025-07-20 14:01:59.849916+07:00,Nha Trang,57,/dl/web/weather/ic-weather-04d.svg,10.1 km/h,40%,aqi_nha-trang_2025_jul.csv
2025-07-20 15:02:19.278621+07:00,Nha Trang,57,/dl/web/weather/ic-weather-04d.svg,14.2 km/h,43%,aqi_nha-trang_2025_jul.csv
2025-07-20 16:02:02.163298+07:00,Nha Trang,57,/dl/web/weather/ic-weather-04d.svg,11.1 km/h,45%,aqi_nha-trang_2025_jul.csv
2025-07-20 17:02:08.970741+07:00,Nha Trang,55,/dl/web/weather/ic-weather-04d.svg,6.4 km/h,50%,aqi_nha-trang_2025_jul.csv
2025-07-20 18:01:48.727413+07:00,Nha Trang,55,/dl/web/weather/ic-weather-04d.svg,4.7 km/h,50%,aqi_nha-trang_2025_jul.csv
2025-07-20 19:02:14.417582+07:00,Nha Trang,55,/dl/web/weather/ic-weather-04n.svg,7.1 km/h,61%,aqi_nha-trang_2025_jul.csv
2025-07-20 20:11:02.402100+07:00,Nha Trang,57,/dl/web/weather/ic-weather-04n.svg,6.1 km/h,59%,aqi_nha-trang_2025_jul.csv
2025-07-20 21:01:51.586879+07:00,Nha Trang,57,/dl/web/weather/ic-weather-04n.svg,5.8 km/h,60%,aqi_nha-trang_2025_jul.csv
2025-07-20 22:01:57.491230+07:00,Nha Trang,57,/dl/web/weather/ic-weather-04n.svg,6.9 km/h,62%,aqi_nha-trang_2025_jul.csv
2025-07-20 23:02:02.386855+07:00,Nha Trang,58,/dl/web/weather/ic-weather-04n.svg,9.2 km/h,61%,aqi_nha-trang_2025_jul.csv
2025-07-21 00:01:56.479143+07:00,Nha Trang,58,/dl/web/weather/ic-weather-04n.svg,6.4 km/h,62%,aqi_nha-trang_2025_jul.csv
2025-07-21 01:02:08.117000+07:00,Nha Trang,58,/dl/web/weather/ic-weather-04n.svg,7.4 km/h,60%,aqi_nha-trang_2025_jul.csv
2025-07-21 02:01:50.656956+07:00,Nha Trang,57,/dl/web/weather/ic-weather-04n.svg,8.5 km/h,61%,aqi_nha-trang_2025_jul.csv
2025-07-21 03:02:05.413519+07:00,Nha Trang,57,/dl/web/weather/ic-weather-04n.svg,6.1 km/h,65%,aqi_nha-trang_2025_jul.csv
2025-07-21 04:01:51.872253+07:00,Nha Trang,57,/dl/web/weather/ic-weather-04n.svg,6.1 km/h,65%,aqi_nha-trang_2025_jul.csv
2025-07-21 05:02:06.905066+07:00,Nha Trang,57,/dl/web/weather/ic-weather-04n.svg,6.6 km/h,64%,aqi_nha-trang_2025_jul.csv
2025-07-21 06:02:14.395834+07:00,Nha Trang,57,/dl/web/weather/ic-weather-04d.svg,7.1 km/h,65%,aqi_nha-trang_2025_jul.csv
2025-07-21 07:06:01.434543+07:00,Nha Trang,57,/dl/web/weather/ic-weather-04d.svg,5.8 km/h,62%,aqi_nha-trang_2025_jul.csv
2025-07-21 08:30:13.722682+07:00,Nha Trang,57,/dl/web/weather/ic-weather-04d.svg,5.3 km/h,56%,aqi_nha-trang_2025_jul.csv
2025-07-21 09:43:11.591915+07:00,Nha Trang,57,/dl/web/weather/ic-weather-04d.svg,4.7 km/h,51%,aqi_nha-trang_2025_jul.csv
2025-07-21 10:31:11.677048+07:00,Nha Trang,57,/dl/web/weather/ic-weather-04d.svg,5.3 km/h,48%,aqi_nha-trang_2025_jul.csv
2025-07-21 11:16:51.341833+07:00,Nha Trang,56,/dl/web/weather/ic-weather-04d.svg,5.8 km/h,45%,aqi_nha-trang_2025_jul.csv
2025-07-21 12:07:21.803314+07:00,Nha Trang,56,/dl/web/weather/ic-weather-04d.svg,10.5 km/h,44%,aqi_nha-trang_2025_jul.csv
2025-07-21 13:02:43.174234+07:00,Nha Trang,56,/dl/web/weather/ic-weather-04d.svg,15.4 km/h,41%,aqi_nha-trang_2025_jul.csv
2025-07-21 14:07:25.522916+07:00,Nha Trang,56,/dl/web/weather/ic-weather-04d.svg,21.2 km/h,43%,aqi_nha-trang_2025_jul.csv
2025-07-21 15:02:36.100756+07:00,Nha Trang,56,/dl/web/weather/ic-weather-04d.svg,21.3 km/h,43%,aqi_nha-trang_2025_jul.csv
2025-07-21 16:04:59.914144+07:00,Nha Trang,56,/dl/web/weather/ic-weather-04d.svg,12.2 km/h,44%,aqi_nha-trang_2025_jul.csv
2025-07-21 17:02:37.887769+07:00,Nha Trang,56,/dl/web/weather/ic-weather-04d.svg,8.7 km/h,43%,aqi_nha-trang_2025_jul.csv
2025-07-21 18:02:06.207922+07:00,Nha Trang,56,/dl/web/weather/ic-weather-04d.svg,3.1 km/h,51%,aqi_nha-trang_2025_jul.csv
2025-07-21 20:14:05.193355+07:00,Nha Trang,57,/dl/web/weather/ic-weather-10n.svg,6.0 km/h,56%,aqi_nha-trang_2025_jul.csv
2025-07-21 21:03:05.473734+07:00,Nha Trang,57,/dl/web/weather/ic-weather-04n.svg,6.9 km/h,61%,aqi_nha-trang_2025_jul.csv
2025-07-21 22:02:07.088552+07:00,Nha Trang,57,/dl/web/weather/ic-weather-04n.svg,7.2 km/h,66%,aqi_nha-trang_2025_jul.csv
2025-07-21 23:02:19.605184+07:00,Nha Trang,56,/dl/web/weather/ic-weather-04n.svg,8.5 km/h,66%,aqi_nha-trang_2025_jul.csv
2025-07-22 00:03:44.314778+07:00,Nha Trang,56,/dl/web/weather/ic-weather-04n.svg,8.9 km/h,65%,aqi_nha-trang_2025_jul.csv
2025-07-22 01:02:12.354872+07:00,Nha Trang,56,/dl/web/weather/ic-weather-04n.svg,8.5 km/h,68%,aqi_nha-trang_2025_jul.csv
2025-07-22 02:03:08.437133+07:00,Nha Trang,56,/dl/web/weather/ic-weather-10n.svg,6.8 km/h,65%,aqi_nha-trang_2025_jul.csv
2025-07-22 03:02:14.978033+07:00,Nha Trang,56,/dl/web/weather/ic-weather-10n.svg,7.2 km/h,70%,aqi_nha-trang_2025_jul.csv
2025-07-22 05:01:53.025405+07:00,Nha Trang,55,/dl/web/weather/ic-weather-10n.svg,6.8 km/h,68%,aqi_nha-trang_2025_jul.csv
2025-07-22 06:02:00.359781+07:00,Nha Trang,55,/dl/web/weather/ic-weather-04d.svg,5.3 km/h,67%,aqi_nha-trang_2025_jul.csv
2025-07-22 07:05:53.183690+07:00,Nha Trang,55,/dl/web/weather/ic-weather-04d.svg,5.3 km/h,62%,aqi_nha-trang_2025_jul.csv
2025-07-22 08:30:01.247102+07:00,Nha Trang,55,/dl/web/weather/ic-weather-03d.svg,4.3 km/h,56%,aqi_nha-trang_2025_jul.csv
2025-07-22 09:38:47.155293+07:00,Nha Trang,55,/dl/web/weather/ic-weather-03d.svg,4.2 km/h,54%,aqi_nha-trang_2025_jul.csv
2025-07-22 10:29:34.762596+07:00,Nha Trang,55,/dl/web/weather/ic-weather-04d.svg,5.1 km/h,50%,aqi_nha-trang_2025_jul.csv
2025-07-22 11:14:26.491319+07:00,Nha Trang,55,/dl/web/weather/ic-weather-04d.svg,3.9 km/h,48%,aqi_nha-trang_2025_jul.csv
2025-07-22 12:05:21.786054+07:00,Nha Trang,55,/dl/web/weather/ic-weather-04d.svg,1.6 km/h,44%,aqi_nha-trang_2025_jul.csv
2025-07-22 13:02:31.383309+07:00,Nha Trang,55,/dl/web/weather/ic-weather-04d.svg,1.6 km/h,43%,aqi_nha-trang_2025_jul.csv
2025-07-22 14:03:52.809908+07:00,Nha Trang,56,/dl/web/weather/ic-weather-04d.svg,4.5 km/h,42%,aqi_nha-trang_2025_jul.csv
2025-07-22 15:02:14.949621+07:00,Nha Trang,56,/dl/web/weather/ic-weather-04d.svg,6.4 km/h,46%,aqi_nha-trang_2025_jul.csv
2025-07-22 16:04:16.754287+07:00,Nha Trang,56,/dl/web/weather/ic-weather-04d.svg,10.0 km/h,42%,aqi_nha-trang_2025_jul.csv
2025-07-22 17:02:14.859796+07:00,Nha Trang,56,/dl/web/weather/ic-weather-04d.svg,12.7 km/h,57%,aqi_nha-trang_2025_jul.csv
2025-07-22 18:01:55.398240+07:00,Nha Trang,56,/dl/web/weather/ic-weather-04d.svg,11.9 km/h,62%,aqi_nha-trang_2025_jul.csv
2025-07-22 20:14:18.844152+07:00,Nha Trang,58,/dl/web/weather/ic-weather-04n.svg,2.6 km/h,71%,aqi_nha-trang_2025_jul.csv
2025-07-22 21:03:04.827621+07:00,Nha Trang,58,/dl/web/weather/ic-weather-04n.svg,5.8 km/h,70%,aqi_nha-trang_2025_jul.csv
2025-07-22 22:02:09.153222+07:00,Nha Trang,58,/dl/web/weather/ic-weather-03n.svg,6.8 km/h,72%,aqi_nha-trang_2025_jul.csv
2025-07-22 23:02:22.214789+07:00,Nha Trang,59,/dl/web/weather/ic-weather-04n.svg,8.4 km/h,72%,aqi_nha-trang_2025_jul.csv
2025-07-23 00:03:59.087403+07:00,Nha Trang,59,/dl/web/weather/ic-weather-04n.svg,7.4 km/h,68%,aqi_nha-trang_2025_jul.csv
2025-07-23 01:02:25.731762+07:00,Nha Trang,59,/dl/web/weather/ic-weather-03n.svg,7.6 km/h,70%,aqi_nha-trang_2025_jul.csv
2025-07-23 02:03:23.879620+07:00,Nha Trang,59,/dl/web/weather/ic-weather-04n.svg,7.2 km/h,73%,aqi_nha-trang_2025_jul.csv
2025-07-23 03:02:04.984026+07:00,Nha Trang,59,/dl/web/weather/ic-weather-04n.svg,7.2 km/h,73%,aqi_nha-trang_2025_jul.csv
2025-07-23 04:02:15.698036+07:00,Nha Trang,59,/dl/web/weather/ic-weather-04n.svg,7.9 km/h,71%,aqi_nha-trang_2025_jul.csv
2025-07-23 05:02:08.891543+07:00,Nha Trang,59,/dl/web/weather/ic-weather-04n.svg,7.9 km/h,72%,aqi_nha-trang_2025_jul.csv
2025-07-23 06:02:03.163134+07:00,Nha Trang,59,/dl/web/weather/ic-weather-04d.svg,7.9 km/h,70%,aqi_nha-trang_2025_jul.csv
2025-07-23 07:05:49.040844+07:00,Nha Trang,59,/dl/web/weather/ic-weather-04d.svg,7.6 km/h,66%,aqi_nha-trang_2025_jul.csv
2025-07-23 08:30:13.105160+07:00,Nha Trang,58,/dl/web/weather/ic-weather-04d.svg,5.0 km/h,58%,aqi_nha-trang_2025_jul.csv
2025-07-23 09:39:37.237339+07:00,Nha Trang,58,/dl/web/weather/ic-weather-04d.svg,1.1 km/h,54%,aqi_nha-trang_2025_jul.csv
2025-07-23 10:30:05.446192+07:00,Nha Trang,58,/dl/web/weather/ic-weather-04d.svg,3.7 km/h,48%,aqi_nha-trang_2025_jul.csv
2025-07-23 11:15:08.655291+07:00,Nha Trang,56,/dl/web/weather/ic-weather-04d.svg,5.1 km/h,47%,aqi_nha-trang_2025_jul.csv
2025-07-23 12:07:32.988613+07:00,Nha Trang,56,/dl/web/weather/ic-weather-04d.svg,6.6 km/h,45%,aqi_nha-trang_2025_jul.csv
2025-07-23 13:02:32.249372+07:00,Nha Trang,56,/dl/web/weather/ic-weather-04d.svg,1.4 km/h,44%,aqi_nha-trang_2025_jul.csv
2025-07-23 14:04:08.128580+07:00,Nha Trang,56,/dl/web/weather/ic-weather-04d.svg,9.3 km/h,47%,aqi_nha-trang_2025_jul.csv
2025-07-23 15:02:11.630885+07:00,Nha Trang,56,/dl/web/weather/ic-weather-04d.svg,14.8 km/h,48%,aqi_nha-trang_2025_jul.csv
2025-07-23 16:04:59.105606+07:00,Nha Trang,56,/dl/web/weather/ic-weather-04d.svg,8.5 km/h,49%,aqi_nha-trang_2025_jul.csv
2025-07-23 17:02:04.529972+07:00,Nha Trang,56,/dl/web/weather/ic-weather-04d.svg,7.2 km/h,51%,aqi_nha-trang_2025_jul.csv
2025-07-23 18:02:06.940305+07:00,Nha Trang,56,/dl/web/weather/ic-weather-04d.svg,2.9 km/h,61%,aqi_nha-trang_2025_jul.csv
2025-07-23 19:02:41.611166+07:00,Nha Trang,56,/dl/web/weather/ic-weather-04n.svg,8.2 km/h,65%,aqi_nha-trang_2025_jul.csv
2025-07-23 20:14:03.011082+07:00,Nha Trang,58,/dl/web/weather/ic-weather-04n.svg,8.0 km/h,73%,aqi_nha-trang_2025_jul.csv
2025-07-23 22:02:45.876858+07:00,Nha Trang,58,/dl/web/weather/ic-weather-04n.svg,10.3 km/h,71%,aqi_nha-trang_2025_jul.csv
2025-07-23 23:02:27.713017+07:00,Nha Trang,59,/dl/web/weather/ic-weather-04n.svg,8.9 km/h,70%,aqi_nha-trang_2025_jul.csv
2025-07-24 00:04:19.282429+07:00,Nha Trang,59,/dl/web/weather/ic-weather-04n.svg,6.6 km/h,72%,aqi_nha-trang_2025_jul.csv
2025-07-24 01:02:28.602223+07:00,Nha Trang,59,/dl/web/weather/ic-weather-04n.svg,5.1 km/h,72%,aqi_nha-trang_2025_jul.csv
2025-07-24 02:03:24.698753+07:00,Nha Trang,58,/dl/web/weather/ic-weather-04n.svg,8.5 km/h,72%,aqi_nha-trang_2025_jul.csv
2025-07-24 03:02:22.855592+07:00,Nha Trang,58,/dl/web/weather/ic-weather-04n.svg,11.3 km/h,71%,aqi_nha-trang_2025_jul.csv
2025-07-24 04:02:07.718854+07:00,Nha Trang,58,/dl/web/weather/ic-weather-10n.svg,10.6 km/h,73%,aqi_nha-trang_2025_jul.csv
2025-07-24 05:02:24.334581+07:00,Nha Trang,56,/dl/web/weather/ic-weather-04n.svg,9.5 km/h,79%,aqi_nha-trang_2025_jul.csv
2025-07-24 06:02:01.532599+07:00,Nha Trang,56,/dl/web/weather/ic-weather-10d.svg,8.9 km/h,79%,aqi_nha-trang_2025_jul.csv
2025-07-24 07:05:55.265806+07:00,Nha Trang,56,/dl/web/weather/ic-weather-10d.svg,9.5 km/h,78%,aqi_nha-trang_2025_jul.csv
2025-07-24 08:29:54.960652+07:00,Nha Trang,55,/dl/web/weather/ic-weather-10d.svg,7.2 km/h,72%,aqi_nha-trang_2025_jul.csv
2025-07-24 09:38:34.716945+07:00,Nha Trang,55,/dl/web/weather/ic-weather-10d.svg,3.1 km/h,70%,aqi_nha-trang_2025_jul.csv
2025-07-24 10:29:43.240666+07:00,Nha Trang,55,/dl/web/weather/ic-weather-10d.svg,4.8 km/h,57%,aqi_nha-trang_2025_jul.csv
2025-07-24 11:14:37.688610+07:00,Nha Trang,55,/dl/web/weather/ic-weather-04d.svg,7.1 km/h,57%,aqi_nha-trang_2025_jul.csv
2025-07-24 12:05:44.711250+07:00,Nha Trang,55,/dl/web/weather/ic-weather-04d.svg,8.4 km/h,54%,aqi_nha-trang_2025_jul.csv
2025-07-24 13:02:14.871611+07:00,Nha Trang,55,/dl/web/weather/ic-weather-04d.svg,12.1 km/h,53%,aqi_nha-trang_2025_jul.csv
2025-07-24 14:04:01.846557+07:00,Nha Trang,58,/dl/web/weather/ic-weather-04d.svg,8.5 km/h,58%,aqi_nha-trang_2025_jul.csv
2025-07-24 15:02:12.066459+07:00,Nha Trang,58,/dl/web/weather/ic-weather-04d.svg,8.5 km/h,58%,aqi_nha-trang_2025_jul.csv
2025-07-24 16:04:15.532229+07:00,Nha Trang,58,/dl/web/weather/ic-weather-04d.svg,9.8 km/h,57%,aqi_nha-trang_2025_jul.csv
2025-07-24 17:02:07.870855+07:00,Nha Trang,59,/dl/web/weather/ic-weather-04d.svg,7.4 km/h,59%,aqi_nha-trang_2025_jul.csv
2025-07-24 18:02:08.912327+07:00,Nha Trang,59,/dl/web/weather/ic-weather-10d.svg,4.5 km/h,63%,aqi_nha-trang_2025_jul.csv
2025-07-24 19:02:46.278074+07:00,Nha Trang,59,/dl/web/weather/ic-weather-10n.svg,5.3 km/h,71%,aqi_nha-trang_2025_jul.csv
2025-07-24 20:14:28.610243+07:00,Nha Trang,61,/dl/web/weather/ic-weather-10n.svg,7.2 km/h,70%,aqi_nha-trang_2025_jul.csv
2025-07-24 21:02:57.831854+07:00,Nha Trang,61,/dl/web/weather/ic-weather-10n.svg,8.2 km/h,72%,aqi_nha-trang_2025_jul.csv
2025-07-24 22:02:11.209270+07:00,Nha Trang,61,/dl/web/weather/ic-weather-10n.svg,8.2 km/h,72%,aqi_nha-trang_2025_jul.csv
2025-07-24 23:02:13.614312+07:00,Nha Trang,61,/dl/web/weather/ic-weather-10n.svg,10.8 km/h,79%,aqi_nha-trang_2025_jul.csv
2025-07-25 00:03:49.938657+07:00,Nha Trang,61,/dl/web/weather/ic-weather-10n.svg,10.8 km/h,79%,aqi_nha-trang_2025_jul.csv
2025-07-25 01:02:09.388865+07:00,Nha Trang,61,/dl/web/weather/ic-weather-10n.svg,10.3 km/h,77%,aqi_nha-trang_2025_jul.csv
2025-07-25 02:03:07.379414+07:00,Nha Trang,61,/dl/web/weather/ic-weather-10n.svg,9.8 km/h,78%,aqi_nha-trang_2025_jul.csv
2025-07-25 03:02:10.223250+07:00,Nha Trang,61,/dl/web/weather/ic-weather-10n.svg,8.7 km/h,80%,aqi_nha-trang_2025_jul.csv
2025-07-25 04:02:08.638992+07:00,Nha Trang,61,/dl/web/weather/ic-weather-10n.svg,8.7 km/h,80%,aqi_nha-trang_2025_jul.csv
2025-07-25 05:02:01.542847+07:00,Nha Trang,61,/dl/web/weather/ic-weather-04n.svg,8.9 km/h,79%,aqi_nha-trang_2025_jul.csv
2025-07-25 06:01:58.187355+07:00,Nha Trang,61,/dl/web/weather/ic-weather-04d.svg,8.5 km/h,80%,aqi_nha-trang_2025_jul.csv
2025-07-25 07:05:36.934217+07:00,Nha Trang,61,/dl/web/weather/ic-weather-04d.svg,8.2 km/h,72%,aqi_nha-trang_2025_jul.csv
2025-07-25 08:30:01.063091+07:00,Nha Trang,60,/dl/web/weather/ic-weather-04d.svg,3.4 km/h,66%,aqi_nha-trang_2025_jul.csv
2025-07-25 09:38:29.576979+07:00,Nha Trang,60,/dl/web/weather/ic-weather-04d.svg,1.9 km/h,65%,aqi_nha-trang_2025_jul.csv
2025-07-25 10:29:43.529313+07:00,Nha Trang,60,/dl/web/weather/ic-weather-04d.svg,9.2 km/h,65%,aqi_nha-trang_2025_jul.csv
2025-07-25 11:14:37.357870+07:00,Nha Trang,61,/dl/web/weather/ic-weather-04d.svg,14.2 km/h,57%,aqi_nha-trang_2025_jul.csv
2025-07-25 12:07:01.458026+07:00,Nha Trang,61,/dl/web/weather/ic-weather-04d.svg,12.6 km/h,58%,aqi_nha-trang_2025_jul.csv
2025-07-25 13:02:21.930728+07:00,Nha Trang,61,/dl/web/weather/ic-weather-04d.svg,12.2 km/h,53%,aqi_nha-trang_2025_jul.csv
2025-07-25 14:04:14.913474+07:00,Nha Trang,62,/dl/web/weather/ic-weather-04d.svg,11.9 km/h,57%,aqi_nha-trang_2025_jul.csv
2025-07-25 15:02:03.767222+07:00,Nha Trang,62,/dl/web/weather/ic-weather-04d.svg,10.3 km/h,58%,aqi_nha-trang_2025_jul.csv
2025-07-25 16:03:55.951019+07:00,Nha Trang,62,/dl/web/weather/ic-weather-04d.svg,10.8 km/h,58%,aqi_nha-trang_2025_jul.csv
2025-07-25 17:02:04.267485+07:00,Nha Trang,61,/dl/web/weather/ic-weather-04d.svg,9.8 km/h,58%,aqi_nha-trang_2025_jul.csv
2025-07-25 18:02:03.956023+07:00,Nha Trang,61,/dl/web/weather/ic-weather-04d.svg,4.2 km/h,72%,aqi_nha-trang_2025_jul.csv
2025-07-25 19:02:45.986654+07:00,Nha Trang,61,/dl/web/weather/ic-weather-04n.svg,4.0 km/h,77%,aqi_nha-trang_2025_jul.csv
2025-07-25 20:13:24.496663+07:00,Nha Trang,62,/dl/web/weather/ic-weather-04n.svg,5.5 km/h,79%,aqi_nha-trang_2025_jul.csv
2025-07-25 21:02:46.011356+07:00,Nha Trang,62,/dl/web/weather/ic-weather-10n.svg,6.6 km/h,82%,aqi_nha-trang_2025_jul.csv
2025-07-25 22:01:59.013247+07:00,Nha Trang,62,/dl/web/weather/ic-weather-10n.svg,8.9 km/h,78%,aqi_nha-trang_2025_jul.csv
2025-07-25 23:02:09.454346+07:00,Nha Trang,63,/dl/web/weather/ic-weather-04n.svg,10.8 km/h,79%,aqi_nha-trang_2025_jul.csv
2025-07-26 00:03:19.984013+07:00,Nha Trang,63,/dl/web/weather/ic-weather-10n.svg,11.4 km/h,82%,aqi_nha-trang_2025_jul.csv
2025-07-26 01:02:21.739312+07:00,Nha Trang,63,/dl/web/weather/ic-weather-10n.svg,7.7 km/h,82%,aqi_nha-trang_2025_jul.csv
2025-07-26 02:02:53.030154+07:00,Nha Trang,61,/dl/web/weather/ic-weather-10n.svg,8.0 km/h,78%,aqi_nha-trang_2025_jul.csv
2025-07-26 03:02:00.660801+07:00,Nha Trang,61,/dl/web/weather/ic-weather-10n.svg,11.3 km/h,75%,aqi_nha-trang_2025_jul.csv
2025-07-26 04:02:11.886998+07:00,Nha Trang,61,/dl/web/weather/ic-weather-10n.svg,11.3 km/h,76%,aqi_nha-trang_2025_jul.csv
2025-07-26 05:02:03.444384+07:00,Nha Trang,60,/dl/web/weather/ic-weather-04n.svg,11.6 km/h,81%,aqi_nha-trang_2025_jul.csv
2025-07-26 06:02:11.881360+07:00,Nha Trang,60,/dl/web/weather/ic-weather-04d.svg,10.3 km/h,76%,aqi_nha-trang_2025_jul.csv
2025-07-26 07:05:40.339203+07:00,Nha Trang,60,/dl/web/weather/ic-weather-04d.svg,7.9 km/h,75%,aqi_nha-trang_2025_jul.csv
2025-07-26 08:29:54.560586+07:00,Nha Trang,60,/dl/web/weather/ic-weather-04d.svg,9.2 km/h,69%,aqi_nha-trang_2025_jul.csv
2025-07-26 09:35:29.016625+07:00,Nha Trang,60,/dl/web/weather/ic-weather-04d.svg,6.6 km/h,59%,aqi_nha-trang_2025_jul.csv
2025-07-26 10:29:09.780443+07:00,Nha Trang,60,/dl/web/weather/ic-weather-04d.svg,0.3 km/h,58%,aqi_nha-trang_2025_jul.csv
2025-07-26 11:12:46.823963+07:00,Nha Trang,58,/dl/web/weather/ic-weather-04d.svg,5.5 km/h,64%,aqi_nha-trang_2025_jul.csv
2025-07-26 12:04:32.341139+07:00,Nha Trang,58,/dl/web/weather/ic-weather-04d.svg,5.8 km/h,63%,aqi_nha-trang_2025_jul.csv
2025-07-26 13:02:14.370380+07:00,Nha Trang,58,/dl/web/weather/ic-weather-04d.svg,4.0 km/h,63%,aqi_nha-trang_2025_jul.csv
2025-07-26 14:02:39.224427+07:00,Nha Trang,59,/dl/web/weather/ic-weather-04d.svg,1.8 km/h,60%,aqi_nha-trang_2025_jul.csv
2025-07-26 15:02:05.426391+07:00,Nha Trang,59,/dl/web/weather/ic-weather-04d.svg,4.7 km/h,66%,aqi_nha-trang_2025_jul.csv
2025-07-26 16:02:01.009354+07:00,Nha Trang,59,/dl/web/weather/ic-weather-04d.svg,2.1 km/h,71%,aqi_nha-trang_2025_jul.csv
2025-07-26 17:02:08.765197+07:00,Nha Trang,60,/dl/web/weather/ic-weather-04d.svg,0.6 km/h,69%,aqi_nha-trang_2025_jul.csv
2025-07-26 18:02:01.327849+07:00,Nha Trang,60,/dl/web/weather/ic-weather-04d.svg,3.5 km/h,75%,aqi_nha-trang_2025_jul.csv
2025-07-26 19:02:15.545826+07:00,Nha Trang,60,/dl/web/weather/ic-weather-04n.svg,5.5 km/h,75%,aqi_nha-trang_2025_jul.csv
2025-07-26 20:10:50.733531+07:00,Nha Trang,61,/dl/web/weather/ic-weather-04n.svg,5.0 km/h,76%,aqi_nha-trang_2025_jul.csv
2025-07-26 21:01:49.336207+07:00,Nha Trang,61,/dl/web/weather/ic-weather-04n.svg,7.4 km/h,74%,aqi_nha-trang_2025_jul.csv
2025-07-26 22:01:53.452950+07:00,Nha Trang,61,/dl/web/weather/ic-weather-04n.svg,7.4 km/h,75%,aqi_nha-trang_2025_jul.csv
2025-07-26 23:02:02.132749+07:00,Nha Trang,61,/dl/web/weather/ic-weather-10n.svg,9.3 km/h,74%,aqi_nha-trang_2025_jul.csv
2025-07-27 00:01:48.110328+07:00,Nha Trang,61,/dl/web/weather/ic-weather-10n.svg,9.3 km/h,74%,aqi_nha-trang_2025_jul.csv
2025-07-27 01:02:08.423952+07:00,Nha Trang,61,/dl/web/weather/ic-weather-04n.svg,9.5 km/h,70%,aqi_nha-trang_2025_jul.csv
2025-07-27 02:02:07.814303+07:00,Nha Trang,61,/dl/web/weather/ic-weather-04n.svg,9.0 km/h,66%,aqi_nha-trang_2025_jul.csv
2025-07-27 03:02:00.368458+07:00,Nha Trang,61,/dl/web/weather/ic-weather-04n.svg,9.0 km/h,70%,aqi_nha-trang_2025_jul.csv
2025-07-27 04:01:50.575647+07:00,Nha Trang,61,/dl/web/weather/ic-weather-04n.svg,9.8 km/h,69%,aqi_nha-trang_2025_jul.csv
2025-07-27 05:02:05.306333+07:00,Nha Trang,60,/dl/web/weather/ic-weather-04n.svg,9.5 km/h,72%,aqi_nha-trang_2025_jul.csv
2025-07-27 06:02:05.649099+07:00,Nha Trang,60,/dl/web/weather/ic-weather-04d.svg,9.2 km/h,71%,aqi_nha-trang_2025_jul.csv
2025-07-27 07:05:54.786153+07:00,Nha Trang,60,/dl/web/weather/ic-weather-04d.svg,7.6 km/h,70%,aqi_nha-trang_2025_jul.csv
2025-07-27 08:30:29.163001+07:00,Nha Trang,60,/dl/web/weather/ic-weather-04d.svg,7.4 km/h,70%,aqi_nha-trang_2025_jul.csv
2025-07-27 09:45:29.981497+07:00,Nha Trang,60,/dl/web/weather/ic-weather-04d.svg,4.5 km/h,60%,aqi_nha-trang_2025_jul.csv
2025-07-27 10:32:04.211628+07:00,Nha Trang,60,/dl/web/weather/ic-weather-04d.svg,2.6 km/h,58%,aqi_nha-trang_2025_jul.csv
2025-07-27 11:17:39.168431+07:00,Nha Trang,59,/dl/web/weather/ic-weather-04d.svg,6.0 km/h,52%,aqi_nha-trang_2025_jul.csv
2025-07-27 12:06:47.453449+07:00,Nha Trang,59,/dl/web/weather/ic-weather-04d.svg,12.1 km/h,48%,aqi_nha-trang_2025_jul.csv
2025-07-27 13:02:14.556806+07:00,Nha Trang,59,/dl/web/weather/ic-weather-04d.svg,14.5 km/h,52%,aqi_nha-trang_2025_jul.csv
2025-07-27 14:02:38.257221+07:00,Nha Trang,58,/dl/web/weather/ic-weather-04d.svg,11.4 km/h,50%,aqi_nha-trang_2025_jul.csv
2025-07-27 15:01:58.786299+07:00,Nha Trang,58,/dl/web/weather/ic-weather-04d.svg,7.2 km/h,56%,aqi_nha-trang_2025_jul.csv
2025-07-27 16:02:25.210287+07:00,Nha Trang,58,/dl/web/weather/ic-weather-04d.svg,4.0 km/h,69%,aqi_nha-trang_2025_jul.csv
2025-07-27 17:01:56.621541+07:00,Nha Trang,57,/dl/web/weather/ic-weather-04d.svg,7.4 km/h,64%,aqi_nha-trang_2025_jul.csv
2025-07-27 18:02:01.227543+07:00,Nha Trang,57,/dl/web/weather/ic-weather-04d.svg,12.1 km/h,69%,aqi_nha-trang_2025_jul.csv
2025-07-27 19:02:19.339402+07:00,Nha Trang,57,/dl/web/weather/ic-weather-04n.svg,12.2 km/h,69%,aqi_nha-trang_2025_jul.csv
2025-07-27 20:11:11.347503+07:00,Nha Trang,59,/dl/web/weather/ic-weather-04n.svg,9.0 km/h,68%,aqi_nha-trang_2025_jul.csv
2025-07-27 21:01:57.685628+07:00,Nha Trang,59,/dl/web/weather/ic-weather-04n.svg,8.0 km/h,71%,aqi_nha-trang_2025_jul.csv
2025-07-27 22:01:49.374126+07:00,Nha Trang,59,/dl/web/weather/ic-weather-04n.svg,8.2 km/h,71%,aqi_nha-trang_2025_jul.csv
2025-07-27 23:01:56.853957+07:00,Nha Trang,58,/dl/web/weather/ic-weather-04n.svg,7.7 km/h,71%,aqi_nha-trang_2025_jul.csv
2025-07-28 00:02:07.188402+07:00,Nha Trang,58,/dl/web/weather/ic-weather-04n.svg,6.3 km/h,71%,aqi_nha-trang_2025_jul.csv
2025-07-28 01:02:12.498682+07:00,Nha Trang,58,/dl/web/weather/ic-weather-04n.svg,6.9 km/h,69%,aqi_nha-trang_2025_jul.csv
2025-07-28 02:02:32.050409+07:00,Nha Trang,57,/dl/web/weather/ic-weather-04n.svg,6.4 km/h,73%,aqi_nha-trang_2025_jul.csv
2025-07-28 03:01:55.181247+07:00,Nha Trang,57,/dl/web/weather/ic-weather-04n.svg,8.2 km/h,71%,aqi_nha-trang_2025_jul.csv
2025-07-28 04:02:02.975565+07:00,Nha Trang,57,/dl/web/weather/ic-weather-04n.svg,9.2 km/h,72%,aqi_nha-trang_2025_jul.csv
2025-07-28 05:02:03.320538+07:00,Nha Trang,56,/dl/web/weather/ic-weather-04n.svg,8.7 km/h,71%,aqi_nha-trang_2025_jul.csv
2025-07-28 06:02:00.323921+07:00,Nha Trang,56,/dl/web/weather/ic-weather-04d.svg,8.2 km/h,72%,aqi_nha-trang_2025_jul.csv
2025-07-28 07:05:56.644633+07:00,Nha Trang,56,/dl/web/weather/ic-weather-04d.svg,7.7 km/h,66%,aqi_nha-trang_2025_jul.csv
2025-07-28 08:30:21.172771+07:00,Nha Trang,57,/dl/web/weather/ic-weather-01d.svg,3.9 km/h,58%,aqi_nha-trang_2025_jul.csv
2025-07-28 09:43:30.397790+07:00,Nha Trang,57,/dl/web/weather/ic-weather-02d.svg,6.4 km/h,52%,aqi_nha-trang_2025_jul.csv
2025-07-28 10:31:36.323412+07:00,Nha Trang,57,/dl/web/weather/ic-weather-01d.svg,10.6 km/h,48%,aqi_nha-trang_2025_jul.csv
2025-07-28 11:17:54.040482+07:00,Nha Trang,56,/dl/web/weather/ic-weather-02d.svg,16.9 km/h,52%,aqi_nha-trang_2025_jul.csv
2025-07-28 12:08:19.813458+07:00,Nha Trang,56,/dl/web/weather/ic-weather-03d.svg,20.3 km/h,53%,aqi_nha-trang_2025_jul.csv
2025-07-28 13:03:11.388795+07:00,Nha Trang,56,/dl/web/weather/ic-weather-03d.svg,17.9 km/h,54%,aqi_nha-trang_2025_jul.csv
2025-07-28 14:05:21.115249+07:00,Nha Trang,55,/dl/web/weather/ic-weather-04d.svg,11.9 km/h,55%,aqi_nha-trang_2025_jul.csv
2025-07-28 15:02:18.428583+07:00,Nha Trang,55,/dl/web/weather/ic-weather-04d.svg,4.8 km/h,54%,aqi_nha-trang_2025_jul.csv
2025-07-28 16:04:59.116639+07:00,Nha Trang,55,/dl/web/weather/ic-weather-04d.svg,2.3 km/h,54%,aqi_nha-trang_2025_jul.csv
2025-07-28 17:02:05.468128+07:00,Nha Trang,55,/dl/web/weather/ic-weather-04d.svg,5.1 km/h,54%,aqi_nha-trang_2025_jul.csv
2025-07-28 18:01:59.975548+07:00,Nha Trang,55,/dl/web/weather/ic-weather-04d.svg,2.9 km/h,61%,aqi_nha-trang_2025_jul.csv
2025-07-28 19:02:42.801153+07:00,Nha Trang,55,/dl/web/weather/ic-weather-04d.svg,2.9 km/h,61%,aqi_nha-trang_2025_jul.csv
2025-07-28 20:14:27.570251+07:00,Nha Trang,55,/dl/web/weather/ic-weather-04n.svg,6.4 km/h,69%,aqi_nha-trang_2025_jul.csv
2025-07-28 21:03:36.535562+07:00,Nha Trang,55,/dl/web/weather/ic-weather-04n.svg,6.4 km/h,68%,aqi_nha-trang_2025_jul.csv
2025-07-28 22:02:29.508030+07:00,Nha Trang,55,/dl/web/weather/ic-weather-04n.svg,7.2 km/h,67%,aqi_nha-trang_2025_jul.csv
2025-07-28 23:02:32.150888+07:00,Nha Trang,57,/dl/web/weather/ic-weather-04n.svg,7.2 km/h,67%,aqi_nha-trang_2025_jul.csv
2025-07-29 00:04:49.841996+07:00,Nha Trang,57,/dl/web/weather/ic-weather-04n.svg,6.8 km/h,68%,aqi_nha-trang_2025_jul.csv
2025-07-29 01:02:14.621878+07:00,Nha Trang,57,/dl/web/weather/ic-weather-04n.svg,6.6 km/h,69%,aqi_nha-trang_2025_jul.csv
2025-07-29 02:03:47.955216+07:00,Nha Trang,56,/dl/web/weather/ic-weather-02n.svg,7.2 km/h,71%,aqi_nha-trang_2025_jul.csv
2025-07-29 03:02:10.494247+07:00,Nha Trang,56,/dl/web/weather/ic-weather-04n.svg,6.9 km/h,71%,aqi_nha-trang_2025_jul.csv
2025-07-29 04:02:16.671252+07:00,Nha Trang,56,/dl/web/weather/ic-weather-04n.svg,8.5 km/h,73%,aqi_nha-trang_2025_jul.csv
2025-07-29 05:02:04.329889+07:00,Nha Trang,56,/dl/web/weather/ic-weather-04n.svg,7.4 km/h,73%,aqi_nha-trang_2025_jul.csv
2025-07-29 06:02:07.006948+07:00,Nha Trang,56,/dl/web/weather/ic-weather-04d.svg,7.9 km/h,73%,aqi_nha-trang_2025_jul.csv
2025-07-29 07:06:07.397333+07:00,Nha Trang,56,/dl/web/weather/ic-weather-04d.svg,6.4 km/h,67%,aqi_nha-trang_2025_jul.csv
2025-07-29 08:30:48.933832+07:00,Nha Trang,57,/dl/web/weather/ic-weather-04d.svg,3.1 km/h,63%,aqi_nha-trang_2025_jul.csv
2025-07-29 09:46:03.895677+07:00,Nha Trang,57,/dl/web/weather/ic-weather-04d.svg,2.6 km/h,53%,aqi_nha-trang_2025_jul.csv
2025-07-29 10:33:26.788580+07:00,Nha Trang,57,/dl/web/weather/ic-weather-04d.svg,10.8 km/h,51%,aqi_nha-trang_2025_jul.csv
2025-07-29 11:18:54.521403+07:00,Nha Trang,56,/dl/web/weather/ic-weather-04d.svg,14.8 km/h,51%,aqi_nha-trang_2025_jul.csv
2025-07-29 12:08:50.150742+07:00,Nha Trang,56,/dl/web/weather/ic-weather-04d.svg,15.8 km/h,51%,aqi_nha-trang_2025_jul.csv
2025-07-29 13:03:01.819801+07:00,Nha Trang,56,/dl/web/weather/ic-weather-04d.svg,19.3 km/h,50%,aqi_nha-trang_2025_jul.csv
2025-07-29 14:04:40.633123+07:00,Nha Trang,55,/dl/web/weather/ic-weather-04d.svg,14.2 km/h,49%,aqi_nha-trang_2025_jul.csv
2025-07-29 15:02:11.430115+07:00,Nha Trang,55,/dl/web/weather/ic-weather-04d.svg,8.9 km/h,50%,aqi_nha-trang_2025_jul.csv
2025-07-29 16:04:55.688082+07:00,Nha Trang,55,/dl/web/weather/ic-weather-04d.svg,6.1 km/h,54%,aqi_nha-trang_2025_jul.csv
2025-07-29 17:02:06.672000+07:00,Nha Trang,56,/dl/web/weather/ic-weather-04d.svg,7.2 km/h,57%,aqi_nha-trang_2025_jul.csv
2025-07-29 18:02:13.143268+07:00,Nha Trang,56,/dl/web/weather/ic-weather-04d.svg,6.0 km/h,63%,aqi_nha-trang_2025_jul.csv
2025-07-29 19:02:49.121567+07:00,Nha Trang,56,/dl/web/weather/ic-weather-04n.svg,5.3 km/h,68%,aqi_nha-trang_2025_jul.csv
2025-07-29 20:14:53.327953+07:00,Nha Trang,57,/dl/web/weather/ic-weather-04n.svg,5.8 km/h,70%,aqi_nha-trang_2025_jul.csv
2025-07-29 21:04:33.335948+07:00,Nha Trang,57,/dl/web/weather/ic-weather-04n.svg,5.0 km/h,73%,aqi_nha-trang_2025_jul.csv
2025-07-29 22:03:30.724981+07:00,Nha Trang,57,/dl/web/weather/ic-weather-04n.svg,5.6 km/h,73%,aqi_nha-trang_2025_jul.csv
2025-07-29 23:02:27.184046+07:00,Nha Trang,57,/dl/web/weather/ic-weather-04n.svg,7.7 km/h,71%,aqi_nha-trang_2025_jul.csv
2025-07-30 00:04:17.048862+07:00,Nha Trang,57,/dl/web/weather/ic-weather-04n.svg,7.2 km/h,73%,aqi_nha-trang_2025_jul.csv
2025-07-30 01:02:28.483078+07:00,Nha Trang,57,/dl/web/weather/ic-weather-04n.svg,6.3 km/h,72%,aqi_nha-trang_2025_jul.csv
2025-07-30 02:04:13.137048+07:00,Nha Trang,58,/dl/web/weather/ic-weather-02n.svg,6.1 km/h,73%,aqi_nha-trang_2025_jul.csv
2025-07-30 03:02:02.851217+07:00,Nha Trang,58,/dl/web/weather/ic-weather-04n.svg,6.8 km/h,72%,aqi_nha-trang_2025_jul.csv
2025-07-30 04:02:09.046132+07:00,Nha Trang,58,/dl/web/weather/ic-weather-04n.svg,7.1 km/h,71%,aqi_nha-trang_2025_jul.csv
2025-07-30 05:02:03.764765+07:00,Nha Trang,57,/dl/web/weather/ic-weather-04n.svg,6.4 km/h,70%,aqi_nha-trang_2025_jul.csv
2025-07-30 06:01:56.894822+07:00,Nha Trang,57,/dl/web/weather/ic-weather-04d.svg,6.4 km/h,70%,aqi_nha-trang_2025_jul.csv
2025-07-30 07:06:10.637656+07:00,Nha Trang,57,/dl/web/weather/ic-weather-04d.svg,7.1 km/h,68%,aqi_nha-trang_2025_jul.csv
2025-07-30 08:30:14.518963+07:00,Nha Trang,57,/dl/web/weather/ic-weather-04d.svg,5.5 km/h,60%,aqi_nha-trang_2025_jul.csv
2025-07-30 09:41:09.138600+07:00,Nha Trang,57,/dl/web/weather/ic-weather-04d.svg,2.7 km/h,57%,aqi_nha-trang_2025_jul.csv
2025-07-30 10:30:56.175803+07:00,Nha Trang,57,/dl/web/weather/ic-weather-04d.svg,5.8 km/h,51%,aqi_nha-trang_2025_jul.csv
2025-07-30 11:16:38.403466+07:00,Nha Trang,56,/dl/web/weather/ic-weather-04d.svg,8.7 km/h,50%,aqi_nha-trang_2025_jul.csv
2025-07-30 12:07:56.280013+07:00,Nha Trang,56,/dl/web/weather/ic-weather-04d.svg,6.3 km/h,49%,aqi_nha-trang_2025_jul.csv
2025-07-30 13:03:02.802394+07:00,Nha Trang,56,/dl/web/weather/ic-weather-04d.svg,3.9 km/h,50%,aqi_nha-trang_2025_jul.csv
2025-07-30 14:05:29.857926+07:00,Nha Trang,55,/dl/web/weather/ic-weather-04d.svg,4.8 km/h,50%,aqi_nha-trang_2025_jul.csv
2025-07-30 15:02:26.465090+07:00,Nha Trang,55,/dl/web/weather/ic-weather-04d.svg,4.8 km/h,44%,aqi_nha-trang_2025_jul.csv
2025-07-30 16:05:23.185021+07:00,Nha Trang,55,/dl/web/weather/ic-weather-04d.svg,7.6 km/h,52%,aqi_nha-trang_2025_jul.csv
2025-07-30 17:02:06.885402+07:00,Nha Trang,55,/dl/web/weather/ic-weather-04d.svg,11.1 km/h,54%,aqi_nha-trang_2025_jul.csv
2025-07-30 18:02:11.761681+07:00,Nha Trang,55,/dl/web/weather/ic-weather-04d.svg,10.5 km/h,62%,aqi_nha-trang_2025_jul.csv
2025-07-30 19:02:47.556482+07:00,Nha Trang,55,/dl/web/weather/ic-weather-04n.svg,7.9 km/h,64%,aqi_nha-trang_2025_jul.csv
2025-07-30 20:14:43.344928+07:00,Nha Trang,59,/dl/web/weather/ic-weather-04n.svg,5.1 km/h,67%,aqi_nha-trang_2025_jul.csv
2025-07-30 21:04:12.760827+07:00,Nha Trang,59,/dl/web/weather/ic-weather-04n.svg,7.2 km/h,69%,aqi_nha-trang_2025_jul.csv
2025-07-30 22:02:06.074729+07:00,Nha Trang,59,/dl/web/weather/ic-weather-04n.svg,8.9 km/h,69%,aqi_nha-trang_2025_jul.csv
2025-07-30 23:02:18.307132+07:00,Nha Trang,59,/dl/web/weather/ic-weather-04n.svg,6.8 km/h,71%,aqi_nha-trang_2025_jul.csv
2025-07-31 00:03:51.690168+07:00,Nha Trang,59,/dl/web/weather/ic-weather-04n.svg,6.0 km/h,71%,aqi_nha-trang_2025_jul.csv
2025-07-31 01:02:17.004515+07:00,Nha Trang,59,/dl/web/weather/ic-weather-04n.svg,6.9 km/h,71%,aqi_nha-trang_2025_jul.csv
2025-07-31 02:03:56.749295+07:00,Nha Trang,59,/dl/web/weather/ic-weather-04n.svg,9.0 km/h,71%,aqi_nha-trang_2025_jul.csv
2025-07-31 03:02:04.370908+07:00,Nha Trang,59,/dl/web/weather/ic-weather-04n.svg,9 km/h,71%,aqi_nha-trang_2025_jul.csv
2025-07-31 04:02:13.293829+07:00,Nha Trang,59,/dl/web/weather/ic-weather-04n.svg,10.1 km/h,70%,aqi_nha-trang_2025_jul.csv
2025-07-31 05:02:02.977174+07:00,Nha Trang,57,/dl/web/weather/ic-weather-04n.svg,10.0 km/h,67%,aqi_nha-trang_2025_jul.csv
2025-07-31 06:02:19.213058+07:00,Nha Trang,57,/dl/web/weather/ic-weather-04d.svg,10.5 km/h,68%,aqi_nha-trang_2025_jul.csv
2025-07-31 07:05:41.837831+07:00,Nha Trang,57,/dl/web/weather/ic-weather-04d.svg,9.7 km/h,60%,aqi_nha-trang_2025_jul.csv
2025-07-31 08:30:02.223095+07:00,Nha Trang,57,/dl/web/weather/ic-weather-04d.svg,4.9 km/h,56%,aqi_nha-trang_2025_jul.csv
2025-07-31 09:40:38.681061+07:00,Nha Trang,57,/dl/web/weather/ic-weather-04d.svg,2.1 km/h,50%,aqi_nha-trang_2025_jul.csv
2025-07-31 10:30:42.731640+07:00,Nha Trang,57,/dl/web/weather/ic-weather-04d.svg,6.4 km/h,45%,aqi_nha-trang_2025_jul.csv
2025-07-31 11:16:25.053957+07:00,Nha Trang,56,/dl/web/weather/ic-weather-04d.svg,10.8 km/h,42%,aqi_nha-trang_2025_jul.csv
2025-07-31 12:07:04.901432+07:00,Nha Trang,56,/dl/web/weather/ic-weather-04d.svg,13.5 km/h,45%,aqi_nha-trang_2025_jul.csv
2025-07-31 13:02:28.647243+07:00,Nha Trang,56,/dl/web/weather/ic-weather-04d.svg,15.8 km/h,45%,aqi_nha-trang_2025_jul.csv
2025-07-31 14:04:38.453498+07:00,Nha Trang,55,/dl/web/weather/ic-weather-04d.svg,12.4 km/h,48%,aqi_nha-trang_2025_jul.csv
2025-07-31 15:02:34.244102+07:00,Nha Trang,55,/dl/web/weather/ic-weather-04d.svg,7.1 km/h,51%,aqi_nha-trang_2025_jul.csv
2025-07-31 16:04:29.511243+07:00,Nha Trang,55,/dl/web/weather/ic-weather-04d.svg,8.7 km/h,52%,aqi_nha-trang_2025_jul.csv
2025-07-31 17:02:08.405054+07:00,Nha Trang,55,/dl/web/weather/ic-weather-04d.svg,6.1 km/h,56%,aqi_nha-trang_2025_jul.csv
2025-07-31 18:02:14.592429+07:00,Nha Trang,55,/dl/web/weather/ic-weather-04d.svg,6.8 km/h,65%,aqi_nha-trang_2025_jul.csv
2025-07-31 19:02:46.085519+07:00,Nha Trang,55,/dl/web/weather/ic-weather-04n.svg,2.4 km/h,70%,aqi_nha-trang_2025_jul.csv
2025-07-31 20:14:02.509450+07:00,Nha Trang,58,/dl/web/weather/ic-weather-04n.svg,6.0 km/h,67%,aqi_nha-trang_2025_jul.csv
2025-07-31 21:03:43.468383+07:00,Nha Trang,58,/dl/web/weather/ic-weather-03n.svg,8.9 km/h,67%,aqi_nha-trang_2025_jul.csv
2025-07-31 22:02:35.512962+07:00,Nha Trang,58,/dl/web/weather/ic-weather-04n.svg,9.5 km/h,67%,aqi_nha-trang_2025_jul.csv
2025-07-31 23:02:43.212622+07:00,Nha Trang,59,/dl/web/weather/ic-weather-04n.svg,9.0 km/h,67%,aqi_nha-trang_2025_jul.csv
2025-08-01 00:04:33.455894+07:00,Nha Trang,59,/dl/web/weather/ic-weather-04n.svg,7.4 km/h,68%,aqi_nha-trang_2025_aug.csv
2025-08-01 01:02:14.859817+07:00,Nha Trang,59,/dl/web/weather/ic-weather-04n.svg,8.5 km/h,69%,aqi_nha-trang_2025_aug.csv
2025-08-01 02:03:41.421324+07:00,Nha Trang,58,/dl/web/weather/ic-weather-04n.svg,7.9 km/h,69%,aqi_nha-trang_2025_aug.csv
2025-08-01 03:02:04.668754+07:00,Nha Trang,58,/dl/web/weather/ic-weather-04n.svg,7.9 km/h,70%,aqi_nha-trang_2025_aug.csv
2025-08-01 04:02:05.407597+07:00,Nha Trang,58,/dl/web/weather/ic-weather-04n.svg,7.1 km/h,70%,aqi_nha-trang_2025_aug.csv
2025-08-01 05:02:04.437473+07:00,Nha Trang,58,/dl/web/weather/ic-weather-04n.svg,7.2 km/h,70%,aqi_nha-trang_2025_aug.csv
2025-08-01 06:02:01.293005+07:00,Nha Trang,58,/dl/web/weather/ic-weather-04d.svg,7.1 km/h,70%,aqi_nha-trang_2025_aug.csv
2025-08-01 07:06:21.689263+07:00,Nha Trang,58,/dl/web/weather/ic-weather-04d.svg,7.9 km/h,65%,aqi_nha-trang_2025_aug.csv
2025-08-01 08:30:44.780341+07:00,Nha Trang,58,/dl/web/weather/ic-weather-03d.svg,6.1 km/h,57%,aqi_nha-trang_2025_aug.csv
2025-08-01 09:47:51.345948+07:00,Nha Trang,58,/dl/web/weather/ic-weather-03d.svg,3.4 km/h,50%,aqi_nha-trang_2025_aug.csv
2025-08-01 10:36:24.957295+07:00,Nha Trang,58,/dl/web/weather/ic-weather-04d.svg,9.7 km/h,49%,aqi_nha-trang_2025_aug.csv
2025-08-01 11:23:31.408710+07:00,Nha Trang,58,/dl/web/weather/ic-weather-04d.svg,16.6 km/h,49%,aqi_nha-trang_2025_aug.csv
2025-08-01 12:10:27.207824+07:00,Nha Trang,58,/dl/web/weather/ic-weather-04d.svg,19.3 km/h,52%,aqi_nha-trang_2025_aug.csv
2025-08-01 13:03:29.475879+07:00,Nha Trang,58,/dl/web/weather/ic-weather-04d.svg,22.2 km/h,51%,aqi_nha-trang_2025_aug.csv
2025-08-13 15:02:42.143860+07:00,Nha Trang,65,/dl/web/weather/ic-weather-04d.svg,65.0 km/h,65%,aqi_nha-trang_2025_aug.csv
2025-08-13 15:13:48.370197+07:00,Nha Trang,65,/dl/web/weather/ic-weather-04d.svg,65.0 km/h,65%,aqi_nha-trang_2025_aug.csv
2025-08-13 16:12:53.863066+07:00,Nha Trang,65,/dl/web/weather/ic-weather-04d.svg,65.0 km/h,65%,aqi_nha-trang_2025_aug.csv
2025-08-13 17:10:48.565733+07:00,Nha Trang,67,/dl/web/weather/ic-weather-04d.svg,67.0 km/h,67%,aqi_nha-trang_2025_aug.csv
2025-08-13 18:09:06.476198+07:00,Nha Trang,67,/dl/web/weather/ic-weather-04d.svg,67.0 km/h,67%,aqi_nha-trang_2025_aug.csv
2025-08-13 19:18:33.376725+07:00,Nha Trang,67,/dl/web/weather/ic-weather-04n.svg,67.0 km/h,67%,aqi_nha-trang_2025_aug.csv
2025-08-13 20:29:24.722051+07:00,Nha Trang,64,/dl/web/weather/ic-weather-04n.svg,64.0 km/h,64%,aqi_nha-trang_2025_aug.csv
2025-08-13 21:11:24.012892+07:00,Nha Trang,64,/dl/web/weather/ic-weather-04n.svg,64.0 km/h,64%,aqi_nha-trang_2025_aug.csv
2025-08-13 22:08:57.161298+07:00,Nha Trang,64,/dl/web/weather/ic-weather-04n.svg,64.0 km/h,64%,aqi_nha-trang_2025_aug.csv
2025-08-13 23:08:50.332960+07:00,Nha Trang,66,/dl/web/weather/ic-weather-03n.svg,66.0 km/h,66%,aqi_nha-trang_2025_aug.csv
2025-08-14 00:07:46.264163+07:00,Nha Trang,66,/dl/web/weather/ic-weather-03n.svg,66.0 km/h,66%,aqi_nha-trang_2025_aug.csv
2025-08-14 01:14:23.373163+07:00,Nha Trang,66,/dl/web/weather/ic-weather-04n.svg,66.0 km/h,66%,aqi_nha-trang_2025_aug.csv
2025-08-14 02:08:19.842331+07:00,Nha Trang,63,/dl/web/weather/ic-weather-04n.svg,63.0 km/h,63%,aqi_nha-trang_2025_aug.csv
2025-08-14 03:10:35.763383+07:00,Nha Trang,63,/dl/web/weather/ic-weather-04n.svg,63.0 km/h,63%,aqi_nha-trang_2025_aug.csv
2025-08-14 04:08:37.801004+07:00,Nha Trang,63,/dl/web/weather/ic-weather-04n.svg,63.0 km/h,63%,aqi_nha-trang_2025_aug.csv
2025-08-14 05:10:05.352832+07:00,Nha Trang,62,/dl/web/weather/ic-weather-04n.svg,62.0 km/h,62%,aqi_nha-trang_2025_aug.csv
2025-08-14 06:09:19.853194+07:00,Nha Trang,62,/dl/web/weather/ic-weather-04d.svg,62.0 km/h,62%,aqi_nha-trang_2025_aug.csv
2025-08-14 07:46:07.687794+07:00,Nha Trang,61,/dl/web/weather/ic-weather-04d.svg,61.0 km/h,61%,aqi_nha-trang_2025_aug.csv
2025-08-14 09:43:48.249988+07:00,Nha Trang,61,/dl/web/weather/ic-weather-04d.svg,61.0 km/h,61%,aqi_nha-trang_2025_aug.csv
2025-08-14 10:45:16.130238+07:00,Nha Trang,62,/dl/web/weather/ic-weather-04d.svg,62.0 km/h,62%,aqi_nha-trang_2025_aug.csv
2025-08-14 11:20:39.199583+07:00,Nha Trang,62,/dl/web/weather/ic-weather-04d.svg,62.0 km/h,62%,aqi_nha-trang_2025_aug.csv
2025-08-14 12:11:55.848597+07:00,Nha Trang,62,/dl/web/weather/ic-weather-04d.svg,62.0 km/h,62%,aqi_nha-trang_2025_aug.csv
