timestamp,city,aqi,weather_icon,wind_speed,humidity
2025-11-01T00:23:48.739737+07:00,Hồ Chí Minh,116,/dl/web/weather/ic-weather-02n.svg,2.3 km/h,90%
2025-11-01T01:37:00.458061+07:00,Hồ Chí Minh,123,/dl/web/weather/ic-weather-01n.svg,2.3 km/h,91%
2025-11-01T02:19:14.036775+07:00,Hồ Chí Minh,150,/dl/web/weather/ic-weather-04n.svg,3.4 km/h,94%
2025-11-01T03:28:31.816626+07:00,Hồ Chí Minh,154,/dl/web/weather/ic-weather-03n.svg,2.3 km/h,95%
2025-11-01T04:20:40.914052+07:00,Hồ Chí Minh,156,/dl/web/weather/ic-weather-02n.svg,2.3 km/h,97%
2025-11-01T05:24:14.987473+07:00,Hồ Chí Minh,147,/dl/web/weather/ic-weather-03n.svg,4.0 km/h,98%
2025-11-01T06:23:23.265910+07:00,Hồ Chí Minh,140,/dl/web/weather/ic-weather-02d.svg,3.4 km/h,98%
2025-11-01T09:02:36.419237+07:00,Hồ Chí Minh,140,/dl/web/weather/ic-weather-50d.svg,4.6 km/h,94%
2025-11-01T10:45:08.352446+07:00,Hồ Chí Minh,95,/dl/web/weather/ic-weather-03d.svg,2.3 km/h,82%
2025-11-01T11:27:51.552990+07:00,Hồ Chí Minh,84,/dl/web/weather/ic-weather-03d.svg,8.1 km/h,70%
2025-11-01T12:24:05.465750+07:00,Hồ Chí Minh,70,/dl/web/weather/ic-weather-04d.svg,4.6 km/h,94%
2025-11-01T13:34:25.883555+07:00,Hồ Chí Minh,79,/dl/web/weather/ic-weather-10d.svg,5.7 km/h,94%
2025-11-01T14:21:36.796866+07:00,Hồ Chí Minh,75,/dl/web/weather/ic-weather-10d.svg,5.7 km/h,89%
2025-11-01T15:30:19.871105+07:00,Hồ Chí Minh,81,/dl/web/weather/ic-weather-10d.svg,5.7 km/h,91%
2025-11-01T16:23:50.219612+07:00,Hồ Chí Minh,87,/dl/web/weather/ic-weather-04d.svg,4.6 km/h,93%
2025-11-01T17:24:46.779778+07:00,Hồ Chí Minh,85,/dl/web/weather/ic-weather-03d.svg,5.7 km/h,93%
2025-11-01T18:18:54.602437+07:00,Hồ Chí Minh,71,/dl/web/weather/ic-weather-04n.svg,10.4 km/h,99%
2025-11-01T19:47:20.100786+07:00,Hồ Chí Minh,44,/dl/web/weather/ic-weather-04n.svg,2.3 km/h,99%
2025-11-01T20:28:07.556716+07:00,Hồ Chí Minh,52,/dl/web/weather/ic-weather-10n.svg,3.4 km/h,99%
2025-11-01T21:20:57.620733+07:00,Hồ Chí Minh,58,/dl/web/weather/ic-weather-04n.svg,2.3 km/h,99%
2025-11-01T22:21:57.128190+07:00,Hồ Chí Minh,60,/dl/web/weather/ic-weather-04n.svg,6.0 km/h,99%
2025-11-01T23:27:26.321860+07:00,Hồ Chí Minh,74,/dl/web/weather/ic-weather-04n.svg,5.7 km/h,99%
2025-11-02T00:19:17.515749+07:00,Hồ Chí Minh,84,/dl/web/weather/ic-weather-50n.svg,1.0 km/h,99%
2025-11-02T01:32:02.267848+07:00,Hồ Chí Minh,99,/dl/web/weather/ic-weather-50n.svg,2.3 km/h,99%
2025-11-02T02:17:38.445570+07:00,Hồ Chí Minh,105,/dl/web/weather/ic-weather-50n.svg,1.1 km/h,99%
2025-11-02T03:24:16.862494+07:00,Hồ Chí Minh,103,/dl/web/weather/ic-weather-50n.svg,1.1 km/h,99%
2025-11-02T04:20:00.251879+07:00,Hồ Chí Minh,106,/dl/web/weather/ic-weather-03n.svg,3.4 km/h,98%
2025-11-02T05:21:54.602949+07:00,Hồ Chí Minh,119,/dl/web/weather/ic-weather-50n.svg,2.3 km/h,99%
2025-11-02T06:22:19.407266+07:00,Hồ Chí Minh,124,/dl/web/weather/ic-weather-50d.svg,1.0 km/h,99%
2025-11-02T09:05:19.412151+07:00,Hồ Chí Minh,152,/dl/web/weather/ic-weather-50d.svg,4.6 km/h,94%
2025-11-02T10:49:10.457246+07:00,Hồ Chí Minh,96,/dl/web/weather/ic-weather-02d.svg,4.6 km/h,84%
2025-11-02T11:29:25.434131+07:00,Hồ Chí Minh,93,/dl/web/weather/ic-weather-03d.svg,5.7 km/h,81%
2025-11-02T12:24:29.567959+07:00,Hồ Chí Minh,81,/dl/web/weather/ic-weather-03d.svg,9.0 km/h,79%
2025-11-02T13:35:50.792227+07:00,Hồ Chí Minh,69,/dl/web/weather/ic-weather-03d.svg,8.1 km/h,79%
2025-11-02T14:22:37.852670+07:00,Hồ Chí Minh,64,/dl/web/weather/ic-weather-03d.svg,4.6 km/h,73%
2025-11-02T15:28:41.448615+07:00,Hồ Chí Minh,39,/dl/web/weather/ic-weather-02d.svg,5.7 km/h,73%
2025-11-02T16:22:30.198915+07:00,Hồ Chí Minh,39,/dl/web/weather/ic-weather-02d.svg,9.2 km/h,66%
2025-11-02T17:24:11.946800+07:00,Hồ Chí Minh,50,/dl/web/weather/ic-weather-02d.svg,9.2 km/h,70%
2025-11-02T18:18:49.706604+07:00,Hồ Chí Minh,53,/dl/web/weather/ic-weather-03n.svg,15.0 km/h,90%
2025-11-02T19:46:28.042165+07:00,Hồ Chí Minh,60,/dl/web/weather/ic-weather-03n.svg,10.4 km/h,91%
2025-11-02T20:27:42.907533+07:00,Hồ Chí Minh,62,/dl/web/weather/ic-weather-02n.svg,11.5 km/h,91%
2025-11-02T21:21:24.759544+07:00,Hồ Chí Minh,56,/dl/web/weather/ic-weather-03n.svg,9.2 km/h,94%
2025-11-02T22:22:53.072582+07:00,Hồ Chí Minh,55,/dl/web/weather/ic-weather-10n.svg,5.7 km/h,94%
2025-11-02T23:28:04.349462+07:00,Hồ Chí Minh,50,/dl/web/weather/ic-weather-03n.svg,6.0 km/h,95%
2025-11-03T00:20:23.301493+07:00,Hồ Chí Minh,44,/dl/web/weather/ic-weather-03n.svg,6.9 km/h,96%
2025-11-03T01:31:41.558262+07:00,Hồ Chí Minh,44,/dl/web/weather/ic-weather-02n.svg,5.7 km/h,96%
2025-11-03T02:17:40.706875+07:00,Hồ Chí Minh,49,/dl/web/weather/ic-weather-03n.svg,3.4 km/h,95%
2025-11-03T03:25:16.354558+07:00,Hồ Chí Minh,44,/dl/web/weather/ic-weather-02n.svg,3.4 km/h,97%
2025-11-03T04:20:50.057086+07:00,Hồ Chí Minh,52,/dl/web/weather/ic-weather-10n.svg,2.3 km/h,97%
2025-11-03T05:22:30.986172+07:00,Hồ Chí Minh,59,/dl/web/weather/ic-weather-03n.svg,3.4 km/h,96%
2025-11-03T06:22:12.864958+07:00,Hồ Chí Minh,68,/dl/web/weather/ic-weather-04d.svg,2.3 km/h,97%
2025-11-03T09:04:39.974658+07:00,Hồ Chí Minh,77,/dl/web/weather/ic-weather-04d.svg,1.1 km/h,95%
2025-11-03T10:53:08.108419+07:00,Hồ Chí Minh,65,/dl/web/weather/ic-weather-04d.svg,8.1 km/h,94%
2025-11-03T11:34:23.331381+07:00,Hồ Chí Minh,50,/dl/web/weather/ic-weather-04d.svg,5.7 km/h,100%
2025-11-03T12:27:08.217770+07:00,Hồ Chí Minh,47,/dl/web/weather/ic-weather-04d.svg,1.1 km/h,94%
2025-11-03T13:39:52.752012+07:00,Hồ Chí Minh,56,/dl/web/weather/ic-weather-03d.svg,4.6 km/h,87%
2025-11-03T14:25:58.188651+07:00,Hồ Chí Minh,58,/dl/web/weather/ic-weather-03d.svg,4.6 km/h,85%
2025-11-03T15:36:03.384374+07:00,Hồ Chí Minh,58,/dl/web/weather/ic-weather-02d.svg,5.7 km/h,83%
2025-11-03T16:31:21.466490+07:00,Hồ Chí Minh,56,/dl/web/weather/ic-weather-10d.svg,8.1 km/h,86%
2025-11-03T17:30:29.672988+07:00,Hồ Chí Minh,50,/dl/web/weather/ic-weather-02d.svg,6.9 km/h,89%
2025-11-03T18:21:38.241662+07:00,Hồ Chí Minh,56,/dl/web/weather/ic-weather-02n.svg,5.7 km/h,94%
2025-11-03T19:54:38.805147+07:00,Hồ Chí Minh,62,/dl/web/weather/ic-weather-02n.svg,5.7 km/h,94%
2025-11-03T20:36:13.217265+07:00,Hồ Chí Minh,60,/dl/web/weather/ic-weather-01n.svg,4.0 km/h,95%
2025-11-03T21:27:12.231993+07:00,Hồ Chí Minh,66,/dl/web/weather/ic-weather-01n.svg,3.4 km/h,95%
2025-11-03T22:28:07.875488+07:00,Hồ Chí Minh,69,/dl/web/weather/ic-weather-01n.svg,3.4 km/h,96%
2025-11-03T23:30:31.872533+07:00,Hồ Chí Minh,84,/dl/web/weather/ic-weather-01n.svg,2.3 km/h,97%
2025-11-04T00:23:46.580695+07:00,Hồ Chí Minh,95,/dl/web/weather/ic-weather-01n.svg,2.3 km/h,97%
2025-11-04T01:34:54.958890+07:00,Hồ Chí Minh,88,/dl/web/weather/ic-weather-02n.svg,2.3 km/h,98%
2025-11-04T02:20:13.496549+07:00,Hồ Chí Minh,108,/dl/web/weather/ic-weather-04n.svg,2.3 km/h,99%
2025-11-04T03:29:04.445359+07:00,Hồ Chí Minh,117,/dl/web/weather/ic-weather-50n.svg,0.0 km/h,99%
2025-11-04T04:23:12.326980+07:00,Hồ Chí Minh,136,/dl/web/weather/ic-weather-50n.svg,1.0 km/h,99%
2025-11-04T05:25:31.840327+07:00,Hồ Chí Minh,148,/dl/web/weather/ic-weather-50n.svg,2.3 km/h,99%
2025-11-04T06:24:00.186944+07:00,Hồ Chí Minh,153,/dl/web/weather/ic-weather-50d.svg,4.6 km/h,99%
2025-11-04T08:59:35.391471+07:00,Hồ Chí Minh,132,/dl/web/weather/ic-weather-50d.svg,4.0 km/h,90%
2025-11-04T10:16:29.885152+07:00,Hồ Chí Minh,82,/dl/web/weather/ic-weather-02d.svg,5.0 km/h,79%
2025-11-04T11:29:58.897528+07:00,Hồ Chí Minh,66,/dl/web/weather/ic-weather-03d.svg,7.0 km/h,77%
2025-11-04T12:26:11.293153+07:00,Hồ Chí Minh,58,/dl/web/weather/ic-weather-04d.svg,6.9 km/h,75%
2025-11-04T13:39:05.912681+07:00,Hồ Chí Minh,62,/dl/web/weather/ic-weather-04d.svg,5.7 km/h,86%
2025-11-04T14:25:34.087683+07:00,Hồ Chí Minh,60,/dl/web/weather/ic-weather-04d.svg,4.6 km/h,79%
2025-11-04T15:35:38.512132+07:00,Hồ Chí Minh,55,/dl/web/weather/ic-weather-03d.svg,5.7 km/h,75%
2025-11-04T16:29:25.375982+07:00,Hồ Chí Minh,56,/dl/web/weather/ic-weather-03d.svg,10.4 km/h,79%
2025-11-04T17:30:48.386417+07:00,Hồ Chí Minh,60,/dl/web/weather/ic-weather-10d.svg,5.7 km/h,84%
2025-11-04T18:23:15.020631+07:00,Hồ Chí Minh,62,/dl/web/weather/ic-weather-10n.svg,4.6 km/h,84%
2025-11-04T19:57:05.505509+07:00,Hồ Chí Minh,70,/dl/web/weather/ic-weather-10n.svg,2.3 km/h,84%
2025-11-04T20:39:01.879936+07:00,Hồ Chí Minh,82,/dl/web/weather/ic-weather-04n.svg,4.6 km/h,84%
2025-11-04T21:27:40.278455+07:00,Hồ Chí Minh,74,/dl/web/weather/ic-weather-04n.svg,0.0 km/h,84%
2025-11-04T22:29:11.558047+07:00,Hồ Chí Minh,58,/dl/web/weather/ic-weather-04n.svg,8.1 km/h,99%
2025-11-04T23:32:05.924009+07:00,Hồ Chí Minh,33,/dl/web/weather/ic-weather-04n.svg,5.7 km/h,98%
2025-11-05T00:21:46.736230+07:00,Hồ Chí Minh,28,/dl/web/weather/ic-weather-11n.svg,2.3 km/h,97%
2025-11-05T01:37:15.748393+07:00,Hồ Chí Minh,28,/dl/web/weather/ic-weather-04n.svg,6.9 km/h,97%
2025-11-05T02:20:58.345684+07:00,Hồ Chí Minh,22,/dl/web/weather/ic-weather-04n.svg,2.3 km/h,97%
2025-11-05T03:29:35.071666+07:00,Hồ Chí Minh,38,/dl/web/weather/ic-weather-04n.svg,2.0 km/h,97%
2025-11-05T04:23:34.266103+07:00,Hồ Chí Minh,53,/dl/web/weather/ic-weather-04n.svg,2.3 km/h,96%
2025-11-05T05:24:26.713806+07:00,Hồ Chí Minh,60,/dl/web/weather/ic-weather-04n.svg,5.7 km/h,93%
2025-11-05T06:24:01.698611+07:00,Hồ Chí Minh,99,/dl/web/weather/ic-weather-50d.svg,3.4 km/h,92%
2025-11-05T09:01:07.901476+07:00,Hồ Chí Minh,117,/dl/web/weather/ic-weather-03d.svg,2.0 km/h,85%
2025-11-05T10:47:35.974482+07:00,Hồ Chí Minh,135,/dl/web/weather/ic-weather-03d.svg,3.4 km/h,75%
2025-11-05T11:30:25.428174+07:00,Hồ Chí Minh,118,/dl/web/weather/ic-weather-04d.svg,4.6 km/h,75%
2025-11-05T12:27:12.121548+07:00,Hồ Chí Minh,106,/dl/web/weather/ic-weather-03d.svg,8.0 km/h,84%
2025-11-05T13:38:32.782029+07:00,Hồ Chí Minh,82,/dl/web/weather/ic-weather-03d.svg,9.2 km/h,86%
2025-11-05T14:25:06.015000+07:00,Hồ Chí Minh,62,/dl/web/weather/ic-weather-10d.svg,8.1 km/h,83%
2025-11-05T15:35:23.357427+07:00,Hồ Chí Minh,60,/dl/web/weather/ic-weather-10d.svg,5.7 km/h,85%
2025-11-05T16:29:26.766151+07:00,Hồ Chí Minh,66,/dl/web/weather/ic-weather-04d.svg,5.7 km/h,89%
2025-11-05T17:29:39.168137+07:00,Hồ Chí Minh,68,/dl/web/weather/ic-weather-04d.svg,4.6 km/h,92%
2025-11-05T18:23:02.727660+07:00,Hồ Chí Minh,75,/dl/web/weather/ic-weather-04n.svg,4.6 km/h,94%
2025-11-05T19:54:42.112920+07:00,Hồ Chí Minh,77,/dl/web/weather/ic-weather-03n.svg,5.7 km/h,96%
2025-11-05T20:37:38.303911+07:00,Hồ Chí Minh,86,/dl/web/weather/ic-weather-04n.svg,5.7 km/h,97%
2025-11-05T21:27:19.759399+07:00,Hồ Chí Minh,95,/dl/web/weather/ic-weather-03n.svg,4.6 km/h,95%
2025-11-05T22:27:11.311602+07:00,Hồ Chí Minh,100,/dl/web/weather/ic-weather-02n.svg,2.0 km/h,93%
2025-11-05T23:34:43.224274+07:00,Hồ Chí Minh,102,/dl/web/weather/ic-weather-04n.svg,4.6 km/h,89%
2025-11-06T00:25:21.721449+07:00,Hồ Chí Minh,122,/dl/web/weather/ic-weather-04n.svg,3.4 km/h,89%
2025-11-06T01:37:21.898913+07:00,Hồ Chí Minh,107,/dl/web/weather/ic-weather-04n.svg,5.7 km/h,95%
2025-11-06T02:21:34.955283+07:00,Hồ Chí Minh,59,/dl/web/weather/ic-weather-04n.svg,4.6 km/h,94%
2025-11-06T03:29:58.458314+07:00,Hồ Chí Minh,58,/dl/web/weather/ic-weather-02n.svg,2.3 km/h,94%
2025-11-06T04:24:11.633003+07:00,Hồ Chí Minh,62,/dl/web/weather/ic-weather-01n.svg,3.7 km/h,95%
2025-11-06T05:25:05.128850+07:00,Hồ Chí Minh,78,/dl/web/weather/ic-weather-04n.svg,3.4 km/h,95%
2025-11-06T06:24:19.351904+07:00,Hồ Chí Minh,117,/dl/web/weather/ic-weather-04d.svg,2.3 km/h,95%
2025-11-06T09:01:32.831600+07:00,Hồ Chí Minh,156,/dl/web/weather/ic-weather-50d.svg,5.7 km/h,94%
2025-11-06T10:50:48.330624+07:00,Hồ Chí Minh,82,/dl/web/weather/ic-weather-04d.svg,4.6 km/h,93%
2025-11-06T11:32:57.575651+07:00,Hồ Chí Minh,86,/dl/web/weather/ic-weather-04d.svg,6.9 km/h,92%
2025-11-06T12:27:01.071406+07:00,Hồ Chí Minh,89,/dl/web/weather/ic-weather-04d.svg,3.4 km/h,90%
2025-11-06T13:38:47.363098+07:00,Hồ Chí Minh,115,/dl/web/weather/ic-weather-04d.svg,4.6 km/h,90%
2025-11-06T14:25:02.813400+07:00,Hồ Chí Minh,132,/dl/web/weather/ic-weather-04d.svg,6.9 km/h,90%
2025-11-06T15:35:01.630878+07:00,Hồ Chí Minh,118,/dl/web/weather/ic-weather-04d.svg,9.2 km/h,89%
2025-11-06T16:28:37.141575+07:00,Hồ Chí Minh,88,/dl/web/weather/ic-weather-04d.svg,8.1 km/h,90%
2025-11-06T17:29:46.406606+07:00,Hồ Chí Minh,71,/dl/web/weather/ic-weather-04d.svg,8.1 km/h,93%
2025-11-06T18:22:57.081670+07:00,Hồ Chí Minh,72,/dl/web/weather/ic-weather-04n.svg,6.9 km/h,95%
2025-11-06T19:54:21.614043+07:00,Hồ Chí Minh,73,/dl/web/weather/ic-weather-10n.svg,9.2 km/h,94%
2025-11-06T20:36:42.356937+07:00,Hồ Chí Minh,67,/dl/web/weather/ic-weather-10n.svg,9.2 km/h,96%
2025-11-06T21:27:03.642843+07:00,Hồ Chí Minh,58,/dl/web/weather/ic-weather-10n.svg,9.2 km/h,95%
2025-11-06T22:29:20.911504+07:00,Hồ Chí Minh,66,/dl/web/weather/ic-weather-04n.svg,8.1 km/h,96%
2025-11-06T23:35:18.178293+07:00,Hồ Chí Minh,68,/dl/web/weather/ic-weather-04n.svg,8.1 km/h,96%
2025-11-07T00:25:03.910203+07:00,Hồ Chí Minh,65,/dl/web/weather/ic-weather-10n.svg,8.1 km/h,95%
2025-11-07T01:38:30.626123+07:00,Hồ Chí Minh,71,/dl/web/weather/ic-weather-03n.svg,6.9 km/h,95%
2025-11-07T02:21:08.630860+07:00,Hồ Chí Minh,71,/dl/web/weather/ic-weather-04n.svg,2.0 km/h,96%
2025-11-07T03:29:17.541735+07:00,Hồ Chí Minh,73,/dl/web/weather/ic-weather-04n.svg,8.1 km/h,96%
2025-11-07T04:23:08.856222+07:00,Hồ Chí Minh,75,/dl/web/weather/ic-weather-10n.svg,8.1 km/h,96%
2025-11-07T05:24:56.918926+07:00,Hồ Chí Minh,71,/dl/web/weather/ic-weather-10n.svg,8.1 km/h,96%
2025-11-07T06:23:37.295662+07:00,Hồ Chí Minh,68,/dl/web/weather/ic-weather-04d.svg,8.1 km/h,94%
2025-11-07T08:59:53.603373+07:00,Hồ Chí Minh,68,/dl/web/weather/ic-weather-04d.svg,8.1 km/h,93%
2025-11-07T10:17:15.692032+07:00,Hồ Chí Minh,63,/dl/web/weather/ic-weather-03d.svg,5.7 km/h,84%
2025-11-07T11:29:49.928323+07:00,Hồ Chí Minh,58,/dl/web/weather/ic-weather-03d.svg,6.9 km/h,74%
2025-11-07T12:25:59.732029+07:00,Hồ Chí Minh,57,/dl/web/weather/ic-weather-04d.svg,5.7 km/h,83%
2025-11-07T13:38:34.864828+07:00,Hồ Chí Minh,56,/dl/web/weather/ic-weather-04d.svg,6.9 km/h,82%
2025-11-07T14:24:56.615227+07:00,Hồ Chí Minh,44,/dl/web/weather/ic-weather-09d.svg,12.7 km/h,97%
2025-11-07T15:34:46.569969+07:00,Hồ Chí Minh,38,/dl/web/weather/ic-weather-09d.svg,8.1 km/h,96%
2025-11-07T16:27:10.149986+07:00,Hồ Chí Minh,44,/dl/web/weather/ic-weather-10d.svg,6.0 km/h,96%
2025-11-07T17:28:24.586998+07:00,Hồ Chí Minh,53,/dl/web/weather/ic-weather-10d.svg,5.7 km/h,94%
2025-11-07T18:21:45.494404+07:00,Hồ Chí Minh,57,/dl/web/weather/ic-weather-10n.svg,3.4 km/h,94%
2025-11-07T19:53:17.203120+07:00,Hồ Chí Minh,56,/dl/web/weather/ic-weather-10n.svg,5.7 km/h,94%
2025-11-07T20:33:19.737919+07:00,Hồ Chí Minh,54,/dl/web/weather/ic-weather-03n.svg,3.4 km/h,95%
2025-11-07T21:25:43.584253+07:00,Hồ Chí Minh,52,/dl/web/weather/ic-weather-03n.svg,6.9 km/h,96%
2025-11-07T22:26:46.975341+07:00,Hồ Chí Minh,55,/dl/web/weather/ic-weather-10n.svg,4.0 km/h,94%
2025-11-07T23:29:12.882715+07:00,Hồ Chí Minh,56,/dl/web/weather/ic-weather-02n.svg,4.6 km/h,94%
2025-11-08T00:23:06.929815+07:00,Hồ Chí Minh,56,/dl/web/weather/ic-weather-03n.svg,3.4 km/h,94%
2025-11-08T01:35:57.477761+07:00,Hồ Chí Minh,58,/dl/web/weather/ic-weather-02n.svg,0.0 km/h,95%
2025-11-08T02:20:44.223241+07:00,Hồ Chí Minh,60,/dl/web/weather/ic-weather-10n.svg,4.6 km/h,95%
2025-11-08T03:25:48.146996+07:00,Hồ Chí Minh,63,/dl/web/weather/ic-weather-10n.svg,3.4 km/h,96%
2025-11-08T04:19:47.460654+07:00,Hồ Chí Minh,63,/dl/web/weather/ic-weather-03n.svg,2.3 km/h,96%
2025-11-08T05:23:53.806596+07:00,Hồ Chí Minh,68,/dl/web/weather/ic-weather-02n.svg,3.0 km/h,97%
2025-11-08T06:23:07.441468+07:00,Hồ Chí Minh,71,/dl/web/weather/ic-weather-02d.svg,3.4 km/h,97%
2025-11-08T08:53:37.020512+07:00,Hồ Chí Minh,77,/dl/web/weather/ic-weather-04d.svg,4.6 km/h,91%
2025-11-08T10:07:49.426203+07:00,Hồ Chí Minh,65,/dl/web/weather/ic-weather-03d.svg,6.0 km/h,80%
2025-11-08T11:28:47.266917+07:00,Hồ Chí Minh,55,/dl/web/weather/ic-weather-03d.svg,5.7 km/h,78%
2025-11-08T12:24:45.404432+07:00,Hồ Chí Minh,53,/dl/web/weather/ic-weather-04d.svg,3.4 km/h,70%
2025-11-08T13:35:04.230813+07:00,Hồ Chí Minh,53,/dl/web/weather/ic-weather-04d.svg,2.3 km/h,73%
2025-11-08T14:22:29.542637+07:00,Hồ Chí Minh,56,/dl/web/weather/ic-weather-03d.svg,8.1 km/h,73%
2025-11-08T15:30:42.877507+07:00,Hồ Chí Minh,62,/dl/web/weather/ic-weather-03d.svg,5.7 km/h,66%
2025-11-08T16:23:52.795416+07:00,Hồ Chí Minh,61,/dl/web/weather/ic-weather-03d.svg,5.7 km/h,88%
2025-11-08T17:24:39.158753+07:00,Hồ Chí Minh,67,/dl/web/weather/ic-weather-04d.svg,9.2 km/h,97%
2025-11-08T18:19:29.361232+07:00,Hồ Chí Minh,64,/dl/web/weather/ic-weather-04n.svg,9.0 km/h,96%
2025-11-08T19:47:51.565388+07:00,Hồ Chí Minh,60,/dl/web/weather/ic-weather-04n.svg,6.9 km/h,95%
2025-11-08T20:28:11.298980+07:00,Hồ Chí Minh,60,/dl/web/weather/ic-weather-04n.svg,4.6 km/h,94%
2025-11-08T21:21:29.350191+07:00,Hồ Chí Minh,53,/dl/web/weather/ic-weather-04n.svg,4.6 km/h,94%
2025-11-08T22:23:04.190736+07:00,Hồ Chí Minh,49,/dl/web/weather/ic-weather-03n.svg,5.7 km/h,94%
2025-11-08T23:29:03.251564+07:00,Hồ Chí Minh,52,/dl/web/weather/ic-weather-04n.svg,4.6 km/h,95%
2025-11-09T00:19:51.510159+07:00,Hồ Chí Minh,52,/dl/web/weather/ic-weather-03n.svg,4.6 km/h,95%
2025-11-09T01:33:23.716600+07:00,Hồ Chí Minh,60,/dl/web/weather/ic-weather-03n.svg,3.4 km/h,96%
2025-11-09T02:18:44.463393+07:00,Hồ Chí Minh,60,/dl/web/weather/ic-weather-03n.svg,3.4 km/h,95%
2025-11-09T03:24:50.583578+07:00,Hồ Chí Minh,62,/dl/web/weather/ic-weather-04n.svg,3.4 km/h,94%
2025-11-09T04:20:21.418867+07:00,Hồ Chí Minh,65,/dl/web/weather/ic-weather-04n.svg,1.1 km/h,94%
2025-11-09T05:22:00.304872+07:00,Hồ Chí Minh,68,/dl/web/weather/ic-weather-01n.svg,0.0 km/h,94%
2025-11-09T06:21:50.888348+07:00,Hồ Chí Minh,69,/dl/web/weather/ic-weather-04d.svg,2.3 km/h,94%
2025-11-09T09:04:22.772947+07:00,Hồ Chí Minh,65,/dl/web/weather/ic-weather-04d.svg,2.3 km/h,84%
2025-11-09T10:46:41.337620+07:00,Hồ Chí Minh,56,/dl/web/weather/ic-weather-03d.svg,3.4 km/h,76%
2025-11-09T11:28:54.678800+07:00,Hồ Chí Minh,55,/dl/web/weather/ic-weather-03d.svg,2.0 km/h,73%
2025-11-09T12:24:04.790452+07:00,Hồ Chí Minh,56,/dl/web/weather/ic-weather-04d.svg,4.0 km/h,76%
2025-11-09T13:35:32.305064+07:00,Hồ Chí Minh,67,/dl/web/weather/ic-weather-04d.svg,2.3 km/h,72%
2025-11-09T14:22:56.155309+07:00,Hồ Chí Minh,66,/dl/web/weather/ic-weather-03d.svg,5.7 km/h,72%
2025-11-09T15:29:42.025035+07:00,Hồ Chí Minh,59,/dl/web/weather/ic-weather-03d.svg,8.1 km/h,81%
2025-11-09T16:22:44.704220+07:00,Hồ Chí Minh,54,/dl/web/weather/ic-weather-04d.svg,9.2 km/h,94%
2025-11-09T17:24:20.564228+07:00,Hồ Chí Minh,55,/dl/web/weather/ic-weather-04d.svg,4.6 km/h,90%
2025-11-09T18:19:09.176225+07:00,Hồ Chí Minh,59,/dl/web/weather/ic-weather-03n.svg,3.4 km/h,91%
2025-11-09T19:47:44.898058+07:00,Hồ Chí Minh,53,/dl/web/weather/ic-weather-03n.svg,4.6 km/h,84%
2025-11-09T20:28:29.467440+07:00,Hồ Chí Minh,53,/dl/web/weather/ic-weather-04n.svg,5.7 km/h,88%
2025-11-09T21:20:27.771589+07:00,Hồ Chí Minh,56,/dl/web/weather/ic-weather-04n.svg,1.1 km/h,91%
2025-11-09T22:22:47.902680+07:00,Hồ Chí Minh,62,/dl/web/weather/ic-weather-03n.svg,3.4 km/h,91%
2025-11-09T23:28:28.219459+07:00,Hồ Chí Minh,66,/dl/web/weather/ic-weather-01n.svg,2.3 km/h,93%
2025-11-10T00:19:42.561067+07:00,Hồ Chí Minh,71,/dl/web/weather/ic-weather-02n.svg,3.4 km/h,96%
2025-11-10T01:32:19.006903+07:00,Hồ Chí Minh,75,/dl/web/weather/ic-weather-01n.svg,1.0 km/h,96%
2025-11-10T02:18:19.436825+07:00,Hồ Chí Minh,82,/dl/web/weather/ic-weather-01n.svg,3.4 km/h,95%
2025-11-10T03:25:40.995140+07:00,Hồ Chí Minh,84,/dl/web/weather/ic-weather-02n.svg,4.6 km/h,94%
2025-11-10T04:20:58.576170+07:00,Hồ Chí Minh,91,/dl/web/weather/ic-weather-03n.svg,3.4 km/h,95%
2025-11-10T05:23:20.042235+07:00,Hồ Chí Minh,117,/dl/web/weather/ic-weather-02n.svg,3.4 km/h,96%
2025-11-10T06:22:24.130335+07:00,Hồ Chí Minh,129,/dl/web/weather/ic-weather-50d.svg,3.4 km/h,96%
2025-11-10T09:05:50.422539+07:00,Hồ Chí Minh,131,/dl/web/weather/ic-weather-50d.svg,3.4 km/h,87%
2025-11-10T10:53:35.798651+07:00,Hồ Chí Minh,66,/dl/web/weather/ic-weather-50d.svg,3.0 km/h,85%
2025-11-10T11:33:06.954701+07:00,Hồ Chí Minh,73,/dl/web/weather/ic-weather-04d.svg,6.9 km/h,79%
2025-11-10T12:27:01.395416+07:00,Hồ Chí Minh,90,/dl/web/weather/ic-weather-03d.svg,5.7 km/h,71%
2025-11-10T13:40:15.643520+07:00,Hồ Chí Minh,77,/dl/web/weather/ic-weather-03d.svg,10.4 km/h,73%
2025-11-10T14:25:36.540383+07:00,Hồ Chí Minh,65,/dl/web/weather/ic-weather-03d.svg,8.1 km/h,79%
2025-11-10T15:36:05.745121+07:00,Hồ Chí Minh,64,/dl/web/weather/ic-weather-04d.svg,5.7 km/h,87%
2025-11-10T16:31:07.295432+07:00,Hồ Chí Minh,58,/dl/web/weather/ic-weather-04d.svg,6.9 km/h,87%
2025-11-10T17:30:24.510213+07:00,Hồ Chí Minh,54,/dl/web/weather/ic-weather-03d.svg,9.2 km/h,87%
2025-11-10T18:22:52.364098+07:00,Hồ Chí Minh,54,/dl/web/weather/ic-weather-03n.svg,8.1 km/h,88%
2025-11-10T19:55:30.360675+07:00,Hồ Chí Minh,60,/dl/web/weather/ic-weather-02n.svg,4.6 km/h,86%
2025-11-10T20:36:14.767685+07:00,Hồ Chí Minh,60,/dl/web/weather/ic-weather-03n.svg,8.1 km/h,83%
2025-11-10T21:27:11.399799+07:00,Hồ Chí Minh,58,/dl/web/weather/ic-weather-02n.svg,8.1 km/h,88%
2025-11-10T22:29:10.378364+07:00,Hồ Chí Minh,58,/dl/web/weather/ic-weather-02n.svg,8.1 km/h,88%
2025-11-10T23:34:34.340101+07:00,Hồ Chí Minh,58,/dl/web/weather/ic-weather-03n.svg,6.9 km/h,83%
2025-11-11T00:24:14.756864+07:00,Hồ Chí Minh,59,/dl/web/weather/ic-weather-03n.svg,5.7 km/h,90%
2025-11-11T01:36:53.523478+07:00,Hồ Chí Minh,68,/dl/web/weather/ic-weather-10n.svg,4.6 km/h,92%
2025-11-11T02:21:24.558771+07:00,Hồ Chí Minh,66,/dl/web/weather/ic-weather-10n.svg,4.6 km/h,91%
2025-11-11T03:30:34.151118+07:00,Hồ Chí Minh,65,/dl/web/weather/ic-weather-10n.svg,2.3 km/h,92%
2025-11-11T04:24:15.352705+07:00,Hồ Chí Minh,64,/dl/web/weather/ic-weather-04n.svg,1.1 km/h,93%
2025-11-11T05:26:18.784604+07:00,Hồ Chí Minh,66,/dl/web/weather/ic-weather-04n.svg,2.3 km/h,94%
2025-11-11T06:24:40.468362+07:00,Hồ Chí Minh,64,/dl/web/weather/ic-weather-03d.svg,4.6 km/h,96%
2025-11-11T09:02:07.991408+07:00,Hồ Chí Minh,68,/dl/web/weather/ic-weather-01d.svg,6.9 km/h,88%
2025-11-11T10:48:47.032665+07:00,Hồ Chí Minh,66,/dl/web/weather/ic-weather-02d.svg,3.4 km/h,83%
2025-11-11T11:31:13.622756+07:00,Hồ Chí Minh,62,/dl/web/weather/ic-weather-03d.svg,3.4 km/h,79%
2025-11-11T12:27:09.615326+07:00,Hồ Chí Minh,60,/dl/web/weather/ic-weather-04d.svg,2.3 km/h,75%
2025-11-11T13:39:06.222814+07:00,Hồ Chí Minh,66,/dl/web/weather/ic-weather-04d.svg,2.3 km/h,79%
2025-11-11T14:26:24.673387+07:00,Hồ Chí Minh,68,/dl/web/weather/ic-weather-03d.svg,5.7 km/h,78%
2025-11-11T15:34:21.599107+07:00,Hồ Chí Minh,69,/dl/web/weather/ic-weather-03d.svg,3.4 km/h,79%
2025-11-11T16:28:41.703664+07:00,Hồ Chí Minh,68,/dl/web/weather/ic-weather-03d.svg,3.4 km/h,79%
2025-11-11T17:30:10.988327+07:00,Hồ Chí Minh,62,/dl/web/weather/ic-weather-04d.svg,8.1 km/h,86%
2025-11-11T18:23:14.561996+07:00,Hồ Chí Minh,56,/dl/web/weather/ic-weather-03n.svg,9.2 km/h,88%
2025-11-11T19:54:24.257926+07:00,Hồ Chí Minh,56,/dl/web/weather/ic-weather-01n.svg,6.9 km/h,84%
2025-11-11T20:35:42.417271+07:00,Hồ Chí Minh,60,/dl/web/weather/ic-weather-02n.svg,6.0 km/h,89%
2025-11-11T21:27:18.919229+07:00,Hồ Chí Minh,64,/dl/web/weather/ic-weather-02n.svg,5.7 km/h,89%
2025-11-11T22:29:08.378887+07:00,Hồ Chí Minh,62,/dl/web/weather/ic-weather-01n.svg,8.1 km/h,89%
2025-11-11T23:33:31.290565+07:00,Hồ Chí Minh,62,/dl/web/weather/ic-weather-01n.svg,9.3 km/h,89%
2025-11-12T00:23:57.565604+07:00,Hồ Chí Minh,62,/dl/web/weather/ic-weather-02n.svg,5.7 km/h,91%
2025-11-12T01:36:19.020490+07:00,Hồ Chí Minh,66,/dl/web/weather/ic-weather-02n.svg,5.7 km/h,89%
2025-11-12T02:20:39.649797+07:00,Hồ Chí Minh,64,/dl/web/weather/ic-weather-04n.svg,5.7 km/h,89%
2025-11-12T03:28:28.004026+07:00,Hồ Chí Minh,63,/dl/web/weather/ic-weather-04n.svg,6.9 km/h,89%
2025-11-12T04:23:23.925329+07:00,Hồ Chí Minh,63,/dl/web/weather/ic-weather-04n.svg,5.7 km/h,89%
2025-11-12T05:25:43.234737+07:00,Hồ Chí Minh,67,/dl/web/weather/ic-weather-10n.svg,5.7 km/h,94%
2025-11-12T06:23:45.291513+07:00,Hồ Chí Minh,69,/dl/web/weather/ic-weather-10d.svg,5.7 km/h,94%
2025-11-12T09:01:04.026527+07:00,Hồ Chí Minh,27,/dl/web/weather/ic-weather-11d.svg,11.5 km/h,100%
2025-11-12T10:47:55.853481+07:00,Hồ Chí Minh,50,/dl/web/weather/ic-weather-04d.svg,5.7 km/h,100%
2025-11-12T11:31:14.351963+07:00,Hồ Chí Minh,50,/dl/web/weather/ic-weather-04d.svg,4.6 km/h,83%
2025-11-12T12:27:09.804179+07:00,Hồ Chí Minh,44,/dl/web/weather/ic-weather-03d.svg,1.1 km/h,78%
2025-11-12T13:38:59.265959+07:00,Hồ Chí Minh,49,/dl/web/weather/ic-weather-04d.svg,3.4 km/h,76%
2025-11-12T14:25:54.616130+07:00,Hồ Chí Minh,50,/dl/web/weather/ic-weather-04d.svg,4.6 km/h,74%
2025-11-12T15:35:31.551068+07:00,Hồ Chí Minh,53,/dl/web/weather/ic-weather-03d.svg,3.0 km/h,75%
2025-11-12T16:28:39.127511+07:00,Hồ Chí Minh,39,/dl/web/weather/ic-weather-10d.svg,6.9 km/h,92%
2025-11-12T17:29:38.624670+07:00,Hồ Chí Minh,47,/dl/web/weather/ic-weather-10d.svg,6.9 km/h,88%
2025-11-12T18:23:04.796931+07:00,Hồ Chí Minh,62,/dl/web/weather/ic-weather-03n.svg,5.7 km/h,83%
2025-11-12T19:55:55.533256+07:00,Hồ Chí Minh,66,/dl/web/weather/ic-weather-01n.svg,6.9 km/h,83%
2025-11-12T20:37:59.100146+07:00,Hồ Chí Minh,64,/dl/web/weather/ic-weather-02n.svg,6.9 km/h,90%
2025-11-12T21:27:58.674723+07:00,Hồ Chí Minh,62,/dl/web/weather/ic-weather-01n.svg,6.9 km/h,83%
2025-11-12T22:29:58.512971+07:00,Hồ Chí Minh,65,/dl/web/weather/ic-weather-01n.svg,6.9 km/h,83%
2025-11-12T23:35:35.501813+07:00,Hồ Chí Minh,68,/dl/web/weather/ic-weather-01n.svg,5.7 km/h,89%
2025-11-13T00:25:14.938946+07:00,Hồ Chí Minh,68,/dl/web/weather/ic-weather-01n.svg,5.7 km/h,89%
2025-11-13T01:35:13.160167+07:00,Hồ Chí Minh,68,/dl/web/weather/ic-weather-01n.svg,4.6 km/h,89%
2025-11-13T02:22:32.618234+07:00,Hồ Chí Minh,66,/dl/web/weather/ic-weather-01n.svg,3.4 km/h,89%
2025-11-13T03:29:31.094871+07:00,Hồ Chí Minh,69,/dl/web/weather/ic-weather-02n.svg,0.0 km/h,94%
2025-11-13T04:24:46.966757+07:00,Hồ Chí Minh,74,/dl/web/weather/ic-weather-04n.svg,3.4 km/h,99%
2025-11-13T05:25:06.749602+07:00,Hồ Chí Minh,85,/dl/web/weather/ic-weather-50n.svg,4.6 km/h,99%
2025-11-13T06:24:48.524870+07:00,Hồ Chí Minh,137,/dl/web/weather/ic-weather-50d.svg,3.4 km/h,99%
2025-11-13T09:03:15.919225+07:00,Hồ Chí Minh,153,/dl/web/weather/ic-weather-50d.svg,3.4 km/h,95%
2025-11-13T10:50:16.126621+07:00,Hồ Chí Minh,117,/dl/web/weather/ic-weather-03d.svg,2.3 km/h,81%
2025-11-13T11:31:20.532383+07:00,Hồ Chí Minh,125,/dl/web/weather/ic-weather-03d.svg,4.0 km/h,78%
2025-11-13T12:27:13.599250+07:00,Hồ Chí Minh,119,/dl/web/weather/ic-weather-04d.svg,4.6 km/h,73%
2025-11-13T13:38:54.987814+07:00,Hồ Chí Minh,116,/dl/web/weather/ic-weather-03d.svg,4.6 km/h,74%
2025-11-13T14:25:39.168447+07:00,Hồ Chí Minh,115,/dl/web/weather/ic-weather-03d.svg,10.4 km/h,76%
2025-11-13T15:34:36.313314+07:00,Hồ Chí Minh,102,/dl/web/weather/ic-weather-03d.svg,9.2 km/h,82%
2025-11-13T16:29:00.047837+07:00,Hồ Chí Minh,98,/dl/web/weather/ic-weather-03d.svg,5.7 km/h,92%
2025-11-13T17:30:21.235512+07:00,Hồ Chí Minh,96,/dl/web/weather/ic-weather-03d.svg,10.4 km/h,86%
2025-11-13T18:23:39.026148+07:00,Hồ Chí Minh,94,/dl/web/weather/ic-weather-03n.svg,8.1 km/h,90%
2025-11-13T19:56:03.014470+07:00,Hồ Chí Minh,97,/dl/web/weather/ic-weather-03n.svg,5.7 km/h,93%
2025-11-13T20:37:46.317269+07:00,Hồ Chí Minh,85,/dl/web/weather/ic-weather-03n.svg,5.7 km/h,89%
2025-11-13T21:25:09.268244+07:00,Hồ Chí Minh,85,/dl/web/weather/ic-weather-04n.svg,5.7 km/h,90%
2025-11-13T22:28:27.612000+07:00,Hồ Chí Minh,86,/dl/web/weather/ic-weather-04n.svg,4.6 km/h,90%
2025-11-13T23:32:01.038436+07:00,Hồ Chí Minh,87,/dl/web/weather/ic-weather-04n.svg,4.6 km/h,83%
2025-11-14T00:25:56.389426+07:00,Hồ Chí Minh,91,/dl/web/weather/ic-weather-03n.svg,2.3 km/h,89%
2025-11-14T01:37:04.701136+07:00,Hồ Chí Minh,97,/dl/web/weather/ic-weather-02n.svg,2.3 km/h,94%
2025-11-14T02:21:29.648395+07:00,Hồ Chí Minh,112,/dl/web/weather/ic-weather-50n.svg,2.3 km/h,99%
2025-11-14T03:29:26.334171+07:00,Hồ Chí Minh,137,/dl/web/weather/ic-weather-50n.svg,3.4 km/h,99%
2025-11-14T04:23:46.942715+07:00,Hồ Chí Minh,161,/dl/web/weather/ic-weather-50n.svg,3.4 km/h,99%
2025-11-14T05:25:43.954358+07:00,Hồ Chí Minh,169,/dl/web/weather/ic-weather-50n.svg,2.3 km/h,98%
2025-11-14T06:24:30.132320+07:00,Hồ Chí Minh,171,/dl/web/weather/ic-weather-50d.svg,2.3 km/h,99%
2025-11-14T09:01:39.468522+07:00,Hồ Chí Minh,153,/dl/web/weather/ic-weather-50d.svg,2.3 km/h,83%
2025-11-14T10:48:32.270838+07:00,Hồ Chí Minh,104,/dl/web/weather/ic-weather-01d.svg,5.7 km/h,66%
2025-11-14T11:30:23.333427+07:00,Hồ Chí Minh,99,/dl/web/weather/ic-weather-01d.svg,3.4 km/h,57%
2025-11-14T12:26:47.095628+07:00,Hồ Chí Minh,92,/dl/web/weather/ic-weather-01d.svg,4.6 km/h,54%
2025-11-14T13:38:41.921651+07:00,Hồ Chí Minh,82,/dl/web/weather/ic-weather-01d.svg,6.9 km/h,52%
2025-11-14T14:25:35.506925+07:00,Hồ Chí Minh,66,/dl/web/weather/ic-weather-01d.svg,8.1 km/h,43%
2025-11-14T15:34:10.341569+07:00,Hồ Chí Minh,58,/dl/web/weather/ic-weather-01d.svg,8.1 km/h,44%
2025-11-14T16:28:53.879040+07:00,Hồ Chí Minh,67,/dl/web/weather/ic-weather-01d.svg,4.6 km/h,40%
2025-11-14T17:29:01.868603+07:00,Hồ Chí Minh,71,/dl/web/weather/ic-weather-02d.svg,7.0 km/h,77%
2025-11-14T18:22:05.687431+07:00,Hồ Chí Minh,75,/dl/web/weather/ic-weather-02n.svg,9.2 km/h,70%
2025-11-14T19:53:43.225379+07:00,Hồ Chí Minh,73,/dl/web/weather/ic-weather-01n.svg,8.1 km/h,70%
2025-11-14T20:34:58.445640+07:00,Hồ Chí Minh,73,/dl/web/weather/ic-weather-01n.svg,6.9 km/h,69%
2025-11-14T21:26:45.558200+07:00,Hồ Chí Minh,73,/dl/web/weather/ic-weather-01n.svg,3.4 km/h,69%
2025-11-14T22:24:38.259496+07:00,Hồ Chí Minh,80,/dl/web/weather/ic-weather-04n.svg,2.3 km/h,69%
2025-11-14T23:33:47.902576+07:00,Hồ Chí Minh,84,/dl/web/weather/ic-weather-04n.svg,2.3 km/h,83%
2025-11-15T00:23:39.154853+07:00,Hồ Chí Minh,95,/dl/web/weather/ic-weather-04n.svg,2.8 km/h,86%
2025-11-15T01:36:42.178832+07:00,Hồ Chí Minh,110,/dl/web/weather/ic-weather-04n.svg,3.4 km/h,94%
2025-11-15T02:20:52.389226+07:00,Hồ Chí Minh,124,/dl/web/weather/ic-weather-01n.svg,3.4 km/h,78%
2025-11-15T03:29:14.668955+07:00,Hồ Chí Minh,102,/dl/web/weather/ic-weather-01n.svg,5.7 km/h,78%
2025-11-15T04:24:07.719463+07:00,Hồ Chí Minh,90,/dl/web/weather/ic-weather-01n.svg,3.4 km/h,83%
2025-11-15T05:25:24.582457+07:00,Hồ Chí Minh,99,/dl/web/weather/ic-weather-01n.svg,2.3 km/h,83%
2025-11-15T06:23:46.842398+07:00,Hồ Chí Minh,108,/dl/web/weather/ic-weather-01d.svg,6.0 km/h,80%
2025-11-15T08:57:16.293988+07:00,Hồ Chí Minh,119,/dl/web/weather/ic-weather-01d.svg,4.6 km/h,76%
2025-11-15T10:13:10.290113+07:00,Hồ Chí Minh,118,/dl/web/weather/ic-weather-01d.svg,4.0 km/h,66%
2025-11-15T11:29:20.728954+07:00,Hồ Chí Minh,97,/dl/web/weather/ic-weather-01d.svg,5.7 km/h,61%
2025-11-15T12:25:02.470095+07:00,Hồ Chí Minh,91,/dl/web/weather/ic-weather-01d.svg,6.9 km/h,61%
2025-11-15T13:35:28.821629+07:00,Hồ Chí Minh,104,/dl/web/weather/ic-weather-02d.svg,8.1 km/h,60%
2025-11-15T14:22:09.819343+07:00,Hồ Chí Minh,91,/dl/web/weather/ic-weather-02d.svg,6.0 km/h,55%
2025-11-15T15:30:28.809203+07:00,Hồ Chí Minh,80,/dl/web/weather/ic-weather-02d.svg,6.9 km/h,62%
2025-11-15T16:23:59.988297+07:00,Hồ Chí Minh,78,/dl/web/weather/ic-weather-02d.svg,5.7 km/h,62%
2025-11-15T17:25:28.973109+07:00,Hồ Chí Minh,80,/dl/web/weather/ic-weather-01d.svg,3.4 km/h,55%
2025-11-15T18:19:19.176101+07:00,Hồ Chí Minh,79,/dl/web/weather/ic-weather-01n.svg,3.4 km/h,58%
2025-11-15T19:48:46.034913+07:00,Hồ Chí Minh,66,/dl/web/weather/ic-weather-03n.svg,6.9 km/h,61%
2025-11-15T20:29:24.676073+07:00,Hồ Chí Minh,66,/dl/web/weather/ic-weather-01n.svg,6.9 km/h,61%
2025-11-15T21:22:01.944009+07:00,Hồ Chí Minh,68,/dl/web/weather/ic-weather-01n.svg,4.6 km/h,69%
2025-11-15T22:23:25.015907+07:00,Hồ Chí Minh,70,/dl/web/weather/ic-weather-01n.svg,3.4 km/h,74%
2025-11-15T23:28:44.888550+07:00,Hồ Chí Minh,84,/dl/web/weather/ic-weather-01n.svg,3.4 km/h,78%
2025-11-16T00:19:33.349515+07:00,Hồ Chí Minh,86,/dl/web/weather/ic-weather-01n.svg,3.4 km/h,83%
2025-11-16T01:32:58.622809+07:00,Hồ Chí Minh,101,/dl/web/weather/ic-weather-03n.svg,4.6 km/h,83%
2025-11-16T02:18:22.465715+07:00,Hồ Chí Minh,105,/dl/web/weather/ic-weather-04n.svg,4.6 km/h,83%
2025-11-16T03:25:39.594438+07:00,Hồ Chí Minh,122,/dl/web/weather/ic-weather-04n.svg,3.4 km/h,81%
2025-11-16T04:20:59.661579+07:00,Hồ Chí Minh,139,/dl/web/weather/ic-weather-04n.svg,3.4 km/h,86%
2025-11-16T05:21:08.561152+07:00,Hồ Chí Minh,153,/dl/web/weather/ic-weather-04n.svg,3.4 km/h,88%
2025-11-16T06:22:44.056414+07:00,Hồ Chí Minh,153,/dl/web/weather/ic-weather-50d.svg,4.0 km/h,90%
2025-11-16T09:07:33.820968+07:00,Hồ Chí Minh,160,/dl/web/weather/ic-weather-50d.svg,4.6 km/h,80%
2025-11-16T10:51:52.935362+07:00,Hồ Chí Minh,167,/dl/web/weather/ic-weather-04d.svg,4.6 km/h,74%
2025-11-16T11:31:34.140117+07:00,Hồ Chí Minh,152,/dl/web/weather/ic-weather-01d.svg,5.7 km/h,71%
2025-11-16T12:25:09.314880+07:00,Hồ Chí Minh,122,/dl/web/weather/ic-weather-02d.svg,2.3 km/h,62%
2025-11-16T13:36:30.008719+07:00,Hồ Chí Minh,102,/dl/web/weather/ic-weather-04d.svg,3.4 km/h,58%
2025-11-16T14:23:20.245840+07:00,Hồ Chí Minh,88,/dl/web/weather/ic-weather-04d.svg,4.6 km/h,66%
2025-11-16T15:31:25.809361+07:00,Hồ Chí Minh,94,/dl/web/weather/ic-weather-04d.svg,10.4 km/h,83%
2025-11-16T16:24:36.886106+07:00,Hồ Chí Minh,86,/dl/web/weather/ic-weather-04d.svg,5.7 km/h,89%
2025-11-16T17:25:36.761394+07:00,Hồ Chí Minh,82,/dl/web/weather/ic-weather-04d.svg,2.3 km/h,94%
2025-11-16T18:19:32.929346+07:00,Hồ Chí Minh,90,/dl/web/weather/ic-weather-04n.svg,5.7 km/h,93%
2025-11-16T19:48:12.882104+07:00,Hồ Chí Minh,88,/dl/web/weather/ic-weather-04n.svg,4.6 km/h,94%
2025-11-16T20:29:01.530924+07:00,Hồ Chí Minh,89,/dl/web/weather/ic-weather-04n.svg,4.6 km/h,97%
2025-11-16T21:21:55.210513+07:00,Hồ Chí Minh,100,/dl/web/weather/ic-weather-04n.svg,3.4 km/h,97%
2025-11-16T22:23:30.149777+07:00,Hồ Chí Minh,103,/dl/web/weather/ic-weather-02n.svg,4.6 km/h,97%
2025-11-16T23:29:14.778948+07:00,Hồ Chí Minh,92,/dl/web/weather/ic-weather-04n.svg,6.9 km/h,97%
2025-11-17T00:20:56.695761+07:00,Hồ Chí Minh,89,/dl/web/weather/ic-weather-04n.svg,4.6 km/h,100%
2025-11-17T01:33:49.098621+07:00,Hồ Chí Minh,88,/dl/web/weather/ic-weather-03n.svg,4.6 km/h,100%
2025-11-17T02:19:18.177420+07:00,Hồ Chí Minh,91,/dl/web/weather/ic-weather-02n.svg,4.6 km/h,98%
2025-11-17T03:27:17.389813+07:00,Hồ Chí Minh,88,/dl/web/weather/ic-weather-04n.svg,4.6 km/h,99%
2025-11-17T04:22:06.477393+07:00,Hồ Chí Minh,92,/dl/web/weather/ic-weather-04n.svg,4.6 km/h,99%
2025-11-17T05:23:32.616416+07:00,Hồ Chí Minh,99,/dl/web/weather/ic-weather-03n.svg,3.4 km/h,98%
2025-11-17T06:23:21.806911+07:00,Hồ Chí Minh,99,/dl/web/weather/ic-weather-04d.svg,4.0 km/h,98%
2025-11-17T09:02:44.719112+07:00,Hồ Chí Minh,103,/dl/web/weather/ic-weather-04d.svg,4.6 km/h,96%
2025-11-17T10:51:44.368650+07:00,Hồ Chí Minh,65,/dl/web/weather/ic-weather-03d.svg,8.1 km/h,83%
2025-11-17T11:32:44.941400+07:00,Hồ Chí Minh,56,/dl/web/weather/ic-weather-04d.svg,8.1 km/h,78%
2025-11-17T12:27:47.250796+07:00,Hồ Chí Minh,55,/dl/web/weather/ic-weather-04d.svg,6.9 km/h,70%
2025-11-17T13:39:36.107972+07:00,Hồ Chí Minh,50,/dl/web/weather/ic-weather-03d.svg,10.4 km/h,66%
2025-11-17T14:26:32.346152+07:00,Hồ Chí Minh,36,/dl/web/weather/ic-weather-03d.svg,6.9 km/h,75%
2025-11-17T15:37:20.446976+07:00,Hồ Chí Minh,28,/dl/web/weather/ic-weather-04d.svg,6.9 km/h,77%
2025-11-17T16:32:14.746720+07:00,Hồ Chí Minh,33,/dl/web/weather/ic-weather-02d.svg,5.7 km/h,80%
2025-11-17T17:30:43.901568+07:00,Hồ Chí Minh,39,/dl/web/weather/ic-weather-04d.svg,5.7 km/h,83%
2025-11-17T18:23:23.782842+07:00,Hồ Chí Minh,52,/dl/web/weather/ic-weather-01n.svg,5.7 km/h,84%
2025-11-17T19:54:40.537124+07:00,Hồ Chí Minh,60,/dl/web/weather/ic-weather-01n.svg,5.7 km/h,83%
2025-11-17T20:37:09.443739+07:00,Hồ Chí Minh,68,/dl/web/weather/ic-weather-04n.svg,5.7 km/h,83%
2025-11-17T21:27:36.182441+07:00,Hồ Chí Minh,68,/dl/web/weather/ic-weather-04n.svg,10.4 km/h,78%
2025-11-17T22:30:02.010166+07:00,Hồ Chí Minh,56,/dl/web/weather/ic-weather-02n.svg,4.6 km/h,83%
2025-11-17T23:35:48.129433+07:00,Hồ Chí Minh,56,/dl/web/weather/ic-weather-03n.svg,3.4 km/h,89%
2025-11-18T00:25:41.625927+07:00,Hồ Chí Minh,60,/dl/web/weather/ic-weather-02n.svg,3.4 km/h,89%
2025-11-18T01:36:40.905814+07:00,Hồ Chí Minh,64,/dl/web/weather/ic-weather-01n.svg,4.6 km/h,89%
2025-11-18T02:21:27.279410+07:00,Hồ Chí Minh,75,/dl/web/weather/ic-weather-04n.svg,3.4 km/h,90%
2025-11-18T03:29:24.517812+07:00,Hồ Chí Minh,54,/dl/web/weather/ic-weather-50n.svg,4.6 km/h,93%
2025-11-18T04:24:34.050626+07:00,Hồ Chí Minh,68,/dl/web/weather/ic-weather-04n.svg,4.6 km/h,94%
2025-11-18T05:25:30.470448+07:00,Hồ Chí Minh,45,/dl/web/weather/ic-weather-04n.svg,5.7 km/h,91%
2025-11-18T06:24:11.524782+07:00,Hồ Chí Minh,25,/dl/web/weather/ic-weather-02d.svg,8.1 km/h,91%
2025-11-18T09:01:10.600664+07:00,Hồ Chí Minh,28,/dl/web/weather/ic-weather-04d.svg,4.6 km/h,82%
2025-11-18T10:47:54.480142+07:00,Hồ Chí Minh,27,/dl/web/weather/ic-weather-03d.svg,5.7 km/h,77%
2025-11-18T11:31:39.056333+07:00,Hồ Chí Minh,23,/dl/web/weather/ic-weather-04d.svg,4.6 km/h,76%
2025-11-18T12:26:34.486084+07:00,Hồ Chí Minh,22,/dl/web/weather/ic-weather-04d.svg,8.1 km/h,81%
2025-11-18T13:38:04.355322+07:00,Hồ Chí Minh,21,/dl/web/weather/ic-weather-04d.svg,6.9 km/h,73%
2025-11-18T14:25:43.336766+07:00,Hồ Chí Minh,27,/dl/web/weather/ic-weather-04d.svg,6.0 km/h,82%
2025-11-18T15:35:19.825848+07:00,Hồ Chí Minh,44,/dl/web/weather/ic-weather-03d.svg,6.9 km/h,83%
2025-11-18T16:29:32.116359+07:00,Hồ Chí Minh,36,/dl/web/weather/ic-weather-09d.svg,12.0 km/h,99%
2025-11-18T17:30:24.442676+07:00,Hồ Chí Minh,16,/dl/web/weather/ic-weather-04d.svg,5.7 km/h,99%
2025-11-18T18:24:10.439481+07:00,Hồ Chí Minh,21,/dl/web/weather/ic-weather-04n.svg,4.6 km/h,97%
2025-11-18T19:54:56.036484+07:00,Hồ Chí Minh,21,/dl/web/weather/ic-weather-04n.svg,4.6 km/h,94%
2025-11-18T20:36:51.920306+07:00,Hồ Chí Minh,23,/dl/web/weather/ic-weather-01n.svg,4.6 km/h,94%
2025-11-18T21:27:26.290540+07:00,Hồ Chí Minh,21,/dl/web/weather/ic-weather-01n.svg,4.6 km/h,94%
2025-11-18T22:29:49.434499+07:00,Hồ Chí Minh,23,/dl/web/weather/ic-weather-01n.svg,5.0 km/h,94%
2025-11-18T23:37:02.079818+07:00,Hồ Chí Minh,27,/dl/web/weather/ic-weather-01n.svg,3.0 km/h,95%
2025-11-19T00:25:00.211586+07:00,Hồ Chí Minh,32,/dl/web/weather/ic-weather-01n.svg,4.0 km/h,95%
2025-11-19T01:38:20.774618+07:00,Hồ Chí Minh,35,/dl/web/weather/ic-weather-01n.svg,2.0 km/h,94%
2025-11-19T02:21:08.929465+07:00,Hồ Chí Minh,39,/dl/web/weather/ic-weather-04n.svg,4.0 km/h,97%
2025-11-19T05:26:11.049716+07:00,Hồ Chí Minh,31,/dl/web/weather/ic-weather-01n.svg,6.0 km/h,98%
2025-11-19T06:24:02.342936+07:00,Hồ Chí Minh,39,/dl/web/weather/ic-weather-02d.svg,3.4 km/h,98%
2025-11-19T09:00:32.774769+07:00,Hồ Chí Minh,44,/dl/web/weather/ic-weather-01d.svg,5.7 km/h,90%
2025-11-19T10:18:24.167908+07:00,Hồ Chí Minh,27,/dl/web/weather/ic-weather-01d.svg,10.4 km/h,73%
2025-11-19T11:31:17.314413+07:00,Hồ Chí Minh,24,/dl/web/weather/ic-weather-01d.svg,9.2 km/h,68%
2025-11-19T12:27:23.404631+07:00,Hồ Chí Minh,17,/dl/web/weather/ic-weather-01d.svg,10.4 km/h,65%
2025-11-19T13:38:15.434814+07:00,Hồ Chí Minh,11,/dl/web/weather/ic-weather-02d.svg,8.1 km/h,58%
2025-11-19T14:25:38.324489+07:00,Hồ Chí Minh,11,/dl/web/weather/ic-weather-02d.svg,9.2 km/h,52%
2025-11-19T15:35:04.359092+07:00,Hồ Chí Minh,14,/dl/web/weather/ic-weather-03d.svg,8.1 km/h,55%
2025-11-19T16:29:40.936971+07:00,Hồ Chí Minh,14,/dl/web/weather/ic-weather-03d.svg,6.9 km/h,62%
2025-11-19T17:29:58.004873+07:00,Hồ Chí Minh,14,/dl/web/weather/ic-weather-04d.svg,10.4 km/h,62%
2025-11-19T18:23:15.683662+07:00,Hồ Chí Minh,18,/dl/web/weather/ic-weather-04n.svg,10.4 km/h,70%
2025-11-19T19:55:08.958854+07:00,Hồ Chí Minh,20,/dl/web/weather/ic-weather-04n.svg,8.1 km/h,74%
2025-11-19T20:36:43.141112+07:00,Hồ Chí Minh,20,/dl/web/weather/ic-weather-04n.svg,11.5 km/h,78%
2025-11-19T21:27:19.184909+07:00,Hồ Chí Minh,14,/dl/web/weather/ic-weather-01n.svg,10.4 km/h,78%
2025-11-19T22:28:02.430355+07:00,Hồ Chí Minh,11,/dl/web/weather/ic-weather-01n.svg,6.9 km/h,78%
2025-11-19T23:35:06.056419+07:00,Hồ Chí Minh,11,/dl/web/weather/ic-weather-01n.svg,6.9 km/h,78%
2025-11-20T00:23:54.025769+07:00,Hồ Chí Minh,11,/dl/web/weather/ic-weather-01n.svg,8.1 km/h,78%
2025-11-20T01:38:26.565565+07:00,Hồ Chí Minh,11,/dl/web/weather/ic-weather-01n.svg,5.7 km/h,83%
2025-11-20T02:21:48.292456+07:00,Hồ Chí Minh,11,/dl/web/weather/ic-weather-01n.svg,6.9 km/h,88%
2025-11-20T03:26:20.391277+07:00,Hồ Chí Minh,11,/dl/web/weather/ic-weather-01n.svg,6.0 km/h,86%
2025-11-20T04:20:23.085172+07:00,Hồ Chí Minh,44,/dl/web/weather/ic-weather-01n.svg,5.7 km/h,86%
2025-11-20T05:25:30.903537+07:00,Hồ Chí Minh,50,/dl/web/weather/ic-weather-01n.svg,5.7 km/h,86%
2025-11-20T06:24:30.066563+07:00,Hồ Chí Minh,55,/dl/web/weather/ic-weather-01d.svg,2.3 km/h,86%
2025-11-20T08:59:01.102698+07:00,Hồ Chí Minh,66,/dl/web/weather/ic-weather-01d.svg,4.6 km/h,80%
2025-11-20T10:16:14.595682+07:00,Hồ Chí Minh,69,/dl/web/weather/ic-weather-01d.svg,4.6 km/h,75%
2025-11-20T11:30:18.190943+07:00,Hồ Chí Minh,77,/dl/web/weather/ic-weather-01d.svg,6.9 km/h,75%
2025-11-20T12:26:55.794755+07:00,Hồ Chí Minh,94,/dl/web/weather/ic-weather-02d.svg,5.0 km/h,72%
2025-11-20T13:38:03.440429+07:00,Hồ Chí Minh,88,/dl/web/weather/ic-weather-04d.svg,6.0 km/h,71%
2025-11-20T14:26:00.201240+07:00,Hồ Chí Minh,69,/dl/web/weather/ic-weather-04d.svg,8.1 km/h,69%
2025-11-20T15:35:48.059601+07:00,Hồ Chí Minh,56,/dl/web/weather/ic-weather-04d.svg,8.1 km/h,68%
2025-11-20T16:28:27.585471+07:00,Hồ Chí Minh,50,/dl/web/weather/ic-weather-04d.svg,10.4 km/h,62%
2025-11-20T17:29:10.566869+07:00,Hồ Chí Minh,54,/dl/web/weather/ic-weather-04d.svg,9.2 km/h,65%
2025-11-20T18:23:19.629495+07:00,Hồ Chí Minh,56,/dl/web/weather/ic-weather-04n.svg,10.4 km/h,65%
2025-11-20T19:54:12.516340+07:00,Hồ Chí Minh,53,/dl/web/weather/ic-weather-04n.svg,9.2 km/h,69%
2025-11-20T20:35:17.106387+07:00,Hồ Chí Minh,56,/dl/web/weather/ic-weather-04n.svg,8.1 km/h,69%
2025-11-20T21:27:04.566862+07:00,Hồ Chí Minh,53,/dl/web/weather/ic-weather-03n.svg,9.2 km/h,69%
2025-11-20T22:28:41.106013+07:00,Hồ Chí Minh,50,/dl/web/weather/ic-weather-01n.svg,5.7 km/h,74%
2025-11-20T23:34:42.126692+07:00,Hồ Chí Minh,50,/dl/web/weather/ic-weather-03n.svg,6.9 km/h,73%
2025-11-21T00:20:37.602383+07:00,Hồ Chí Minh,47,/dl/web/weather/ic-weather-03n.svg,4.6 km/h,73%
2025-11-21T01:38:08.507413+07:00,Hồ Chí Minh,50,/dl/web/weather/ic-weather-01n.svg,4.6 km/h,73%
2025-11-21T02:21:37.457452+07:00,Hồ Chí Minh,53,/dl/web/weather/ic-weather-01n.svg,5.7 km/h,83%
2025-11-21T03:30:32.442310+07:00,Hồ Chí Minh,55,/dl/web/weather/ic-weather-01n.svg,6.9 km/h,85%
2025-11-21T04:24:02.989287+07:00,Hồ Chí Minh,54,/dl/web/weather/ic-weather-01n.svg,4.6 km/h,86%
2025-11-21T05:23:32.759832+07:00,Hồ Chí Minh,58,/dl/web/weather/ic-weather-10n.svg,5.7 km/h,86%
2025-11-21T06:24:28.660828+07:00,Hồ Chí Minh,63,/dl/web/weather/ic-weather-01d.svg,4.6 km/h,85%
2025-11-21T08:59:56.287221+07:00,Hồ Chí Minh,68,/dl/web/weather/ic-weather-02d.svg,5.7 km/h,82%
2025-11-21T10:17:12.334925+07:00,Hồ Chí Minh,75,/dl/web/weather/ic-weather-02d.svg,6.9 km/h,75%
2025-11-21T11:30:58.463590+07:00,Hồ Chí Minh,70,/dl/web/weather/ic-weather-02d.svg,5.7 km/h,74%
2025-11-21T12:27:01.356119+07:00,Hồ Chí Minh,71,/dl/web/weather/ic-weather-10d.svg,8.1 km/h,77%
2025-11-21T13:39:31.833079+07:00,Hồ Chí Minh,75,/dl/web/weather/ic-weather-03d.svg,8.1 km/h,77%
2025-11-21T14:26:22.884161+07:00,Hồ Chí Minh,60,/dl/web/weather/ic-weather-04d.svg,9.2 km/h,74%
2025-11-21T15:36:13.517787+07:00,Hồ Chí Minh,44,/dl/web/weather/ic-weather-02d.svg,8.1 km/h,71%
2025-11-21T16:28:18.473990+07:00,Hồ Chí Minh,47,/dl/web/weather/ic-weather-02d.svg,5.7 km/h,66%
2025-11-21T17:28:09.038622+07:00,Hồ Chí Minh,54,/dl/web/weather/ic-weather-04d.svg,6.9 km/h,66%
2025-11-21T18:22:02.223237+07:00,Hồ Chí Minh,68,/dl/web/weather/ic-weather-04n.svg,5.7 km/h,70%
2025-11-21T19:53:10.220358+07:00,Hồ Chí Minh,75,/dl/web/weather/ic-weather-04n.svg,4.6 km/h,70%
2025-11-21T20:33:31.823463+07:00,Hồ Chí Minh,53,/dl/web/weather/ic-weather-04n.svg,9.2 km/h,65%
2025-11-21T21:26:02.638484+07:00,Hồ Chí Minh,44,/dl/web/weather/ic-weather-04n.svg,8.1 km/h,65%
2025-11-21T22:23:51.745459+07:00,Hồ Chí Minh,44,/dl/web/weather/ic-weather-01n.svg,9.2 km/h,69%
2025-11-21T23:35:04.923492+07:00,Hồ Chí Minh,36,/dl/web/weather/ic-weather-01n.svg,8.1 km/h,69%
2025-11-22T00:23:33.478904+07:00,Hồ Chí Minh,33,/dl/web/weather/ic-weather-01n.svg,6.9 km/h,73%
2025-11-22T01:33:58.139654+07:00,Hồ Chí Minh,33,/dl/web/weather/ic-weather-01n.svg,6.9 km/h,73%
2025-11-22T02:21:38.746794+07:00,Hồ Chí Minh,33,/dl/web/weather/ic-weather-01n.svg,4.6 km/h,80%
2025-11-22T03:29:27.176694+07:00,Hồ Chí Minh,33,/dl/web/weather/ic-weather-01n.svg,6.9 km/h,80%
2025-11-22T04:23:22.041120+07:00,Hồ Chí Minh,44,/dl/web/weather/ic-weather-10n.svg,4.6 km/h,80%
2025-11-22T05:25:43.033205+07:00,Hồ Chí Minh,50,/dl/web/weather/ic-weather-01n.svg,5.7 km/h,80%
2025-11-22T06:24:15.936064+07:00,Hồ Chí Minh,53,/dl/web/weather/ic-weather-02d.svg,5.7 km/h,78%
2025-11-22T08:56:04.810855+07:00,Hồ Chí Minh,57,/dl/web/weather/ic-weather-01d.svg,4.6 km/h,81%
2025-11-22T10:10:28.787195+07:00,Hồ Chí Minh,61,/dl/web/weather/ic-weather-04d.svg,6.9 km/h,82%
2025-11-22T11:29:23.958589+07:00,Hồ Chí Minh,68,/dl/web/weather/ic-weather-04d.svg,5.7 km/h,77%
2025-11-22T12:24:35.207565+07:00,Hồ Chí Minh,66,/dl/web/weather/ic-weather-04d.svg,5.7 km/h,77%
2025-11-22T13:35:14.121440+07:00,Hồ Chí Minh,61,/dl/web/weather/ic-weather-04d.svg,6.9 km/h,76%
2025-11-22T14:23:07.411162+07:00,Hồ Chí Minh,60,/dl/web/weather/ic-weather-01d.svg,6.9 km/h,69%
2025-11-22T15:31:33.816429+07:00,Hồ Chí Minh,62,/dl/web/weather/ic-weather-01d.svg,4.6 km/h,65%
2025-11-22T16:25:10.942303+07:00,Hồ Chí Minh,63,/dl/web/weather/ic-weather-04d.svg,6.9 km/h,74%
2025-11-22T17:25:30.418948+07:00,Hồ Chí Minh,62,/dl/web/weather/ic-weather-01d.svg,8.1 km/h,76%
2025-11-22T18:19:24.755295+07:00,Hồ Chí Minh,71,/dl/web/weather/ic-weather-01n.svg,4.6 km/h,78%
2025-11-22T19:46:54.793623+07:00,Hồ Chí Minh,76,/dl/web/weather/ic-weather-10n.svg,5.7 km/h,78%
2025-11-22T20:28:23.060674+07:00,Hồ Chí Minh,66,/dl/web/weather/ic-weather-01n.svg,5.7 km/h,78%
2025-11-22T21:22:17.908804+07:00,Hồ Chí Minh,55,/dl/web/weather/ic-weather-01n.svg,4.6 km/h,83%
2025-11-22T22:23:38.205952+07:00,Hồ Chí Minh,54,/dl/web/weather/ic-weather-10n.svg,5.7 km/h,81%
2025-11-22T23:30:01.793152+07:00,Hồ Chí Minh,56,/dl/web/weather/ic-weather-01n.svg,4.6 km/h,82%
2025-11-23T00:20:58.106981+07:00,Hồ Chí Minh,61,/dl/web/weather/ic-weather-01n.svg,4.6 km/h,83%
2025-11-23T01:34:32.006156+07:00,Hồ Chí Minh,64,/dl/web/weather/ic-weather-10n.svg,3.4 km/h,84%
2025-11-23T02:19:28.274475+07:00,Hồ Chí Minh,66,/dl/web/weather/ic-weather-01n.svg,4.6 km/h,85%
2025-11-23T03:27:29.255277+07:00,Hồ Chí Minh,69,/dl/web/weather/ic-weather-01n.svg,3.0 km/h,86%
2025-11-23T04:22:15.886675+07:00,Hồ Chí Minh,73,/dl/web/weather/ic-weather-03n.svg,3.0 km/h,87%
2025-11-23T05:24:28.620818+07:00,Hồ Chí Minh,79,/dl/web/weather/ic-weather-01n.svg,3.4 km/h,89%
2025-11-23T06:24:11.123989+07:00,Hồ Chí Minh,83,/dl/web/weather/ic-weather-03d.svg,3.4 km/h,89%
2025-11-23T09:21:07.169239+07:00,Hồ Chí Minh,81,/dl/web/weather/ic-weather-01d.svg,3.4 km/h,80%
2025-11-23T10:59:50.342541+07:00,Hồ Chí Minh,107,/dl/web/weather/ic-weather-01d.svg,4.0 km/h,79%
2025-11-23T11:40:07.293871+07:00,Hồ Chí Minh,112,/dl/web/weather/ic-weather-01d.svg,3.4 km/h,72%
2025-11-23T12:25:44.904815+07:00,Hồ Chí Minh,93,/dl/web/weather/ic-weather-02d.svg,3.4 km/h,68%
2025-11-23T13:36:35.387871+07:00,Hồ Chí Minh,76,/dl/web/weather/ic-weather-03d.svg,4.0 km/h,68%
2025-11-23T14:24:18.939481+07:00,Hồ Chí Minh,72,/dl/web/weather/ic-weather-04d.svg,6.9 km/h,70%
2025-11-23T15:31:59.238766+07:00,Hồ Chí Minh,67,/dl/web/weather/ic-weather-03d.svg,6.9 km/h,70%
2025-11-23T16:25:05.734718+07:00,Hồ Chí Minh,66,/dl/web/weather/ic-weather-03d.svg,6.9 km/h,70%
2025-11-23T17:25:36.758484+07:00,Hồ Chí Minh,66,/dl/web/weather/ic-weather-03d.svg,8.1 km/h,62%
2025-11-23T18:20:06.935222+07:00,Hồ Chí Minh,66,/dl/web/weather/ic-weather-03n.svg,4.6 km/h,66%
2025-11-23T19:46:14.301040+07:00,Hồ Chí Minh,84,/dl/web/weather/ic-weather-03n.svg,3.4 km/h,74%
2025-11-23T20:28:15.473909+07:00,Hồ Chí Minh,99,/dl/web/weather/ic-weather-01n.svg,3.4 km/h,79%
2025-11-23T21:22:22.203952+07:00,Hồ Chí Minh,108,/dl/web/weather/ic-weather-03n.svg,2.3 km/h,79%
2025-11-23T22:23:32.302277+07:00,Hồ Chí Minh,99,/dl/web/weather/ic-weather-04n.svg,1.1 km/h,83%
2025-11-23T23:30:02.020773+07:00,Hồ Chí Minh,99,/dl/web/weather/ic-weather-04n.svg,3.4 km/h,89%
2025-11-24T00:21:29.632245+07:00,Hồ Chí Minh,97,/dl/web/weather/ic-weather-01n.svg,2.3 km/h,89%
2025-11-24T01:34:56.319690+07:00,Hồ Chí Minh,101,/dl/web/weather/ic-weather-01n.svg,2.3 km/h,94%
2025-11-24T02:20:17.851092+07:00,Hồ Chí Minh,96,/dl/web/weather/ic-weather-01n.svg,4.6 km/h,93%
2025-11-24T03:28:38.319918+07:00,Hồ Chí Minh,76,/dl/web/weather/ic-weather-01n.svg,2.3 km/h,94%
2025-11-24T04:22:50.520406+07:00,Hồ Chí Minh,77,/dl/web/weather/ic-weather-02n.svg,2.3 km/h,92%
2025-11-24T05:24:47.321565+07:00,Hồ Chí Minh,80,/dl/web/weather/ic-weather-01n.svg,3.4 km/h,92%
2025-11-24T06:23:50.740887+07:00,Hồ Chí Minh,87,/dl/web/weather/ic-weather-03d.svg,3.4 km/h,93%
2025-11-24T09:09:01.530002+07:00,Hồ Chí Minh,111,/dl/web/weather/ic-weather-01d.svg,4.6 km/h,79%
2025-11-24T10:59:27.044328+07:00,Hồ Chí Minh,89,/dl/web/weather/ic-weather-01d.svg,6.0 km/h,74%
2025-11-24T11:41:12.764173+07:00,Hồ Chí Minh,81,/dl/web/weather/ic-weather-02d.svg,4.6 km/h,66%
2025-11-24T12:28:42.945499+07:00,Hồ Chí Minh,81,/dl/web/weather/ic-weather-02d.svg,3.4 km/h,65%
2025-11-24T13:39:58.744656+07:00,Hồ Chí Minh,70,/dl/web/weather/ic-weather-02d.svg,2.3 km/h,65%
2025-11-24T14:26:22.122412+07:00,Hồ Chí Minh,63,/dl/web/weather/ic-weather-01d.svg,8.1 km/h,58%
2025-11-24T15:37:35.266552+07:00,Hồ Chí Minh,58,/dl/web/weather/ic-weather-01d.svg,9.2 km/h,58%
2025-11-24T16:32:52.360399+07:00,Hồ Chí Minh,58,/dl/web/weather/ic-weather-01d.svg,6.9 km/h,57%
2025-11-24T17:30:53.766370+07:00,Hồ Chí Minh,65,/dl/web/weather/ic-weather-01d.svg,6.9 km/h,77%
2025-11-24T18:24:06.258483+07:00,Hồ Chí Minh,73,/dl/web/weather/ic-weather-03n.svg,9.2 km/h,70%
2025-11-24T19:56:12.860438+07:00,Hồ Chí Minh,73,/dl/web/weather/ic-weather-04n.svg,9.2 km/h,91%
2025-11-24T20:38:48.199009+07:00,Hồ Chí Minh,68,/dl/web/weather/ic-weather-04n.svg,8.1 km/h,87%
2025-11-24T21:27:50.915665+07:00,Hồ Chí Minh,52,/dl/web/weather/ic-weather-04n.svg,3.4 km/h,94%
2025-11-24T22:30:43.013514+07:00,Hồ Chí Minh,53,/dl/web/weather/ic-weather-04n.svg,10.4 km/h,93%
2025-11-24T23:30:30.719567+07:00,Hồ Chí Minh,58,/dl/web/weather/ic-weather-01n.svg,2.3 km/h,91%
2025-11-25T00:25:51.428916+07:00,Hồ Chí Minh,66,/dl/web/weather/ic-weather-01n.svg,2.0 km/h,86%
2025-11-25T01:39:00.482184+07:00,Hồ Chí Minh,71,/dl/web/weather/ic-weather-01n.svg,2.3 km/h,88%
2025-11-25T02:19:25.572634+07:00,Hồ Chí Minh,81,/dl/web/weather/ic-weather-04n.svg,5.0 km/h,89%
2025-11-25T03:29:45.587028+07:00,Hồ Chí Minh,80,/dl/web/weather/ic-weather-01n.svg,3.4 km/h,88%
2025-11-25T04:25:34.636274+07:00,Hồ Chí Minh,69,/dl/web/weather/ic-weather-01n.svg,5.7 km/h,81%
2025-11-25T05:25:40.882222+07:00,Hồ Chí Minh,68,/dl/web/weather/ic-weather-01n.svg,3.4 km/h,88%
2025-11-25T06:24:50.735452+07:00,Hồ Chí Minh,64,/dl/web/weather/ic-weather-01d.svg,6.9 km/h,88%
2025-11-25T09:02:08.007670+07:00,Hồ Chí Minh,74,/dl/web/weather/ic-weather-01d.svg,6.9 km/h,76%
2025-11-25T10:51:47.661096+07:00,Hồ Chí Minh,73,/dl/web/weather/ic-weather-01d.svg,6.9 km/h,69%
2025-11-25T11:32:51.290125+07:00,Hồ Chí Minh,73,/dl/web/weather/ic-weather-01d.svg,8.0 km/h,66%
2025-11-25T12:27:48.671294+07:00,Hồ Chí Minh,67,/dl/web/weather/ic-weather-01d.svg,6.9 km/h,61%
2025-11-25T13:40:19.094000+07:00,Hồ Chí Minh,55,/dl/web/weather/ic-weather-01d.svg,8.1 km/h,60%
2025-11-25T14:26:13.298576+07:00,Hồ Chí Minh,49,/dl/web/weather/ic-weather-02d.svg,9.2 km/h,57%
2025-11-25T15:36:39.983750+07:00,Hồ Chí Minh,50,/dl/web/weather/ic-weather-03d.svg,9.2 km/h,58%
2025-11-25T16:30:52.016213+07:00,Hồ Chí Minh,53,/dl/web/weather/ic-weather-02d.svg,11.5 km/h,49%
2025-11-25T17:32:00.090733+07:00,Hồ Chí Minh,52,/dl/web/weather/ic-weather-02d.svg,13.8 km/h,48%
2025-11-25T18:24:18.426344+07:00,Hồ Chí Minh,56,/dl/web/weather/ic-weather-01n.svg,11.5 km/h,51%
2025-11-25T19:55:33.750591+07:00,Hồ Chí Minh,56,/dl/web/weather/ic-weather-01n.svg,9.2 km/h,54%
2025-11-25T20:38:53.695960+07:00,Hồ Chí Minh,56,/dl/web/weather/ic-weather-01n.svg,10.4 km/h,51%
2025-11-25T21:27:40.481991+07:00,Hồ Chí Minh,58,/dl/web/weather/ic-weather-01n.svg,9.2 km/h,51%
2025-11-25T22:29:57.027103+07:00,Hồ Chí Minh,64,/dl/web/weather/ic-weather-01n.svg,6.9 km/h,57%
2025-11-25T23:36:13.023513+07:00,Hồ Chí Minh,68,/dl/web/weather/ic-weather-01n.svg,10.4 km/h,61%
2025-11-26T00:26:10.292182+07:00,Hồ Chí Minh,71,/dl/web/weather/ic-weather-01n.svg,6.9 km/h,65%
2025-11-26T01:39:37.397269+07:00,Hồ Chí Minh,71,/dl/web/weather/ic-weather-01n.svg,5.7 km/h,65%
2025-11-26T02:22:49.554499+07:00,Hồ Chí Minh,77,/dl/web/weather/ic-weather-01n.svg,4.6 km/h,69%
2025-11-26T03:30:24.690100+07:00,Hồ Chí Minh,77,/dl/web/weather/ic-weather-01n.svg,5.7 km/h,69%
2025-11-26T04:25:01.852207+07:00,Hồ Chí Minh,80,/dl/web/weather/ic-weather-01n.svg,4.6 km/h,72%
2025-11-26T05:26:53.015199+07:00,Hồ Chí Minh,86,/dl/web/weather/ic-weather-01n.svg,5.7 km/h,68%
2025-11-26T06:24:23.600226+07:00,Hồ Chí Minh,101,/dl/web/weather/ic-weather-03d.svg,4.6 km/h,74%
2025-11-26T09:02:41.081507+07:00,Hồ Chí Minh,125,/dl/web/weather/ic-weather-01d.svg,5.7 km/h,73%
2025-11-26T10:50:45.331428+07:00,Hồ Chí Minh,107,/dl/web/weather/ic-weather-01d.svg,5.7 km/h,65%
2025-11-26T11:33:09.500299+07:00,Hồ Chí Minh,94,/dl/web/weather/ic-weather-01d.svg,8.1 km/h,64%
2025-11-26T12:27:05.681781+07:00,Hồ Chí Minh,86,/dl/web/weather/ic-weather-01d.svg,6.9 km/h,62%
2025-11-26T13:40:08.549925+07:00,Hồ Chí Minh,83,/dl/web/weather/ic-weather-02d.svg,6.9 km/h,60%
2025-11-26T14:25:40.644185+07:00,Hồ Chí Minh,79,/dl/web/weather/ic-weather-02d.svg,5.7 km/h,58%
2025-11-26T15:35:44.047613+07:00,Hồ Chí Minh,79,/dl/web/weather/ic-weather-02d.svg,9.2 km/h,59%
2025-11-26T16:30:20.717230+07:00,Hồ Chí Minh,78,/dl/web/weather/ic-weather-01d.svg,6.0 km/h,61%
2025-11-26T17:30:51.785843+07:00,Hồ Chí Minh,89,/dl/web/weather/ic-weather-01d.svg,8.1 km/h,51%
2025-11-26T18:23:45.719969+07:00,Hồ Chí Minh,97,/dl/web/weather/ic-weather-01n.svg,8.1 km/h,58%
2025-11-26T19:57:12.458558+07:00,Hồ Chí Minh,113,/dl/web/weather/ic-weather-01n.svg,6.9 km/h,61%
2025-11-26T20:40:03.127455+07:00,Hồ Chí Minh,104,/dl/web/weather/ic-weather-03n.svg,9.2 km/h,61%
2025-11-26T21:28:26.519370+07:00,Hồ Chí Minh,81,/dl/web/weather/ic-weather-02n.svg,9.2 km/h,61%
2025-11-26T22:27:14.603112+07:00,Hồ Chí Minh,80,/dl/web/weather/ic-weather-01n.svg,9.2 km/h,70%
2025-11-26T23:34:37.883644+07:00,Hồ Chí Minh,78,/dl/web/weather/ic-weather-01n.svg,8.1 km/h,72%
2025-11-27T00:24:49.271219+07:00,Hồ Chí Minh,80,/dl/web/weather/ic-weather-01n.svg,6.0 km/h,74%
2025-11-27T01:34:22.417867+07:00,Hồ Chí Minh,80,/dl/web/weather/ic-weather-01n.svg,6.9 km/h,75%
2025-11-27T02:20:42.758157+07:00,Hồ Chí Minh,80,/dl/web/weather/ic-weather-01n.svg,8.1 km/h,76%
2025-11-27T03:28:19.119721+07:00,Hồ Chí Minh,77,/dl/web/weather/ic-weather-01n.svg,6.9 km/h,77%
2025-11-27T04:23:08.693925+07:00,Hồ Chí Minh,79,/dl/web/weather/ic-weather-01n.svg,6.9 km/h,78%
2025-11-27T05:26:02.139734+07:00,Hồ Chí Minh,82,/dl/web/weather/ic-weather-01n.svg,5.7 km/h,80%
2025-11-27T06:24:43.162256+07:00,Hồ Chí Minh,94,/dl/web/weather/ic-weather-01d.svg,4.6 km/h,80%
2025-11-27T09:00:04.734712+07:00,Hồ Chí Minh,111,/dl/web/weather/ic-weather-01d.svg,5.7 km/h,78%
2025-11-27T10:18:29.218080+07:00,Hồ Chí Minh,91,/dl/web/weather/ic-weather-01d.svg,8.1 km/h,67%
2025-11-27T11:32:17.705605+07:00,Hồ Chí Minh,75,/dl/web/weather/ic-weather-01d.svg,10.4 km/h,65%
2025-11-27T12:28:05.421940+07:00,Hồ Chí Minh,73,/dl/web/weather/ic-weather-02d.svg,9.2 km/h,63%
2025-11-27T13:40:24.537802+07:00,Hồ Chí Minh,69,/dl/web/weather/ic-weather-02d.svg,9.2 km/h,62%
2025-11-27T14:27:28.008019+07:00,Hồ Chí Minh,63,/dl/web/weather/ic-weather-03d.svg,6.0 km/h,59%
2025-11-27T15:36:28.054588+07:00,Hồ Chí Minh,65,/dl/web/weather/ic-weather-03d.svg,6.9 km/h,58%
2025-11-27T16:29:53.237313+07:00,Hồ Chí Minh,69,/dl/web/weather/ic-weather-01d.svg,6.9 km/h,61%
2025-11-27T17:30:45.678964+07:00,Hồ Chí Minh,71,/dl/web/weather/ic-weather-01d.svg,10.4 km/h,54%
2025-11-27T18:23:41.138197+07:00,Hồ Chí Minh,69,/dl/web/weather/ic-weather-01n.svg,10.4 km/h,51%
2025-11-27T19:55:57.810328+07:00,Hồ Chí Minh,75,/dl/web/weather/ic-weather-01n.svg,10.4 km/h,54%
2025-11-27T20:37:17.907787+07:00,Hồ Chí Minh,80,/dl/web/weather/ic-weather-01n.svg,9.2 km/h,54%
2025-11-27T21:27:22.321691+07:00,Hồ Chí Minh,80,/dl/web/weather/ic-weather-01n.svg,8.1 km/h,54%
2025-11-27T22:27:56.887199+07:00,Hồ Chí Minh,81,/dl/web/weather/ic-weather-01n.svg,8.1 km/h,61%
2025-11-27T23:33:13.519743+07:00,Hồ Chí Minh,81,/dl/web/weather/ic-weather-01n.svg,8.1 km/h,61%
2025-11-28T00:23:10.048739+07:00,Hồ Chí Minh,86,/dl/web/weather/ic-weather-01n.svg,6.9 km/h,64%
2025-11-28T01:36:00.653921+07:00,Hồ Chí Minh,85,/dl/web/weather/ic-weather-01n.svg,8.1 km/h,60%
2025-11-28T02:20:37.965374+07:00,Hồ Chí Minh,79,/dl/web/weather/ic-weather-01n.svg,8.1 km/h,73%
2025-11-28T03:26:51.457865+07:00,Hồ Chí Minh,80,/dl/web/weather/ic-weather-01n.svg,9.2 km/h,71%
2025-11-28T04:23:12.219604+07:00,Hồ Chí Minh,83,/dl/web/weather/ic-weather-01n.svg,8.1 km/h,77%
2025-11-28T05:25:31.403987+07:00,Hồ Chí Minh,88,/dl/web/weather/ic-weather-01n.svg,8.1 km/h,76%
2025-11-28T06:24:18.888472+07:00,Hồ Chí Minh,90,/dl/web/weather/ic-weather-01d.svg,8.0 km/h,77%
2025-11-28T08:59:40.286439+07:00,Hồ Chí Minh,97,/dl/web/weather/ic-weather-01d.svg,6.9 km/h,72%
2025-11-28T10:17:54.822365+07:00,Hồ Chí Minh,103,/dl/web/weather/ic-weather-01d.svg,8.1 km/h,63%
2025-11-28T11:31:42.670071+07:00,Hồ Chí Minh,100,/dl/web/weather/ic-weather-01d.svg,9.2 km/h,61%
2025-11-28T12:27:54.610382+07:00,Hồ Chí Minh,101,/dl/web/weather/ic-weather-01d.svg,9.2 km/h,61%
2025-11-28T13:40:16.782708+07:00,Hồ Chí Minh,95,/dl/web/weather/ic-weather-01d.svg,5.7 km/h,62%
2025-11-28T14:26:33.775432+07:00,Hồ Chí Minh,91,/dl/web/weather/ic-weather-01d.svg,9.0 km/h,62%
2025-11-28T15:36:18.246438+07:00,Hồ Chí Minh,90,/dl/web/weather/ic-weather-01d.svg,5.7 km/h,62%
2025-11-28T16:28:02.061942+07:00,Hồ Chí Minh,89,/dl/web/weather/ic-weather-01d.svg,6.0 km/h,63%
2025-11-28T17:29:16.248201+07:00,Hồ Chí Minh,96,/dl/web/weather/ic-weather-01d.svg,4.6 km/h,63%
2025-11-28T18:22:58.225433+07:00,Hồ Chí Minh,106,/dl/web/weather/ic-weather-01n.svg,4.6 km/h,57%
2025-11-28T19:54:20.450375+07:00,Hồ Chí Minh,110,/dl/web/weather/ic-weather-01n.svg,5.7 km/h,54%
2025-11-28T20:35:22.049302+07:00,Hồ Chí Minh,93,/dl/web/weather/ic-weather-01n.svg,5.7 km/h,57%
2025-11-28T21:27:11.838358+07:00,Hồ Chí Minh,82,/dl/web/weather/ic-weather-01n.svg,8.1 km/h,65%
2025-11-28T22:26:57.174685+07:00,Hồ Chí Minh,75,/dl/web/weather/ic-weather-01n.svg,6.9 km/h,69%
2025-11-28T23:32:46.216478+07:00,Hồ Chí Minh,73,/dl/web/weather/ic-weather-01n.svg,8.1 km/h,65%
2025-11-29T00:23:25.105777+07:00,Hồ Chí Minh,73,/dl/web/weather/ic-weather-01n.svg,4.6 km/h,69%
2025-11-29T01:36:20.434848+07:00,Hồ Chí Minh,71,/dl/web/weather/ic-weather-01n.svg,4.6 km/h,73%
2025-11-29T02:21:38.274637+07:00,Hồ Chí Minh,71,/dl/web/weather/ic-weather-01n.svg,5.7 km/h,73%
2025-11-29T03:28:39.557377+07:00,Hồ Chí Minh,73,/dl/web/weather/ic-weather-01n.svg,6.9 km/h,79%
2025-11-29T04:22:30.858884+07:00,Hồ Chí Minh,77,/dl/web/weather/ic-weather-01n.svg,6.9 km/h,80%
2025-11-29T05:24:58.152690+07:00,Hồ Chí Minh,78,/dl/web/weather/ic-weather-01n.svg,4.6 km/h,83%
2025-11-29T06:24:09.782743+07:00,Hồ Chí Minh,77,/dl/web/weather/ic-weather-01d.svg,5.7 km/h,86%
2025-11-29T08:59:27.781219+07:00,Hồ Chí Minh,93,/dl/web/weather/ic-weather-01d.svg,7.0 km/h,81%
2025-11-29T10:18:06.717622+07:00,Hồ Chí Minh,105,/dl/web/weather/ic-weather-01d.svg,5.7 km/h,73%
2025-11-29T11:31:19.665238+07:00,Hồ Chí Minh,93,/dl/web/weather/ic-weather-01d.svg,8.1 km/h,67%
2025-11-29T12:26:36.700717+07:00,Hồ Chí Minh,85,/dl/web/weather/ic-weather-01d.svg,6.9 km/h,64%
2025-11-29T13:37:05.299622+07:00,Hồ Chí Minh,79,/dl/web/weather/ic-weather-01d.svg,6.9 km/h,61%
2025-11-29T14:24:14.604308+07:00,Hồ Chí Minh,73,/dl/web/weather/ic-weather-01d.svg,6.9 km/h,60%
2025-11-29T15:33:26.050841+07:00,Hồ Chí Minh,69,/dl/web/weather/ic-weather-01d.svg,6.9 km/h,60%
2025-11-29T16:26:13.415236+07:00,Hồ Chí Minh,71,/dl/web/weather/ic-weather-01d.svg,4.6 km/h,51%
2025-11-29T17:26:20.132726+07:00,Hồ Chí Minh,76,/dl/web/weather/ic-weather-01d.svg,6.9 km/h,51%
2025-11-29T18:20:44.934454+07:00,Hồ Chí Minh,91,/dl/web/weather/ic-weather-01n.svg,8.1 km/h,61%
2025-11-29T19:50:53.218568+07:00,Hồ Chí Minh,114,/dl/web/weather/ic-weather-01n.svg,9.2 km/h,65%
2025-11-29T20:31:32.628757+07:00,Hồ Chí Minh,110,/dl/web/weather/ic-weather-01n.svg,11.5 km/h,73%
2025-11-29T21:23:24.179111+07:00,Hồ Chí Minh,99,/dl/web/weather/ic-weather-01n.svg,9.2 km/h,75%
2025-11-29T22:24:30.245248+07:00,Hồ Chí Minh,97,/dl/web/weather/ic-weather-01n.svg,10.4 km/h,80%
2025-11-29T23:31:08.308409+07:00,Hồ Chí Minh,104,/dl/web/weather/ic-weather-01n.svg,8.1 km/h,82%
2025-11-30T00:22:21.389028+07:00,Hồ Chí Minh,116,/dl/web/weather/ic-weather-01n.svg,5.7 km/h,82%
2025-11-30T01:35:07.593776+07:00,Hồ Chí Minh,120,/dl/web/weather/ic-weather-01n.svg,4.6 km/h,83%
2025-11-30T02:20:43.209920+07:00,Hồ Chí Minh,122,/dl/web/weather/ic-weather-01n.svg,5.7 km/h,84%
2025-11-30T03:28:01.820948+07:00,Hồ Chí Minh,124,/dl/web/weather/ic-weather-01n.svg,6.9 km/h,85%
2025-11-30T04:23:02.546297+07:00,Hồ Chí Minh,122,/dl/web/weather/ic-weather-01n.svg,5.7 km/h,87%
2025-11-30T05:24:51.181482+07:00,Hồ Chí Minh,126,/dl/web/weather/ic-weather-01n.svg,4.6 km/h,87%
2025-11-30T06:24:30.563135+07:00,Hồ Chí Minh,127,/dl/web/weather/ic-weather-01d.svg,4.6 km/h,87%
2025-11-30T09:19:49.838852+07:00,Hồ Chí Minh,119,/dl/web/weather/ic-weather-01d.svg,8.1 km/h,76%
2025-11-30T11:00:15.969698+07:00,Hồ Chí Minh,118,/dl/web/weather/ic-weather-01d.svg,8.1 km/h,72%
2025-11-30T11:42:08.661860+07:00,Hồ Chí Minh,117,/dl/web/weather/ic-weather-01d.svg,3.4 km/h,68%
2025-11-30T12:27:08.546886+07:00,Hồ Chí Minh,105,/dl/web/weather/ic-weather-01d.svg,3.0 km/h,61%
2025-11-30T13:38:37.459492+07:00,Hồ Chí Minh,93,/dl/web/weather/ic-weather-02d.svg,6.9 km/h,60%
2025-11-30T14:23:37.869688+07:00,Hồ Chí Minh,81,/dl/web/weather/ic-weather-02d.svg,5.7 km/h,49%
2025-11-30T15:31:19.627443+07:00,Hồ Chí Minh,69,/dl/web/weather/ic-weather-02d.svg,8.1 km/h,52%
2025-11-30T16:24:59.244443+07:00,Hồ Chí Minh,66,/dl/web/weather/ic-weather-02d.svg,8.1 km/h,61%
2025-11-30T17:25:55.773437+07:00,Hồ Chí Minh,68,/dl/web/weather/ic-weather-01d.svg,9.2 km/h,55%
2025-11-30T18:20:28.911171+07:00,Hồ Chí Minh,76,/dl/web/weather/ic-weather-01n.svg,9.2 km/h,67%
2025-11-30T19:50:25.162611+07:00,Hồ Chí Minh,84,/dl/web/weather/ic-weather-01n.svg,8.1 km/h,71%
2025-11-30T20:31:10.579169+07:00,Hồ Chí Minh,103,/dl/web/weather/ic-weather-01n.svg,8.1 km/h,74%
2025-11-30T21:23:14.805812+07:00,Hồ Chí Minh,117,/dl/web/weather/ic-weather-01n.svg,6.9 km/h,73%
2025-11-30T22:24:31.327863+07:00,Hồ Chí Minh,116,/dl/web/weather/ic-weather-01n.svg,5.7 km/h,73%
2025-11-30T23:31:05.142873+07:00,Hồ Chí Minh,117,/dl/web/weather/ic-weather-01n.svg,5.7 km/h,76%
